### PARAMETERS OF THE TIME EVOLUTION ### 
Total time tau = 75
Timestep dt = 1
P = tau/dt = 75
Number of Fourier coefficients Nc = 75

gamma(t) = t/T*(delta_t + \sum_i^Nc gamma_i*f_i(wi, t) 
beta(t) = (1-t/T)*(delta_t + \sum_i^Nc beta_i*f_i(wi, t)

CRAB coefficient   Cz_start// Cx_start// Cxz_start // pulses//  Cz_opt // Cx_opt // Cxz_opt  
0.000000000000000000e+00 0.000000000000000000e+00 0.000000000000000000e+00 1.134633532474386364e+01 -1.527859548096659692e+00 8.178127036871178923e-01 0.000000000000000000e+00
0.000000000000000000e+00 0.000000000000000000e+00 0.000000000000000000e+00 1.704366730109263317e+00 3.915413718754952033e-01 1.605126332661029054e-01 0.000000000000000000e+00
0.000000000000000000e+00 0.000000000000000000e+00 0.000000000000000000e+00 7.935571910440213372e+00 -1.897382421821104614e+00 5.083345056993855415e-01 0.000000000000000000e+00
0.000000000000000000e+00 0.000000000000000000e+00 0.000000000000000000e+00 1.383519195310868355e+01 8.698494130835900118e-02 -5.599385227557385214e-02 0.000000000000000000e+00
0.000000000000000000e+00 0.000000000000000000e+00 0.000000000000000000e+00 1.319472655241058945e+00 -1.209818409111485638e+00 -5.351930529930457592e-01 0.000000000000000000e+00
0.000000000000000000e+00 0.000000000000000000e+00 0.000000000000000000e+00 9.462810409289217350e-01 -6.253152760218587680e-01 -3.368701427000199145e-01 0.000000000000000000e+00
0.000000000000000000e+00 0.000000000000000000e+00 0.000000000000000000e+00 6.067580055167837161e-01 7.767454042226703548e-01 3.078944300981160676e-01 0.000000000000000000e+00
0.000000000000000000e+00 0.000000000000000000e+00 0.000000000000000000e+00 1.190970777859872776e+01 7.759863372857966901e-01 -3.842709596817984186e-01 0.000000000000000000e+00
0.000000000000000000e+00 0.000000000000000000e+00 0.000000000000000000e+00 1.649771781250332126e+01 2.707476807091173301e-03 8.603339946280401038e-03 0.000000000000000000e+00
0.000000000000000000e+00 0.000000000000000000e+00 0.000000000000000000e+00 1.830636190999055390e+00 1.026945592305848587e+00 3.827114014353533156e-01 0.000000000000000000e+00
0.000000000000000000e+00 0.000000000000000000e+00 0.000000000000000000e+00 2.246610819310641549e+00 1.375555743183760171e+00 2.818755693082750091e-01 0.000000000000000000e+00
0.000000000000000000e+00 0.000000000000000000e+00 0.000000000000000000e+00 2.866035017077738889e+00 -1.897678524918257503e+00 -7.116438473290667144e-01 0.000000000000000000e+00
0.000000000000000000e+00 0.000000000000000000e+00 0.000000000000000000e+00 8.060863661221439713e+00 -3.513535584513150400e+00 1.906602170734426283e+00 0.000000000000000000e+00
0.000000000000000000e+00 0.000000000000000000e+00 0.000000000000000000e+00 1.291989363327908613e+01 -1.706749329964891981e-01 1.452779331263045759e-01 0.000000000000000000e+00
0.000000000000000000e+00 0.000000000000000000e+00 0.000000000000000000e+00 5.494604931600242992e+00 2.086382389729538822e+00 9.452416608519287333e-01 0.000000000000000000e+00
0.000000000000000000e+00 0.000000000000000000e+00 0.000000000000000000e+00 1.318598655652466922e+00 -1.211213343479321747e+00 -5.359769769056872413e-01 0.000000000000000000e+00
0.000000000000000000e+00 0.000000000000000000e+00 0.000000000000000000e+00 2.782320983092304356e+00 -1.633689525152071109e+00 -7.160246608299162263e-01 0.000000000000000000e+00
0.000000000000000000e+00 0.000000000000000000e+00 0.000000000000000000e+00 1.055503554009125899e+01 2.177189279719741855e+00 -2.328439901845421822e+00 0.000000000000000000e+00
0.000000000000000000e+00 0.000000000000000000e+00 0.000000000000000000e+00 6.766578024265531788e+00 -1.458050367858095608e+00 7.033087891277824966e-01 0.000000000000000000e+00
0.000000000000000000e+00 0.000000000000000000e+00 0.000000000000000000e+00 1.042838780734831694e+01 4.364931096847730618e-01 1.520928331030771075e+00 0.000000000000000000e+00
0.000000000000000000e+00 0.000000000000000000e+00 0.000000000000000000e+00 7.643832104272470396e+00 2.409908266894235318e+00 -1.485480303013980707e+00 0.000000000000000000e+00
0.000000000000000000e+00 0.000000000000000000e+00 0.000000000000000000e+00 1.502768886007933791e+00 -6.404365773796728556e-01 -2.623438155723418763e-01 0.000000000000000000e+00
0.000000000000000000e+00 0.000000000000000000e+00 0.000000000000000000e+00 2.472881934801605563e+00 1.970061889657857279e-01 -2.289807412264497632e-01 0.000000000000000000e+00
0.000000000000000000e+00 0.000000000000000000e+00 0.000000000000000000e+00 3.662305040081526464e+00 2.528682504997904701e+00 6.886075430277132092e-01 0.000000000000000000e+00
0.000000000000000000e+00 0.000000000000000000e+00 0.000000000000000000e+00 1.618988788107288634e+00 -6.796804343127205161e-02 -1.947027622400447633e-02 0.000000000000000000e+00
0.000000000000000000e+00 0.000000000000000000e+00 0.000000000000000000e+00 3.143803634516657119e+00 -1.492612085485488072e+00 -2.453014668090305050e-01 0.000000000000000000e+00
0.000000000000000000e+00 0.000000000000000000e+00 0.000000000000000000e+00 1.185467286150138744e+00 -1.260625978889386101e+00 -5.851571909000770066e-01 0.000000000000000000e+00
0.000000000000000000e+00 0.000000000000000000e+00 0.000000000000000000e+00 8.103197254057221688e-01 -2.983660480105011434e-02 -7.219912677944717583e-02 0.000000000000000000e+00
0.000000000000000000e+00 0.000000000000000000e+00 0.000000000000000000e+00 4.055062614024016021e+00 2.772535216064706542e+00 -2.646538739058025280e-01 0.000000000000000000e+00
0.000000000000000000e+00 0.000000000000000000e+00 0.000000000000000000e+00 1.438192812078164451e+01 -3.210781226877582051e-02 4.918110250707802972e-02 0.000000000000000000e+00
0.000000000000000000e+00 0.000000000000000000e+00 0.000000000000000000e+00 1.259413500929490892e+00 -1.273289952606849518e+00 -5.753678566066101618e-01 0.000000000000000000e+00
0.000000000000000000e+00 0.000000000000000000e+00 0.000000000000000000e+00 3.443883354693988874e+00 7.938157034960703351e-01 5.178182957497756700e-01 0.000000000000000000e+00
0.000000000000000000e+00 0.000000000000000000e+00 0.000000000000000000e+00 6.800209828798894129e+00 -1.103233115235139561e+00 7.514004760737275079e-01 0.000000000000000000e+00
0.000000000000000000e+00 0.000000000000000000e+00 0.000000000000000000e+00 2.224447897748680902e-01 8.263630972872079150e-01 3.689570568532534178e-01 0.000000000000000000e+00
0.000000000000000000e+00 0.000000000000000000e+00 0.000000000000000000e+00 5.994118298769211428e+00 5.789273094134794739e-01 -8.551163390351896876e-01 0.000000000000000000e+00
0.000000000000000000e+00 0.000000000000000000e+00 0.000000000000000000e+00 1.947378766668443673e+00 1.459577098727638411e+00 4.996473788261409643e-01 0.000000000000000000e+00
0.000000000000000000e+00 0.000000000000000000e+00 0.000000000000000000e+00 2.306081659465191613e+00 1.138399276914290326e+00 1.617359155281438976e-01 0.000000000000000000e+00
0.000000000000000000e+00 0.000000000000000000e+00 0.000000000000000000e+00 5.113501413789359740e-01 1.004513156230105064e+00 4.225426933026808496e-01 0.000000000000000000e+00
0.000000000000000000e+00 0.000000000000000000e+00 0.000000000000000000e+00 4.655315139561039928e+00 -2.076890150413097658e+00 -9.890336459751369880e-01 0.000000000000000000e+00
0.000000000000000000e+00 0.000000000000000000e+00 0.000000000000000000e+00 7.136998372561793147e+00 2.911392214662021249e+00 9.423437588224647943e-02 0.000000000000000000e+00
0.000000000000000000e+00 0.000000000000000000e+00 0.000000000000000000e+00 5.974779609010541392e+00 7.601972671681032079e-01 -8.076028187543147219e-01 0.000000000000000000e+00
0.000000000000000000e+00 0.000000000000000000e+00 0.000000000000000000e+00 2.534891485932868171e+00 -2.098107733833135535e-01 -3.707200597224918348e-01 0.000000000000000000e+00
0.000000000000000000e+00 0.000000000000000000e+00 0.000000000000000000e+00 6.032273639301211965e+00 2.093406440063819152e-01 -9.333630300127414570e-01 0.000000000000000000e+00
0.000000000000000000e+00 0.000000000000000000e+00 0.000000000000000000e+00 1.961957878907413688e+00 1.498197496533928863e+00 5.066483654362287092e-01 0.000000000000000000e+00
0.000000000000000000e+00 0.000000000000000000e+00 0.000000000000000000e+00 1.861375088973488967e-01 7.183329122001866907e-01 3.216563762740661803e-01 0.000000000000000000e+00
0.000000000000000000e+00 0.000000000000000000e+00 0.000000000000000000e+00 6.729950402211227534e+00 -1.810058514336217783e+00 6.300021654286207529e-01 0.000000000000000000e+00
0.000000000000000000e+00 0.000000000000000000e+00 0.000000000000000000e+00 7.736151722369247530e+00 1.153973688264289255e+00 -1.131849803280188915e+00 0.000000000000000000e+00
0.000000000000000000e+00 0.000000000000000000e+00 0.000000000000000000e+00 7.681672043051229082e+00 1.922611915274366146e+00 -1.374641217562788897e+00 0.000000000000000000e+00
0.000000000000000000e+00 0.000000000000000000e+00 0.000000000000000000e+00 3.450040447385007258e+00 8.485078799681067263e-01 5.292554036609476986e-01 0.000000000000000000e+00
0.000000000000000000e+00 0.000000000000000000e+00 0.000000000000000000e+00 8.978373832087725992e-01 -4.209139325409809729e-01 -2.477323307428938026e-01 0.000000000000000000e+00
0.000000000000000000e+00 0.000000000000000000e+00 0.000000000000000000e+00 6.036344691781756033e+00 1.691978913579658683e-01 -9.404397521414931127e-01 0.000000000000000000e+00
0.000000000000000000e+00 0.000000000000000000e+00 0.000000000000000000e+00 9.973124585075254345e+00 -2.770352769055194564e+00 7.916540221311089143e-01 0.000000000000000000e+00
0.000000000000000000e+00 0.000000000000000000e+00 0.000000000000000000e+00 2.628702190419208051e+00 -8.192449380604198694e-01 -5.539222498159084296e-01 0.000000000000000000e+00
0.000000000000000000e+00 0.000000000000000000e+00 0.000000000000000000e+00 8.081066647734296282e+00 -3.721378093155352396e+00 2.134931018225672439e+00 0.000000000000000000e+00
0.000000000000000000e+00 0.000000000000000000e+00 0.000000000000000000e+00 1.784955110382124843e+01 9.658102834723282905e-04 2.966265638342560282e-03 0.000000000000000000e+00
0.000000000000000000e+00 0.000000000000000000e+00 0.000000000000000000e+00 4.469901504597462605e+00 -7.848310687666375518e-01 -1.238680090147909585e+00 0.000000000000000000e+00
0.000000000000000000e+00 0.000000000000000000e+00 0.000000000000000000e+00 4.943160107029894945e+00 -2.079907027391964647e+00 1.105236080815568123e-01 0.000000000000000000e+00
0.000000000000000000e+00 0.000000000000000000e+00 0.000000000000000000e+00 7.180139369938227212e+00 3.309623553316113131e+00 -1.132985491028852404e-01 0.000000000000000000e+00
0.000000000000000000e+00 0.000000000000000000e+00 0.000000000000000000e+00 5.206145317505289860e+00 -1.421329292179045467e-01 1.017183096740011283e+00 0.000000000000000000e+00
0.000000000000000000e+00 0.000000000000000000e+00 0.000000000000000000e+00 2.419809517480928651e+00 5.295897880008034742e-01 -1.020012358453990520e-01 0.000000000000000000e+00
0.000000000000000000e+00 0.000000000000000000e+00 0.000000000000000000e+00 5.106965111525492595e+00 -1.004025950622027707e+00 7.524367966076388470e-01 0.000000000000000000e+00
0.000000000000000000e+00 0.000000000000000000e+00 0.000000000000000000e+00 1.115052633380486241e-01 4.550422395631876782e-01 2.046100689876223511e-01 0.000000000000000000e+00
0.000000000000000000e+00 0.000000000000000000e+00 0.000000000000000000e+00 1.650131210086825284e+00 9.872164157731491696e-02 4.737573251113282036e-02 0.000000000000000000e+00
0.000000000000000000e+00 0.000000000000000000e+00 0.000000000000000000e+00 3.229134234161185724e+00 -9.782923692841639651e-01 -1.449789599687039202e-02 0.000000000000000000e+00
0.000000000000000000e+00 0.000000000000000000e+00 0.000000000000000000e+00 6.741075636625383005e+00 -1.707254140111767571e+00 6.544503209210080774e-01 0.000000000000000000e+00
0.000000000000000000e+00 0.000000000000000000e+00 0.000000000000000000e+00 7.786182445831485666e+00 3.992207132272869163e-01 -8.241365293603606368e-01 0.000000000000000000e+00
0.000000000000000000e+00 0.000000000000000000e+00 0.000000000000000000e+00 7.278166865412903919e-01 3.316607538259163657e-01 9.497290713282961760e-02 0.000000000000000000e+00
0.000000000000000000e+00 0.000000000000000000e+00 0.000000000000000000e+00 5.578511887423889259e-01 9.096166313180302776e-01 3.738584294550040266e-01 0.000000000000000000e+00
0.000000000000000000e+00 0.000000000000000000e+00 0.000000000000000000e+00 5.643716910125739616e+00 2.470771341908861274e+00 4.545346743345518026e-01 0.000000000000000000e+00
0.000000000000000000e+00 0.000000000000000000e+00 0.000000000000000000e+00 3.215235222760709277e+00 -1.072383273299440054e+00 -5.291147832823969721e-02 0.000000000000000000e+00
0.000000000000000000e+00 0.000000000000000000e+00 0.000000000000000000e+00 8.823858708185902344e+00 2.748049925050576103e+00 -1.679470251450298379e+00 0.000000000000000000e+00
0.000000000000000000e+00 0.000000000000000000e+00 0.000000000000000000e+00 8.738756558521389550e+00 1.138749810402458928e+00 3.756332391126079306e-01 0.000000000000000000e+00
0.000000000000000000e+00 0.000000000000000000e+00 0.000000000000000000e+00 6.594252389666839242e+00 -2.722773442624307982e+00 2.107117863595854845e-01 0.000000000000000000e+00
0.000000000000000000e+00 0.000000000000000000e+00 0.000000000000000000e+00 8.605497993230059040e-01 -2.560046972774504548e-01 -1.744349186357253556e-01 0.000000000000000000e+00
0.000000000000000000e+00 0.000000000000000000e+00 0.000000000000000000e+00 7.772788366587100040e-01 1.178690674358149476e-01 -4.445737727970668074e-03 0.000000000000000000e+00

Amplitudes vs time: t // theta_tt_old // theta_mt_old // alpha_cdt_old// theta_tt_opt // theta_mt_opt// alpha_cdt_opt  
0.000000000000000000e+00 6.666666666666667095e-03 9.933333333333332904e-01 0.000000000000000000e+00 8.169569908107032763e-02 7.416921974245438420e-01 0.000000000000000000e+00
1.000000000000000000e+00 2.000000000000000042e-02 9.799999999999999822e-01 0.000000000000000000e+00 2.304859947070806436e-01 7.185336148835884673e-01 0.000000000000000000e+00
2.000000000000000000e+00 3.333333333333333287e-02 9.666666666666666741e-01 0.000000000000000000e+00 3.488508656135322350e-01 7.084320650486167770e-01 0.000000000000000000e+00
3.000000000000000000e+00 4.666666666666666879e-02 9.533333333333333659e-01 0.000000000000000000e+00 4.334102885516054604e-01 6.986383924371890597e-01 0.000000000000000000e+00
4.000000000000000000e+00 5.999999999999999778e-02 9.399999999999999467e-01 0.000000000000000000e+00 4.878967672085138263e-01 6.845162611851741685e-01 0.000000000000000000e+00
5.000000000000000000e+00 7.333333333333333370e-02 9.266666666666666385e-01 0.000000000000000000e+00 5.193427928041451924e-01 6.664677750571603720e-01 0.000000000000000000e+00
6.000000000000000000e+00 8.666666666666666963e-02 9.133333333333333304e-01 0.000000000000000000e+00 5.354352823908063996e-01 6.472011184749911772e-01 0.000000000000000000e+00
7.000000000000000000e+00 1.000000000000000056e-01 9.000000000000000222e-01 0.000000000000000000e+00 5.430280994709046904e-01 6.298154036426625302e-01 0.000000000000000000e+00
8.000000000000000000e+00 1.133333333333333276e-01 8.866666666666667140e-01 0.000000000000000000e+00 5.475182339408494192e-01 6.167521510701551302e-01 0.000000000000000000e+00
9.000000000000000000e+00 1.266666666666666774e-01 8.733333333333332948e-01 0.000000000000000000e+00 5.527212490094951525e-01 6.094158201270354347e-01 0.000000000000000000e+00
1.000000000000000000e+01 1.400000000000000133e-01 8.599999999999999867e-01 0.000000000000000000e+00 5.609628591191136993e-01 6.081909615488578780e-01 0.000000000000000000e+00
1.100000000000000000e+01 1.533333333333333215e-01 8.466666666666666785e-01 0.000000000000000000e+00 5.732425176847558701e-01 6.126284830773167656e-01 0.000000000000000000e+00
1.200000000000000000e+01 1.666666666666666574e-01 8.333333333333333703e-01 0.000000000000000000e+00 5.894407868297997233e-01 6.216702821727563277e-01 0.000000000000000000e+00
1.300000000000000000e+01 1.799999999999999933e-01 8.200000000000000622e-01 0.000000000000000000e+00 6.085928420692335861e-01 6.338710028652206896e-01 0.000000000000000000e+00
1.400000000000000000e+01 1.933333333333333293e-01 8.066666666666666430e-01 0.000000000000000000e+00 6.292369958911854244e-01 6.476230152340570756e-01 0.000000000000000000e+00
1.500000000000000000e+01 2.066666666666666652e-01 7.933333333333333348e-01 0.000000000000000000e+00 6.498010434332449625e-01 6.613904585927953272e-01 0.000000000000000000e+00
1.600000000000000000e+01 2.200000000000000011e-01 7.800000000000000266e-01 0.000000000000000000e+00 6.689501031016531485e-01 6.739294167313711892e-01 0.000000000000000000e+00
1.700000000000000000e+01 2.333333333333333370e-01 7.666666666666666075e-01 0.000000000000000000e+00 6.858149147412572200e-01 6.844443637581523188e-01 0.000000000000000000e+00
1.800000000000000000e+01 2.466666666666666730e-01 7.533333333333332993e-01 0.000000000000000000e+00 7.000539768899667337e-01 6.926308780383486630e-01 0.000000000000000000e+00
1.900000000000000000e+01 2.600000000000000089e-01 7.399999999999999911e-01 0.000000000000000000e+00 7.117597729287740149e-01 6.985877121635786224e-01 0.000000000000000000e+00
2.000000000000000000e+01 2.733333333333333171e-01 7.266666666666666829e-01 0.000000000000000000e+00 7.212713098268562772e-01 7.026323796359889018e-01 0.000000000000000000e+00
2.100000000000000000e+01 2.866666666666666807e-01 7.133333333333333748e-01 0.000000000000000000e+00 7.289784055629565662e-01 7.050952375675673123e-01 0.000000000000000000e+00
2.200000000000000000e+01 2.999999999999999889e-01 6.999999999999999556e-01 0.000000000000000000e+00 7.351883488393191612e-01 7.061727990453727788e-01 0.000000000000000000e+00
2.300000000000000000e+01 3.133333333333333526e-01 6.866666666666666474e-01 0.000000000000000000e+00 7.400817353668172061e-01 7.058856018349595196e-01 0.000000000000000000e+00
2.400000000000000000e+01 3.266666666666666607e-01 6.733333333333333393e-01 0.000000000000000000e+00 7.437339706665651029e-01 7.041272375362024327e-01 0.000000000000000000e+00
2.500000000000000000e+01 3.400000000000000244e-01 6.599999999999999201e-01 0.000000000000000000e+00 7.461473484141833978e-01 7.007422377487826370e-01 0.000000000000000000e+00
2.600000000000000000e+01 3.533333333333333326e-01 6.466666666666667229e-01 0.000000000000000000e+00 7.472417575860323957e-01 6.955612847877152838e-01 0.000000000000000000e+00
2.700000000000000000e+01 3.666666666666666408e-01 6.333333333333333037e-01 0.000000000000000000e+00 7.467888010823554579e-01 6.883609759616763357e-01 0.000000000000000000e+00
2.800000000000000000e+01 3.800000000000000044e-01 6.199999999999999956e-01 0.000000000000000000e+00 7.443259149858797441e-01 6.787817357979593069e-01 0.000000000000000000e+00
2.900000000000000000e+01 3.933333333333333126e-01 6.066666666666666874e-01 0.000000000000000000e+00 7.391259715307874067e-01 6.662915905233804947e-01 0.000000000000000000e+00
3.000000000000000000e+01 4.066666666666666763e-01 5.933333333333332682e-01 0.000000000000000000e+00 7.302993223582079363e-01 6.502877876115034095e-01 0.000000000000000000e+00
3.100000000000000000e+01 4.199999999999999845e-01 5.800000000000000711e-01 0.000000000000000000e+00 7.170607669525586036e-01 6.303699566874743088e-01 0.000000000000000000e+00
3.200000000000000000e+01 4.333333333333333481e-01 5.666666666666666519e-01 0.000000000000000000e+00 6.991171652547993887e-01 6.067204399812653470e-01 0.000000000000000000e+00
3.300000000000000000e+01 4.466666666666666563e-01 5.533333333333333437e-01 0.000000000000000000e+00 6.770544974622758616e-01 5.804391414526968163e-01 0.000000000000000000e+00
3.400000000000000000e+01 4.600000000000000200e-01 5.400000000000000355e-01 0.000000000000000000e+00 6.525637995326813989e-01 5.536533977467447132e-01 0.000000000000000000e+00
3.500000000000000000e+01 4.733333333333333282e-01 5.266666666666666163e-01 0.000000000000000000e+00 6.283696158991793901e-01 5.292833923452915368e-01 0.000000000000000000e+00
3.600000000000000000e+01 4.866666666666666918e-01 5.133333333333333082e-01 0.000000000000000000e+00 6.078129760109179935e-01 5.104732257345272473e-01 0.000000000000000000e+00
3.700000000000000000e+01 5.000000000000000000e-01 5.000000000000000000e-01 0.000000000000000000e+00 5.941649270772008107e-01 4.998420114854997265e-01 0.000000000000000000e+00
3.800000000000000000e+01 5.133333333333333082e-01 4.866666666666666918e-01 0.000000000000000000e+00 5.898583063667499626e-01 4.988011048121636093e-01 0.000000000000000000e+00
3.900000000000000000e+01 5.266666666666666163e-01 4.733333333333333837e-01 0.000000000000000000e+00 5.958766613651753641e-01 5.071765224951636508e-01 0.000000000000000000e+00
4.000000000000000000e+01 5.400000000000000355e-01 4.599999999999999645e-01 0.000000000000000000e+00 6.115033727631461469e-01 5.232684100611442179e-01 0.000000000000000000e+00
4.100000000000000000e+01 5.533333333333333437e-01 4.466666666666666563e-01 0.000000000000000000e+00 6.345193623182583398e-01 5.443175539761140325e-01 0.000000000000000000e+00
4.200000000000000000e+01 5.666666666666666519e-01 4.333333333333333481e-01 0.000000000000000000e+00 6.617861620320021343e-01 5.672032920313170301e-01 0.000000000000000000e+00
4.300000000000000000e+01 5.799999999999999600e-01 4.200000000000000400e-01 0.000000000000000000e+00 6.900215919042089752e-01 5.891297841742024755e-01 0.000000000000000000e+00
4.400000000000000000e+01 5.933333333333333792e-01 4.066666666666666208e-01 0.000000000000000000e+00 7.165189787620260820e-01 6.080922565761656129e-01 0.000000000000000000e+00
4.500000000000000000e+01 6.066666666666666874e-01 3.933333333333333126e-01 0.000000000000000000e+00 7.395986740143807303e-01 6.230273275245427067e-01 0.000000000000000000e+00
4.600000000000000000e+01 6.199999999999999956e-01 3.800000000000000044e-01 0.000000000000000000e+00 7.586940421599146500e-01 6.336841265186070604e-01 0.000000000000000000e+00
4.700000000000000000e+01 6.333333333333333037e-01 3.666666666666666963e-01 0.000000000000000000e+00 7.741135052592964527e-01 6.403447440634282284e-01 0.000000000000000000e+00
4.800000000000000000e+01 6.466666666666666119e-01 3.533333333333333881e-01 0.000000000000000000e+00 7.866274971842530661e-01 6.435395828912442440e-01 0.000000000000000000e+00
4.900000000000000000e+01 6.600000000000000311e-01 3.399999999999999689e-01 0.000000000000000000e+00 7.970636766419623154e-01 6.438523456876841244e-01 0.000000000000000000e+00
5.000000000000000000e+01 6.733333333333333393e-01 3.266666666666666607e-01 0.000000000000000000e+00 8.060496970985155940e-01 6.418302449113607588e-01 0.000000000000000000e+00
5.100000000000000000e+01 6.866666666666666474e-01 3.133333333333333526e-01 0.000000000000000000e+00 8.139497767739127809e-01 6.379549345441769548e-01 0.000000000000000000e+00
5.200000000000000000e+01 6.999999999999999556e-01 3.000000000000000444e-01 0.000000000000000000e+00 8.209478078294912828e-01 6.326171248761360832e-01 0.000000000000000000e+00
5.300000000000000000e+01 7.133333333333333748e-01 2.866666666666666252e-01 0.000000000000000000e+00 8.271787139714525949e-01 6.260687634900555798e-01 0.000000000000000000e+00
5.400000000000000000e+01 7.266666666666666829e-01 2.733333333333333171e-01 0.000000000000000000e+00 8.328180256251294100e-01 6.183706941450682892e-01 0.000000000000000000e+00
5.500000000000000000e+01 7.399999999999999911e-01 2.600000000000000089e-01 0.000000000000000000e+00 8.380918245327534377e-01 6.093757135674142678e-01 0.000000000000000000e+00
5.600000000000000000e+01 7.533333333333332993e-01 2.466666666666667007e-01 0.000000000000000000e+00 8.432287500990087725e-01 5.987702416624418600e-01 0.000000000000000000e+00
5.700000000000000000e+01 7.666666666666667185e-01 2.333333333333332815e-01 0.000000000000000000e+00 8.484066133543716193e-01 5.861548565042001835e-01 0.000000000000000000e+00
5.800000000000000000e+01 7.800000000000000266e-01 2.199999999999999734e-01 0.000000000000000000e+00 8.537332536115443959e-01 5.711079753103563972e-01 0.000000000000000000e+00
5.900000000000000000e+01 7.933333333333333348e-01 2.066666666666666652e-01 0.000000000000000000e+00 8.592583740735471043e-01 5.531796537879336562e-01 0.000000000000000000e+00
6.000000000000000000e+01 8.066666666666666430e-01 1.933333333333333570e-01 0.000000000000000000e+00 8.649737323255795030e-01 5.318112515024235876e-01 0.000000000000000000e+00
6.100000000000000000e+01 8.199999999999999512e-01 1.800000000000000488e-01 0.000000000000000000e+00 8.707554331455342744e-01 5.062462968369566552e-01 0.000000000000000000e+00
6.200000000000000000e+01 8.333333333333333703e-01 1.666666666666666297e-01 0.000000000000000000e+00 8.762439189180397658e-01 4.755425476826906639e-01 0.000000000000000000e+00
6.300000000000000000e+01 8.466666666666666785e-01 1.533333333333333215e-01 0.000000000000000000e+00 8.807231971211318955e-01 4.387758911448045307e-01 0.000000000000000000e+00
6.400000000000000000e+01 8.599999999999999867e-01 1.400000000000000133e-01 0.000000000000000000e+00 8.831081586282584217e-01 3.954375160326633054e-01 0.000000000000000000e+00
6.500000000000000000e+01 8.733333333333332948e-01 1.266666666666667052e-01 0.000000000000000000e+00 8.821374869928103601e-01 3.459038640791665120e-01 0.000000000000000000e+00
6.600000000000000000e+01 8.866666666666667140e-01 1.133333333333332860e-01 0.000000000000000000e+00 8.767878668518973573e-01 2.917693729299363214e-01 0.000000000000000000e+00
6.700000000000000000e+01 9.000000000000000222e-01 9.999999999999997780e-02 0.000000000000000000e+00 8.668018809505343425e-01 2.358344501679552341e-01 0.000000000000000000e+00
6.800000000000000000e+01 9.133333333333333304e-01 8.666666666666666963e-02 0.000000000000000000e+00 8.531173315338280716e-01 1.816542551331020716e-01 0.000000000000000000e+00
6.900000000000000000e+01 9.266666666666666385e-01 7.333333333333336146e-02 0.000000000000000000e+00 8.379626701041259507e-01 1.327392095620988921e-01 0.000000000000000000e+00
7.000000000000000000e+01 9.399999999999999467e-01 6.000000000000005329e-02 0.000000000000000000e+00 8.244732911475871617e-01 9.167291265139249079e-02 0.000000000000000000e+00
7.100000000000000000e+01 9.533333333333333659e-01 4.666666666666663410e-02 0.000000000000000000e+00 8.158648552497550499e-01 5.948860222705909528e-02 0.000000000000000000e+00
7.200000000000000000e+01 9.666666666666666741e-01 3.333333333333332593e-02 0.000000000000000000e+00 8.144008850276593936e-01 3.557226740934934378e-02 0.000000000000000000e+00
7.300000000000000000e+01 9.799999999999999822e-01 2.000000000000001776e-02 0.000000000000000000e+00 8.205206666628628298e-01 1.815814759791253494e-02 0.000000000000000000e+00
7.400000000000000000e+01 9.933333333333332904e-01 6.666666666666709595e-03 0.000000000000000000e+00 8.324808150848828081e-01 5.234314147347812231e-03 0.000000000000000000e+00

Residual energy after optimization is 0.0011234595771851274 C0x=0.7305416490705449 C0z=0.8395799337936143 C0xz=1.0
Optimization procedure took 1341.2687318325043 seconds