### PARAMETERS OF THE TIME EVOLUTION ### 
Total time tau = 45
Timestep dt = 1
P = tau/dt = 45
Number of Fourier coefficients Nc = 45

gamma(t) = t/T*(delta_t + \sum_i^Nc gamma_i*f_i(wi, t) 
beta(t) = (1-t/T)*(delta_t + \sum_i^Nc beta_i*f_i(wi, t)

CRAB coefficient   Cz_start// Cx_start// Cxz_start // pulses//  Cz_opt // Cx_opt // Cxz_opt  
0.000000000000000000e+00 0.000000000000000000e+00 0.000000000000000000e+00 1.640609723081909266e+01 -1.382379092006733382e-03 -1.031044525629946527e-03 0.000000000000000000e+00
0.000000000000000000e+00 0.000000000000000000e+00 0.000000000000000000e+00 6.936991215140891676e+00 1.078724453440615605e+01 -1.390821432434528226e+01 0.000000000000000000e+00
0.000000000000000000e+00 0.000000000000000000e+00 0.000000000000000000e+00 7.427163318895793509e+00 -5.349882286344159077e+00 3.408706493038795315e+01 0.000000000000000000e+00
0.000000000000000000e+00 0.000000000000000000e+00 0.000000000000000000e+00 9.662966220479963786e-01 1.466065270305020718e+01 -2.703875614210452838e+01 0.000000000000000000e+00
0.000000000000000000e+00 0.000000000000000000e+00 0.000000000000000000e+00 1.630837036213069968e+00 -7.978620854237710169e+00 1.080282669513160165e+01 0.000000000000000000e+00
0.000000000000000000e+00 0.000000000000000000e+00 0.000000000000000000e+00 1.033403233005369337e+01 -1.586924153494131673e+01 -1.626997320999666030e+01 0.000000000000000000e+00
0.000000000000000000e+00 0.000000000000000000e+00 0.000000000000000000e+00 1.960750904140592965e+01 6.622907392189424092e-03 -3.163168798344755377e-03 0.000000000000000000e+00
0.000000000000000000e+00 0.000000000000000000e+00 0.000000000000000000e+00 3.713299052332653893e+00 5.455190600421468083e+00 -1.342533169648571167e+01 0.000000000000000000e+00
0.000000000000000000e+00 0.000000000000000000e+00 0.000000000000000000e+00 2.417367867678084981e+00 1.112716055237828527e+01 -1.403248369605856816e+01 0.000000000000000000e+00
0.000000000000000000e+00 0.000000000000000000e+00 0.000000000000000000e+00 2.276330354008718970e+00 1.311209678797441214e+01 -2.084008937429289432e+01 0.000000000000000000e+00
0.000000000000000000e+00 0.000000000000000000e+00 0.000000000000000000e+00 8.596922238485245060e+00 2.403770686037158910e+01 5.309629586789105105e+01 0.000000000000000000e+00
0.000000000000000000e+00 0.000000000000000000e+00 0.000000000000000000e+00 6.464566881225740858e+00 -1.269564814076408688e+01 -1.022352376551078557e+01 0.000000000000000000e+00
0.000000000000000000e+00 0.000000000000000000e+00 0.000000000000000000e+00 4.868111532547175990e+00 -4.623530283944354835e+00 -1.048623128591315812e+01 0.000000000000000000e+00
0.000000000000000000e+00 0.000000000000000000e+00 0.000000000000000000e+00 1.509496506868759447e+01 -2.896184880815943705e-02 -1.758967311638104034e-02 0.000000000000000000e+00
0.000000000000000000e+00 0.000000000000000000e+00 0.000000000000000000e+00 2.967598859573580050e+00 -9.112324456636438086e+00 1.593740114004941688e+01 0.000000000000000000e+00
0.000000000000000000e+00 0.000000000000000000e+00 0.000000000000000000e+00 6.630188009606640342e+00 -5.001047668252185829e+00 -2.388371561961443490e+01 0.000000000000000000e+00
0.000000000000000000e+00 0.000000000000000000e+00 0.000000000000000000e+00 4.604263870682213877e+00 -7.636442480488488727e+00 9.770098146286001040e+00 0.000000000000000000e+00
0.000000000000000000e+00 0.000000000000000000e+00 0.000000000000000000e+00 4.669229675212770658e+00 -7.825361088989791547e+00 5.678540898280838967e+00 0.000000000000000000e+00
0.000000000000000000e+00 0.000000000000000000e+00 0.000000000000000000e+00 3.751273313254532837e+00 6.308406730846960464e+00 -1.311259109090229735e+01 0.000000000000000000e+00
0.000000000000000000e+00 0.000000000000000000e+00 0.000000000000000000e+00 4.547459069908929230e+00 -6.989718894360763102e+00 1.248884612411590389e+01 0.000000000000000000e+00
0.000000000000000000e+00 0.000000000000000000e+00 0.000000000000000000e+00 4.377587060676350283e+00 -2.938218217034337165e+00 1.494428796621492594e+01 0.000000000000000000e+00
0.000000000000000000e+00 0.000000000000000000e+00 0.000000000000000000e+00 1.237709889466943602e+00 -4.330600864921793303e+00 8.949158576901522721e+00 0.000000000000000000e+00
0.000000000000000000e+00 0.000000000000000000e+00 0.000000000000000000e+00 5.985913245902265700e+00 -5.817435500560028672e+00 2.948000526884753114e+01 0.000000000000000000e+00
0.000000000000000000e+00 0.000000000000000000e+00 0.000000000000000000e+00 3.578260549981780336e+00 1.361683240750961810e+00 -1.148478957587905924e+01 0.000000000000000000e+00
0.000000000000000000e+00 0.000000000000000000e+00 0.000000000000000000e+00 5.808986366887140207e+00 3.697790402260366260e+00 2.239491755866232126e+01 0.000000000000000000e+00
0.000000000000000000e+00 0.000000000000000000e+00 0.000000000000000000e+00 8.353719126155192853e+00 9.481114396152449331e+00 -1.298071639259858134e+00 0.000000000000000000e+00
0.000000000000000000e+00 0.000000000000000000e+00 0.000000000000000000e+00 5.370647530472840714e+00 1.298440893657835105e+01 -2.050935838331422545e+01 0.000000000000000000e+00
0.000000000000000000e+00 0.000000000000000000e+00 0.000000000000000000e+00 1.030115419702464052e+01 1.668193965818390367e+01 1.715271631136550212e+01 0.000000000000000000e+00
0.000000000000000000e+00 0.000000000000000000e+00 0.000000000000000000e+00 4.292826720612127112e+00 -2.289193061603695956e-01 1.300109592490350607e+01 0.000000000000000000e+00
0.000000000000000000e+00 0.000000000000000000e+00 0.000000000000000000e+00 8.843082648538047152e+00 -1.653131380814316387e+01 -3.498454378547675958e+01 0.000000000000000000e+00
0.000000000000000000e+00 0.000000000000000000e+00 0.000000000000000000e+00 4.091650699644240774e+00 5.701237044534967602e+00 2.607327659897039851e+00 0.000000000000000000e+00
0.000000000000000000e+00 0.000000000000000000e+00 0.000000000000000000e+00 8.103277299694243041e+00 -2.115064941552409294e+01 -4.414046890555253100e+01 0.000000000000000000e+00
0.000000000000000000e+00 0.000000000000000000e+00 0.000000000000000000e+00 1.274851467578802744e+00 -6.096822122764323559e+00 1.195101622494867755e+01 0.000000000000000000e+00
0.000000000000000000e+00 0.000000000000000000e+00 0.000000000000000000e+00 7.118383141215276488e+00 1.238600865246553262e+01 9.410122892130580396e+00 0.000000000000000000e+00
0.000000000000000000e+00 0.000000000000000000e+00 0.000000000000000000e+00 1.259142066205747490e+01 1.690633403674095259e-01 1.255150734553847625e-01 0.000000000000000000e+00
0.000000000000000000e+00 0.000000000000000000e+00 0.000000000000000000e+00 3.061654216707581977e+00 -1.044946525565908324e+01 1.471795683838938018e+01 0.000000000000000000e+00
0.000000000000000000e+00 0.000000000000000000e+00 0.000000000000000000e+00 3.678119093856786481e+00 4.530616653168721975e+00 -1.337431319309877686e+01 0.000000000000000000e+00
0.000000000000000000e+00 0.000000000000000000e+00 0.000000000000000000e+00 2.720274753142752910e+00 -5.430638109738531449e-01 7.712043539632610134e+00 0.000000000000000000e+00
0.000000000000000000e+00 0.000000000000000000e+00 0.000000000000000000e+00 1.255301556915740191e+00 -5.201523138373913113e+00 1.044498393360366961e+01 0.000000000000000000e+00
0.000000000000000000e+00 0.000000000000000000e+00 0.000000000000000000e+00 8.787187134044048165e+00 -1.032259221557629392e+00 7.220110593243989072e+00 0.000000000000000000e+00
0.000000000000000000e+00 0.000000000000000000e+00 0.000000000000000000e+00 3.956624987071819533e+00 7.754781069678275074e+00 -5.575327931414499005e+00 0.000000000000000000e+00
0.000000000000000000e+00 0.000000000000000000e+00 0.000000000000000000e+00 5.190665685475803315e+00 7.861869924575681345e+00 -2.687936542641730497e+01 0.000000000000000000e+00
0.000000000000000000e+00 0.000000000000000000e+00 0.000000000000000000e+00 1.851964068171101818e+00 1.095904699706627072e+00 -6.850641240994804981e+00 0.000000000000000000e+00
0.000000000000000000e+00 0.000000000000000000e+00 0.000000000000000000e+00 1.279199130730532019e+01 -1.767999726018160689e-01 -1.498216776149255691e-01 0.000000000000000000e+00
0.000000000000000000e+00 0.000000000000000000e+00 0.000000000000000000e+00 3.086330505856499595e+00 -1.057927638369364054e+01 1.401605351510394648e+01 0.000000000000000000e+00

Amplitudes vs time: t // theta_tt_old // theta_mt_old // alpha_cdt_old// theta_tt_opt // theta_mt_opt// alpha_cdt_opt  
0.000000000000000000e+00 1.111111111111111154e-02 9.888888888888889284e-01 0.000000000000000000e+00 1.357644956150344806e-01 7.633971235542718059e-01 0.000000000000000000e+00
1.000000000000000000e+00 3.333333333333333287e-02 9.666666666666666741e-01 0.000000000000000000e+00 3.634612144003086520e-01 7.459886454826643032e-01 0.000000000000000000e+00
2.000000000000000000e+00 5.555555555555555247e-02 9.444444444444444198e-01 0.000000000000000000e+00 5.155104963766802273e-01 7.346723773578409666e-01 0.000000000000000000e+00
3.000000000000000000e+00 7.777777777777777901e-02 9.222222222222222765e-01 0.000000000000000000e+00 6.101590567010347632e-01 7.247935577991928557e-01 0.000000000000000000e+00
4.000000000000000000e+00 1.000000000000000056e-01 9.000000000000000222e-01 0.000000000000000000e+00 6.689789952476021817e-01 7.147029452378121928e-01 0.000000000000000000e+00
5.000000000000000000e+00 1.222222222222222182e-01 8.777777777777777679e-01 0.000000000000000000e+00 7.028235048051387768e-01 7.077659264142672768e-01 0.000000000000000000e+00
6.000000000000000000e+00 1.444444444444444309e-01 8.555555555555556246e-01 0.000000000000000000e+00 7.174992581946877390e-01 7.030830325568979688e-01 0.000000000000000000e+00
7.000000000000000000e+00 1.666666666666666574e-01 8.333333333333333703e-01 0.000000000000000000e+00 7.201912984976782672e-01 6.922607528092851181e-01 0.000000000000000000e+00
8.000000000000000000e+00 1.888888888888888840e-01 8.111111111111111160e-01 0.000000000000000000e+00 7.187185495210083319e-01 6.692022219298098262e-01 0.000000000000000000e+00
9.000000000000000000e+00 2.111111111111111105e-01 7.888888888888888618e-01 0.000000000000000000e+00 7.187894619468038204e-01 6.383879638774204723e-01 0.000000000000000000e+00
1.000000000000000000e+01 2.333333333333333370e-01 7.666666666666666075e-01 0.000000000000000000e+00 7.247195615124811807e-01 6.109446975250728551e-01 0.000000000000000000e+00
1.100000000000000000e+01 2.555555555555555358e-01 7.444444444444444642e-01 0.000000000000000000e+00 7.400021372477536552e-01 5.957667646448089327e-01 0.000000000000000000e+00
1.200000000000000000e+01 2.777777777777777901e-01 7.222222222222222099e-01 0.000000000000000000e+00 7.630920049420923945e-01 5.962379033995461874e-01 0.000000000000000000e+00
1.300000000000000000e+01 2.999999999999999889e-01 6.999999999999999556e-01 0.000000000000000000e+00 7.839886430646074711e-01 6.115371458007311523e-01 0.000000000000000000e+00
1.400000000000000000e+01 3.222222222222222432e-01 6.777777777777778123e-01 0.000000000000000000e+00 7.904992974471847234e-01 6.366884013278883980e-01 0.000000000000000000e+00
1.500000000000000000e+01 3.444444444444444420e-01 6.555555555555555580e-01 0.000000000000000000e+00 7.798214244868080236e-01 6.625804260336797258e-01 0.000000000000000000e+00
1.600000000000000000e+01 3.666666666666666408e-01 6.333333333333333037e-01 0.000000000000000000e+00 7.601893675510841275e-01 6.802122600861183477e-01 0.000000000000000000e+00
1.700000000000000000e+01 3.888888888888888951e-01 6.111111111111111605e-01 0.000000000000000000e+00 7.386976332261846467e-01 6.860582899620970565e-01 0.000000000000000000e+00
1.800000000000000000e+01 4.111111111111110938e-01 5.888888888888889062e-01 0.000000000000000000e+00 7.113998312980829297e-01 6.816552007342095987e-01 0.000000000000000000e+00
1.900000000000000000e+01 4.333333333333333481e-01 5.666666666666666519e-01 0.000000000000000000e+00 6.701473571148011121e-01 6.687552645157214259e-01 0.000000000000000000e+00
2.000000000000000000e+01 4.555555555555555469e-01 5.444444444444445086e-01 0.000000000000000000e+00 6.175267668418098488e-01 6.485093724313539809e-01 0.000000000000000000e+00
2.100000000000000000e+01 4.777777777777778012e-01 5.222222222222221433e-01 0.000000000000000000e+00 5.698115202785150046e-01 6.262176232259666353e-01 0.000000000000000000e+00
2.200000000000000000e+01 5.000000000000000000e-01 5.000000000000000000e-01 0.000000000000000000e+00 5.445356983730758049e-01 6.124920965994758992e-01 0.000000000000000000e+00
2.300000000000000000e+01 5.222222222222222543e-01 4.777777777777777457e-01 0.000000000000000000e+00 5.488218229650243529e-01 6.152564267778908302e-01 0.000000000000000000e+00
2.400000000000000000e+01 5.444444444444443976e-01 4.555555555555556024e-01 0.000000000000000000e+00 5.795343397456943491e-01 6.309711935843675956e-01 0.000000000000000000e+00
2.500000000000000000e+01 5.666666666666666519e-01 4.333333333333333481e-01 0.000000000000000000e+00 6.285535945594483698e-01 6.466417972220204202e-01 0.000000000000000000e+00
2.600000000000000000e+01 5.888888888888889062e-01 4.111111111111110938e-01 0.000000000000000000e+00 6.846436181735874316e-01 6.507613085389676311e-01 0.000000000000000000e+00
2.700000000000000000e+01 6.111111111111111605e-01 3.888888888888888395e-01 0.000000000000000000e+00 7.356001587220472038e-01 6.403595349076154353e-01 0.000000000000000000e+00
2.800000000000000000e+01 6.333333333333333037e-01 3.666666666666666963e-01 0.000000000000000000e+00 7.749539384082312354e-01 6.179505426509818156e-01 0.000000000000000000e+00
2.900000000000000000e+01 6.555555555555555580e-01 3.444444444444444420e-01 0.000000000000000000e+00 8.048381554880137401e-01 5.856908634360216137e-01 0.000000000000000000e+00
3.000000000000000000e+01 6.777777777777778123e-01 3.222222222222221877e-01 0.000000000000000000e+00 8.273827910845246159e-01 5.452262918684657178e-01 0.000000000000000000e+00
3.100000000000000000e+01 6.999999999999999556e-01 3.000000000000000444e-01 0.000000000000000000e+00 8.363503377646275272e-01 5.010698695174348183e-01 0.000000000000000000e+00
3.200000000000000000e+01 7.222222222222222099e-01 2.777777777777777901e-01 0.000000000000000000e+00 8.258061347663545604e-01 4.599949842723153326e-01 0.000000000000000000e+00
3.300000000000000000e+01 7.444444444444444642e-01 2.555555555555555358e-01 0.000000000000000000e+00 8.067113551979410158e-01 4.257590719290272885e-01 0.000000000000000000e+00
3.400000000000000000e+01 7.666666666666667185e-01 2.333333333333332815e-01 0.000000000000000000e+00 8.026250415355196122e-01 3.959034282515264125e-01 0.000000000000000000e+00
3.500000000000000000e+01 7.888888888888888618e-01 2.111111111111111382e-01 0.000000000000000000e+00 8.207621568289538150e-01 3.647457128791533609e-01 0.000000000000000000e+00
3.600000000000000000e+01 8.111111111111111160e-01 1.888888888888888840e-01 0.000000000000000000e+00 8.356857780223388987e-01 3.290082173846531344e-01 0.000000000000000000e+00
3.700000000000000000e+01 8.333333333333333703e-01 1.666666666666666297e-01 0.000000000000000000e+00 8.158816530432596581e-01 2.903684072984829556e-01 0.000000000000000000e+00
3.800000000000000000e+01 8.555555555555555136e-01 1.444444444444444864e-01 0.000000000000000000e+00 7.673009981278898772e-01 2.533977368914869799e-01 0.000000000000000000e+00
3.900000000000000000e+01 8.777777777777777679e-01 1.222222222222222321e-01 0.000000000000000000e+00 7.380132535107449820e-01 2.212537345529783650e-01 0.000000000000000000e+00
4.000000000000000000e+01 9.000000000000000222e-01 9.999999999999997780e-02 0.000000000000000000e+00 7.714812690271596329e-01 1.923119494823440911e-01 0.000000000000000000e+00
4.100000000000000000e+01 9.222222222222222765e-01 7.777777777777772350e-02 0.000000000000000000e+00 8.592596582981817388e-01 1.604808776598783404e-01 0.000000000000000000e+00
4.200000000000000000e+01 9.444444444444444198e-01 5.555555555555558023e-02 0.000000000000000000e+00 9.449474757916742629e-01 1.200557491933245541e-01 0.000000000000000000e+00
4.300000000000000000e+01 9.666666666666666741e-01 3.333333333333332593e-02 0.000000000000000000e+00 9.722945272069158928e-01 7.157416233786721704e-02 0.000000000000000000e+00
4.400000000000000000e+01 9.888888888888889284e-01 1.111111111111107164e-02 0.000000000000000000e+00 9.285533506696416195e-01 2.234659614118101809e-02 0.000000000000000000e+00

Residual energy after optimization is 0.0011393119711976974 C0x=1.91657080284678 C0z=0.890250860897512 C0xz=1.0
Optimization procedure took 153.83649897575378 seconds