### PARAMETERS OF THE TIME EVOLUTION ### 
Total time tau = 54
Timestep dt = 1
P = tau/dt = 54
Number of Fourier coefficients Nc = 54

gamma(t) = t/T*(delta_t + \sum_i^Nc gamma_i*f_i(wi, t) 
beta(t) = (1-t/T)*(delta_t + \sum_i^Nc beta_i*f_i(wi, t)

CRAB coefficient   Cz_start// Cx_start// Cxz_start // pulses//  Cz_opt // Cx_opt // Cxz_opt  
0.000000000000000000e+00 0.000000000000000000e+00 0.000000000000000000e+00 1.165377229960264494e+01 4.309135910119140433e+00 -1.301144703451423412e+00 0.000000000000000000e+00
0.000000000000000000e+00 0.000000000000000000e+00 0.000000000000000000e+00 1.202392229425790049e+01 -1.263353366019186907e+01 3.008196539479363718e+00 0.000000000000000000e+00
0.000000000000000000e+00 0.000000000000000000e+00 0.000000000000000000e+00 8.069187422305979851e+00 -2.291149546238184787e+00 -1.829940035714501256e-01 0.000000000000000000e+00
0.000000000000000000e+00 0.000000000000000000e+00 0.000000000000000000e+00 5.578844392273357045e+00 4.922398220751158071e+00 1.987758439531771004e-01 0.000000000000000000e+00
0.000000000000000000e+00 0.000000000000000000e+00 0.000000000000000000e+00 2.920035909930014828e+00 -2.385944764782008676e+00 -3.546778179013943544e-01 0.000000000000000000e+00
0.000000000000000000e+00 0.000000000000000000e+00 0.000000000000000000e+00 2.867304554522187576e+00 -2.149206436080305149e+00 -3.719310155391517547e-01 0.000000000000000000e+00
0.000000000000000000e+00 0.000000000000000000e+00 0.000000000000000000e+00 6.767247926478775710e+00 -2.277743178725022855e+00 3.038006801459538497e-01 0.000000000000000000e+00
0.000000000000000000e+00 0.000000000000000000e+00 0.000000000000000000e+00 6.229567466591430236e-01 1.361316821051495429e+00 -8.311703856180484296e-02 0.000000000000000000e+00
0.000000000000000000e+00 0.000000000000000000e+00 0.000000000000000000e+00 3.941659279161668916e+00 3.353099721208381734e+00 1.512386179892154514e-01 0.000000000000000000e+00
0.000000000000000000e+00 0.000000000000000000e+00 0.000000000000000000e+00 1.435469564097789608e+01 6.750790968968862771e-01 -1.553019688950660615e-01 0.000000000000000000e+00
0.000000000000000000e+00 0.000000000000000000e+00 0.000000000000000000e+00 1.228387300611631439e+01 1.051318921501820114e+01 -2.263741567389861764e+00 0.000000000000000000e+00
0.000000000000000000e+00 0.000000000000000000e+00 0.000000000000000000e+00 1.972775351388396659e-01 1.282044963556804973e+00 4.673098017402574356e-02 0.000000000000000000e+00
0.000000000000000000e+00 0.000000000000000000e+00 0.000000000000000000e+00 1.184561606887239993e+00 -1.785916867530346730e+00 -3.308301186760817525e-01 0.000000000000000000e+00
0.000000000000000000e+00 0.000000000000000000e+00 0.000000000000000000e+00 4.173362693403776191e+00 9.434667957932261206e-01 -2.043250498423643813e-01 0.000000000000000000e+00
0.000000000000000000e+00 0.000000000000000000e+00 0.000000000000000000e+00 1.607796711405939760e+01 -1.629405327918831414e-02 1.960918756869381441e-02 0.000000000000000000e+00
0.000000000000000000e+00 0.000000000000000000e+00 0.000000000000000000e+00 1.174236715507642526e+00 -1.771094296194879236e+00 -3.333420471475017632e-01 0.000000000000000000e+00
0.000000000000000000e+00 0.000000000000000000e+00 0.000000000000000000e+00 5.848448958870308800e+00 4.062060310791703266e+00 -2.002176193969802398e-01 0.000000000000000000e+00
0.000000000000000000e+00 0.000000000000000000e+00 0.000000000000000000e+00 3.397992136856853307e+00 1.333077946835203309e-01 1.823183673802974414e-01 0.000000000000000000e+00
0.000000000000000000e+00 0.000000000000000000e+00 0.000000000000000000e+00 1.097126318236874898e+00 -1.566521750806491697e+00 -3.406511506436797343e-01 0.000000000000000000e+00
0.000000000000000000e+00 0.000000000000000000e+00 0.000000000000000000e+00 4.665665013656401960e+00 -6.022984605190104368e+00 -4.281089195455374807e-01 0.000000000000000000e+00
0.000000000000000000e+00 0.000000000000000000e+00 0.000000000000000000e+00 1.444395770054741401e+00 -1.109158427756276932e+00 -1.596197537243115860e-01 0.000000000000000000e+00
0.000000000000000000e+00 0.000000000000000000e+00 0.000000000000000000e+00 6.286755865906569873e+00 -4.287081966564463720e+00 -1.558903148457018717e-01 0.000000000000000000e+00
0.000000000000000000e+00 0.000000000000000000e+00 0.000000000000000000e+00 5.253834832024755208e+00 1.294262998846141578e-02 3.639395373537434031e-01 0.000000000000000000e+00
0.000000000000000000e+00 0.000000000000000000e+00 0.000000000000000000e+00 1.281242939090651944e+01 -2.201991030306230890e+00 4.277425856788901193e-01 0.000000000000000000e+00
0.000000000000000000e+00 0.000000000000000000e+00 0.000000000000000000e+00 9.335804827531401173e+00 2.208907959313557434e+00 1.354260131252873478e-01 0.000000000000000000e+00
0.000000000000000000e+00 0.000000000000000000e+00 0.000000000000000000e+00 1.838274296700920685e+00 2.336497550023137748e+00 2.165493128223796027e-01 0.000000000000000000e+00
0.000000000000000000e+00 0.000000000000000000e+00 0.000000000000000000e+00 1.020605832507192545e+01 4.090915039230480943e+00 1.415653840443406253e+00 0.000000000000000000e+00
0.000000000000000000e+00 0.000000000000000000e+00 0.000000000000000000e+00 6.830418121607320536e+00 -3.943377261683914115e-01 1.880971787465578471e-01 0.000000000000000000e+00
0.000000000000000000e+00 0.000000000000000000e+00 0.000000000000000000e+00 4.120807135843524982e+00 1.678256700197072515e+00 -1.219842562269252972e-01 0.000000000000000000e+00
0.000000000000000000e+00 0.000000000000000000e+00 0.000000000000000000e+00 1.557184345553239879e+01 6.500578160970936492e-02 -3.374297444746936908e-02 0.000000000000000000e+00
0.000000000000000000e+00 0.000000000000000000e+00 0.000000000000000000e+00 9.526253486946876237e-01 -8.170362428247440745e-01 -3.036299757521765397e-01 0.000000000000000000e+00
0.000000000000000000e+00 0.000000000000000000e+00 0.000000000000000000e+00 1.011250831638260195e+01 -1.636063740058671501e+00 -2.252676355666547170e-01 0.000000000000000000e+00
0.000000000000000000e+00 0.000000000000000000e+00 0.000000000000000000e+00 3.327905572386677058e+00 -6.429609795643603798e-01 9.410492724940164311e-02 0.000000000000000000e+00
0.000000000000000000e+00 0.000000000000000000e+00 0.000000000000000000e+00 6.961351816715212415e+00 4.282479977418802264e+00 -2.705281896780198370e-01 0.000000000000000000e+00
0.000000000000000000e+00 0.000000000000000000e+00 0.000000000000000000e+00 6.861019665956392011e+00 6.201781337477934031e-01 1.077063668105895794e-01 0.000000000000000000e+00
0.000000000000000000e+00 0.000000000000000000e+00 0.000000000000000000e+00 1.435565629087019346e+00 -1.163863864513846380e+00 -1.682030974605239759e-01 0.000000000000000000e+00
0.000000000000000000e+00 0.000000000000000000e+00 0.000000000000000000e+00 9.572402538534695304e-02 6.681102039129456216e-01 2.693437697612154069e-02 0.000000000000000000e+00
0.000000000000000000e+00 0.000000000000000000e+00 0.000000000000000000e+00 6.207160349809980104e+00 -2.828241612258202586e+00 -2.597750431731379317e-01 0.000000000000000000e+00
0.000000000000000000e+00 0.000000000000000000e+00 0.000000000000000000e+00 6.437228291605186392e+00 -5.980485561371692071e+00 9.945697641407137690e-02 0.000000000000000000e+00
0.000000000000000000e+00 0.000000000000000000e+00 0.000000000000000000e+00 3.311076756327358872e+00 -8.186442495924587393e-01 7.166219724774826327e-02 0.000000000000000000e+00
0.000000000000000000e+00 0.000000000000000000e+00 0.000000000000000000e+00 3.998561112890216318e+00 2.980145013841978496e+00 7.006406820275722092e-02 0.000000000000000000e+00
0.000000000000000000e+00 0.000000000000000000e+00 0.000000000000000000e+00 1.460396343940246666e+01 -5.702057325667778676e-01 1.497362166726685095e-01 0.000000000000000000e+00
0.000000000000000000e+00 0.000000000000000000e+00 0.000000000000000000e+00 3.370694475439130589e+00 -1.758835294208221378e-01 1.491861070545073553e-01 0.000000000000000000e+00
0.000000000000000000e+00 0.000000000000000000e+00 0.000000000000000000e+00 2.326209839876011376e+00 2.896873759190207398e+00 4.425554659356629311e-02 0.000000000000000000e+00
0.000000000000000000e+00 0.000000000000000000e+00 0.000000000000000000e+00 3.297738190627511390e+00 -9.539866312098262968e-01 5.365170780277581097e-02 0.000000000000000000e+00
0.000000000000000000e+00 0.000000000000000000e+00 0.000000000000000000e+00 4.032372928866896911e-01 1.896996250011551810e+00 3.044647847100297525e-02 0.000000000000000000e+00
0.000000000000000000e+00 0.000000000000000000e+00 0.000000000000000000e+00 6.496159391112239501e-01 1.221271005798695519e+00 -1.017936843993869078e-01 0.000000000000000000e+00
0.000000000000000000e+00 0.000000000000000000e+00 0.000000000000000000e+00 2.867276416246166693e-01 1.672721235524143646e+00 5.051293183954963517e-02 0.000000000000000000e+00
0.000000000000000000e+00 0.000000000000000000e+00 0.000000000000000000e+00 2.233736187836064868e+00 3.414446194074117980e+00 1.401492893861972233e-01 0.000000000000000000e+00
0.000000000000000000e+00 0.000000000000000000e+00 0.000000000000000000e+00 5.016620330395742400e+00 -4.365978999987422782e+00 9.647456404805164476e-02 0.000000000000000000e+00
0.000000000000000000e+00 0.000000000000000000e+00 0.000000000000000000e+00 1.005295028213184771e+01 -4.139378876978565103e+00 -1.276809197905395266e+00 0.000000000000000000e+00
0.000000000000000000e+00 0.000000000000000000e+00 0.000000000000000000e+00 5.818325221438399808e+00 4.415712845689028221e+00 -1.603372409203193960e-01 0.000000000000000000e+00
0.000000000000000000e+00 0.000000000000000000e+00 0.000000000000000000e+00 6.956302960862349671e+00 4.089376495375828036e+00 -2.473383002782295337e-01 0.000000000000000000e+00
0.000000000000000000e+00 0.000000000000000000e+00 0.000000000000000000e+00 2.747151831626848395e+00 -1.269918997183011822e+00 -3.617068822322095922e-01 0.000000000000000000e+00

Amplitudes vs time: t // theta_tt_old // theta_mt_old // alpha_cdt_old// theta_tt_opt // theta_mt_opt// alpha_cdt_opt  
0.000000000000000000e+00 9.259259259259258745e-03 9.907407407407406996e-01 0.000000000000000000e+00 9.754534239088430425e-02 7.658170051588572003e-01 0.000000000000000000e+00
1.000000000000000000e+00 2.777777777777777624e-02 9.722222222222222099e-01 0.000000000000000000e+00 2.678499445123616596e-01 7.448777202163038291e-01 0.000000000000000000e+00
2.000000000000000000e+00 4.629629629629629373e-02 9.537037037037037202e-01 0.000000000000000000e+00 3.854154410843586009e-01 7.181569316166880323e-01 0.000000000000000000e+00
3.000000000000000000e+00 6.481481481481481122e-02 9.351851851851852304e-01 0.000000000000000000e+00 4.529101687060795856e-01 6.830045982819106243e-01 0.000000000000000000e+00
4.000000000000000000e+00 8.333333333333332871e-02 9.166666666666666297e-01 0.000000000000000000e+00 4.819399846007518251e-01 6.391568981688059425e-01 0.000000000000000000e+00
5.000000000000000000e+00 1.018518518518518462e-01 8.981481481481481399e-01 0.000000000000000000e+00 4.848268827352008592e-01 5.917067944748747310e-01 0.000000000000000000e+00
6.000000000000000000e+00 1.203703703703703637e-01 8.796296296296296502e-01 0.000000000000000000e+00 4.752170011845648911e-01 5.508974023997851299e-01 0.000000000000000000e+00
7.000000000000000000e+00 1.388888888888888951e-01 8.611111111111111605e-01 0.000000000000000000e+00 4.680273720945027360e-01 5.276493553451016005e-01 0.000000000000000000e+00
8.000000000000000000e+00 1.574074074074074125e-01 8.425925925925925597e-01 0.000000000000000000e+00 4.754390509468999770e-01 5.276559175677563163e-01 0.000000000000000000e+00
9.000000000000000000e+00 1.759259259259259300e-01 8.240740740740740700e-01 0.000000000000000000e+00 5.020295430201200393e-01 5.483144068951171235e-01 0.000000000000000000e+00
1.000000000000000000e+01 1.944444444444444475e-01 8.055555555555555802e-01 0.000000000000000000e+00 5.435130309753182232e-01 5.805470126962484212e-01 0.000000000000000000e+00
1.100000000000000000e+01 2.129629629629629650e-01 7.870370370370369795e-01 0.000000000000000000e+00 5.903022544174909569e-01 6.138750322880903720e-01 0.000000000000000000e+00
1.200000000000000000e+01 2.314814814814814825e-01 7.685185185185184897e-01 0.000000000000000000e+00 6.331828612011082269e-01 6.410896011408602213e-01 0.000000000000000000e+00
1.300000000000000000e+01 2.500000000000000000e-01 7.500000000000000000e-01 0.000000000000000000e+00 6.672500783279733394e-01 6.598408593169465819e-01 0.000000000000000000e+00
1.400000000000000000e+01 2.685185185185185452e-01 7.314814814814813992e-01 0.000000000000000000e+00 6.922530940163289515e-01 6.711650210395539995e-01 0.000000000000000000e+00
1.500000000000000000e+01 2.870370370370370350e-01 7.129629629629630205e-01 0.000000000000000000e+00 7.103774392904858015e-01 6.769826612676620448e-01 0.000000000000000000e+00
1.600000000000000000e+01 3.055555555555555802e-01 6.944444444444444198e-01 0.000000000000000000e+00 7.238430923780463377e-01 6.785623067963202359e-01 0.000000000000000000e+00
1.700000000000000000e+01 3.240740740740740700e-01 6.759259259259259300e-01 0.000000000000000000e+00 7.338865430824275116e-01 6.764275612570639362e-01 0.000000000000000000e+00
1.800000000000000000e+01 3.425925925925926152e-01 6.574074074074074403e-01 0.000000000000000000e+00 7.409894721513965443e-01 6.708408828543934721e-01 0.000000000000000000e+00
1.900000000000000000e+01 3.611111111111111049e-01 6.388888888888888395e-01 0.000000000000000000e+00 7.452815557527452395e-01 6.619260672130807821e-01 0.000000000000000000e+00
2.000000000000000000e+01 3.796296296296296502e-01 6.203703703703703498e-01 0.000000000000000000e+00 7.464635357839428664e-01 6.494037192145424298e-01 0.000000000000000000e+00
2.100000000000000000e+01 3.981481481481481399e-01 6.018518518518518601e-01 0.000000000000000000e+00 7.436015994190747769e-01 6.326507182643139604e-01 0.000000000000000000e+00
2.200000000000000000e+01 4.166666666666666852e-01 5.833333333333332593e-01 0.000000000000000000e+00 7.355638136809805605e-01 6.115542553251668290e-01 0.000000000000000000e+00
2.300000000000000000e+01 4.351851851851851749e-01 5.648148148148148806e-01 0.000000000000000000e+00 7.222711248511656246e-01 5.876968562022487630e-01 0.000000000000000000e+00
2.400000000000000000e+01 4.537037037037037202e-01 5.462962962962962798e-01 0.000000000000000000e+00 7.059463768894873592e-01 5.647799338782908407e-01 0.000000000000000000e+00
2.500000000000000000e+01 4.722222222222222099e-01 5.277777777777777901e-01 0.000000000000000000e+00 6.911816364910152721e-01 5.475719518086880067e-01 0.000000000000000000e+00
2.600000000000000000e+01 4.907407407407407551e-01 5.092592592592593004e-01 0.000000000000000000e+00 6.833486555147743058e-01 5.397901921579123519e-01 0.000000000000000000e+00
2.700000000000000000e+01 5.092592592592593004e-01 4.907407407407406996e-01 0.000000000000000000e+00 6.861239697836276630e-01 5.422261458887993602e-01 0.000000000000000000e+00
2.800000000000000000e+01 5.277777777777777901e-01 4.722222222222222099e-01 0.000000000000000000e+00 6.996670238530631192e-01 5.523254538892807819e-01 0.000000000000000000e+00
2.900000000000000000e+01 5.462962962962962798e-01 4.537037037037037202e-01 0.000000000000000000e+00 7.206327394084773852e-01 5.654231368280920877e-01 0.000000000000000000e+00
3.000000000000000000e+01 5.648148148148147696e-01 4.351851851851852304e-01 0.000000000000000000e+00 7.439756858458512756e-01 5.767487537993161162e-01 0.000000000000000000e+00
3.100000000000000000e+01 5.833333333333333703e-01 4.166666666666666297e-01 0.000000000000000000e+00 7.653364859876994331e-01 5.829798585842163039e-01 0.000000000000000000e+00
3.200000000000000000e+01 6.018518518518518601e-01 3.981481481481481399e-01 0.000000000000000000e+00 7.825362514627547394e-01 5.826718345289866319e-01 0.000000000000000000e+00
3.300000000000000000e+01 6.203703703703703498e-01 3.796296296296296502e-01 0.000000000000000000e+00 7.954657004439975587e-01 5.757512756951274069e-01 0.000000000000000000e+00
3.400000000000000000e+01 6.388888888888888395e-01 3.611111111111111605e-01 0.000000000000000000e+00 8.048049955940990152e-01 5.627232618114064167e-01 0.000000000000000000e+00
3.500000000000000000e+01 6.574074074074074403e-01 3.425925925925925597e-01 0.000000000000000000e+00 8.106886774125006134e-01 5.440878200653105345e-01 0.000000000000000000e+00
3.600000000000000000e+01 6.759259259259259300e-01 3.240740740740740700e-01 0.000000000000000000e+00 8.122156485354186106e-01 5.200430697294120552e-01 0.000000000000000000e+00
3.700000000000000000e+01 6.944444444444444198e-01 3.055555555555555802e-01 0.000000000000000000e+00 8.078867067068314922e-01 4.903617138219010241e-01 0.000000000000000000e+00
3.800000000000000000e+01 7.129629629629629095e-01 2.870370370370370905e-01 0.000000000000000000e+00 7.963470182198227887e-01 4.544813582379615413e-01 0.000000000000000000e+00
3.900000000000000000e+01 7.314814814814815103e-01 2.685185185185184897e-01 0.000000000000000000e+00 7.767724410361794840e-01 4.120184709837295678e-01 0.000000000000000000e+00
4.000000000000000000e+01 7.500000000000000000e-01 2.500000000000000000e-01 0.000000000000000000e+00 7.488326396853223210e-01 3.637274172556279606e-01 0.000000000000000000e+00
4.100000000000000000e+01 7.685185185185184897e-01 2.314814814814815103e-01 0.000000000000000000e+00 7.128128177992176795e-01 3.124177579152695450e-01 0.000000000000000000e+00
4.200000000000000000e+01 7.870370370370370905e-01 2.129629629629629095e-01 0.000000000000000000e+00 6.705271907819596588e-01 2.629981912593806759e-01 0.000000000000000000e+00
4.300000000000000000e+01 8.055555555555555802e-01 1.944444444444444198e-01 0.000000000000000000e+00 6.269228446516589282e-01 2.211152767559151633e-01 0.000000000000000000e+00
4.400000000000000000e+01 8.240740740740740700e-01 1.759259259259259300e-01 0.000000000000000000e+00 5.912371739480719590e-01 1.907640223158682258e-01 0.000000000000000000e+00
4.500000000000000000e+01 8.425925925925925597e-01 1.574074074074074403e-01 0.000000000000000000e+00 5.761006657016580768e-01 1.721373650520869047e-01 0.000000000000000000e+00
4.600000000000000000e+01 8.611111111111111605e-01 1.388888888888888395e-01 0.000000000000000000e+00 5.936954056449635919e-01 1.611098537963505939e-01 0.000000000000000000e+00
4.700000000000000000e+01 8.796296296296296502e-01 1.203703703703703498e-01 0.000000000000000000e+00 6.498431902166740270e-01 1.508973105217010502e-01 0.000000000000000000e+00
4.800000000000000000e+01 8.981481481481481399e-01 1.018518518518518601e-01 0.000000000000000000e+00 7.387329208700479377e-01 1.351351701123518489e-01 0.000000000000000000e+00
4.900000000000000000e+01 9.166666666666666297e-01 8.333333333333337034e-02 0.000000000000000000e+00 8.416283641749173761e-01 1.107732053215552126e-01 0.000000000000000000e+00
5.000000000000000000e+01 9.351851851851852304e-01 6.481481481481476958e-02 0.000000000000000000e+00 9.315695430749554307e-01 7.935691738129971307e-02 0.000000000000000000e+00
5.100000000000000000e+01 9.537037037037037202e-01 4.629629629629627985e-02 0.000000000000000000e+00 9.831724275144770875e-01 4.626370438505231220e-02 0.000000000000000000e+00
5.200000000000000000e+01 9.722222222222222099e-01 2.777777777777779011e-02 0.000000000000000000e+00 9.836091018235723071e-01 1.853692529859410701e-02 0.000000000000000000e+00
5.300000000000000000e+01 9.907407407407406996e-01 9.259259259259300379e-03 0.000000000000000000e+00 9.395053954897077952e-01 2.432672921109907838e-03 0.000000000000000000e+00

Residual energy after optimization is 0.0016889299014613763 C0x=0.047628122575023905 C0z=0.9080564450935134 C0xz=1.0
Optimization procedure took 297.6607503890991 seconds