### PARAMETERS OF THE TIME EVOLUTION ### 
Total time tau = 72
Timestep dt = 1
P = tau/dt = 72
Number of Fourier coefficients Nc = 72

gamma(t) = t/T*(delta_t + \sum_i^Nc gamma_i*f_i(wi, t) 
beta(t) = (1-t/T)*(delta_t + \sum_i^Nc beta_i*f_i(wi, t)

CRAB coefficient   Cz_start// Cx_start// Cxz_start // pulses//  Cz_opt // Cx_opt // Cxz_opt  
0.000000000000000000e+00 0.000000000000000000e+00 0.000000000000000000e+00 5.383590314338593252e+00 3.249785491956989603e+01 -1.740928819919177428e+01 0.000000000000000000e+00
0.000000000000000000e+00 0.000000000000000000e+00 0.000000000000000000e+00 9.434071169187818739e+00 -1.192377068823731534e+01 -2.590562369834993550e+00 0.000000000000000000e+00
0.000000000000000000e+00 0.000000000000000000e+00 0.000000000000000000e+00 1.720834070859164200e+01 6.180009866677689014e-03 7.792213094726033532e-03 0.000000000000000000e+00
0.000000000000000000e+00 0.000000000000000000e+00 0.000000000000000000e+00 4.908017433971309629e+00 6.984997855953800183e+00 -5.396935738820862305e+00 0.000000000000000000e+00
0.000000000000000000e+00 0.000000000000000000e+00 0.000000000000000000e+00 5.999210297150487037e+00 -1.836366764225658343e+01 1.161766803640512080e+01 0.000000000000000000e+00
0.000000000000000000e+00 0.000000000000000000e+00 0.000000000000000000e+00 6.236739693162497211e+00 -3.310683783932256485e+00 -3.281576391499930745e-01 0.000000000000000000e+00
0.000000000000000000e+00 0.000000000000000000e+00 0.000000000000000000e+00 1.690063198264276201e+00 1.858345602181317702e+01 -7.974152231304438843e+00 0.000000000000000000e+00
0.000000000000000000e+00 0.000000000000000000e+00 0.000000000000000000e+00 1.164015078119644137e-01 1.154959676676713265e+01 -4.765994305575127932e+00 0.000000000000000000e+00
0.000000000000000000e+00 0.000000000000000000e+00 0.000000000000000000e+00 8.744580451978380964e+00 6.578849557856938191e+01 -4.865144230611992526e+01 0.000000000000000000e+00
0.000000000000000000e+00 0.000000000000000000e+00 0.000000000000000000e+00 9.017494863573990216e+00 5.649424873724102625e+00 2.397409735383591034e+00 0.000000000000000000e+00
0.000000000000000000e+00 0.000000000000000000e+00 0.000000000000000000e+00 3.636085977147613058e+00 1.746634821156207096e+01 -8.214435653275369731e+00 0.000000000000000000e+00
0.000000000000000000e+00 0.000000000000000000e+00 0.000000000000000000e+00 9.092039960333213600e+00 -9.590727197782319635e+00 1.335153540463064736e+01 0.000000000000000000e+00
0.000000000000000000e+00 0.000000000000000000e+00 0.000000000000000000e+00 8.293305602675770771e+00 -4.267363562671015131e+00 6.479448155357976635e-02 0.000000000000000000e+00
0.000000000000000000e+00 0.000000000000000000e+00 0.000000000000000000e+00 4.524634672782778644e+00 -2.164165180608938144e+01 1.089815931582126041e+01 0.000000000000000000e+00
0.000000000000000000e+00 0.000000000000000000e+00 0.000000000000000000e+00 2.602600585172161018e+01 1.757754876611092787e-03 -2.175162782757494309e-04 0.000000000000000000e+00
0.000000000000000000e+00 0.000000000000000000e+00 0.000000000000000000e+00 2.122502813537811761e+01 -4.587405973343645395e-03 1.043694995961714535e-03 0.000000000000000000e+00
0.000000000000000000e+00 0.000000000000000000e+00 0.000000000000000000e+00 5.016424279735671732e-01 2.591251690593153256e+01 -1.070570780979053360e+01 0.000000000000000000e+00
0.000000000000000000e+00 0.000000000000000000e+00 0.000000000000000000e+00 8.288180758698558748e+00 -6.490126084569529219e+00 1.819117278273405081e+00 0.000000000000000000e+00
0.000000000000000000e+00 0.000000000000000000e+00 0.000000000000000000e+00 1.160143852281576127e+00 -1.996376511158003808e+01 8.315080543424587134e+00 0.000000000000000000e+00
0.000000000000000000e+00 0.000000000000000000e+00 0.000000000000000000e+00 1.880642713276728628e+01 -4.526168245206301129e-03 5.144642642993997941e-03 0.000000000000000000e+00
0.000000000000000000e+00 0.000000000000000000e+00 0.000000000000000000e+00 2.160695611603586475e+00 4.033759107033846192e+01 -1.733537065922761045e+01 0.000000000000000000e+00
0.000000000000000000e+00 0.000000000000000000e+00 0.000000000000000000e+00 9.209456022762593008e+00 -2.404777471552773704e+01 2.057525745531546946e+01 0.000000000000000000e+00
0.000000000000000000e+00 0.000000000000000000e+00 0.000000000000000000e+00 4.290908765402507541e+00 -1.354829730731443327e+01 7.756901342271272703e+00 0.000000000000000000e+00
0.000000000000000000e+00 0.000000000000000000e+00 0.000000000000000000e+00 1.119953374492597931e+01 -1.629123544405889079e-01 1.309290587154365193e+00 0.000000000000000000e+00
0.000000000000000000e+00 0.000000000000000000e+00 0.000000000000000000e+00 1.041758273743923802e+01 -5.130917243117684023e+01 7.743580496732327845e+01 0.000000000000000000e+00
0.000000000000000000e+00 0.000000000000000000e+00 0.000000000000000000e+00 2.711981888992113454e+00 -2.436181812287539472e+01 1.056169721499367320e+01 0.000000000000000000e+00
0.000000000000000000e+00 0.000000000000000000e+00 0.000000000000000000e+00 1.431191435939745205e+01 -1.924125693551213042e-03 -1.190655424924072503e-02 0.000000000000000000e+00
0.000000000000000000e+00 0.000000000000000000e+00 0.000000000000000000e+00 2.610885359984505438e+00 -1.237390934380814578e+01 5.361833080235541615e+00 0.000000000000000000e+00
0.000000000000000000e+00 0.000000000000000000e+00 0.000000000000000000e+00 5.903514209434620241e+00 -1.530240934358655025e+01 1.061054328604577002e+01 0.000000000000000000e+00
0.000000000000000000e+00 0.000000000000000000e+00 0.000000000000000000e+00 1.266666168761630074e+00 -1.937504638672074009e+01 8.066653142979921753e+00 0.000000000000000000e+00
0.000000000000000000e+00 0.000000000000000000e+00 0.000000000000000000e+00 3.640810843116242701e+00 1.771310667234565628e+01 -8.314506063276262182e+00 0.000000000000000000e+00
0.000000000000000000e+00 0.000000000000000000e+00 0.000000000000000000e+00 1.050007823781548133e+01 3.905833776492323040e+01 -6.555313406152517075e+01 0.000000000000000000e+00
0.000000000000000000e+00 0.000000000000000000e+00 0.000000000000000000e+00 2.490032985541041022e+00 4.308547486604180854e+00 -1.860832422068134928e+00 0.000000000000000000e+00
0.000000000000000000e+00 0.000000000000000000e+00 0.000000000000000000e+00 4.447323731648372025e+00 -2.118951270112535923e+01 1.101851463105333906e+01 0.000000000000000000e+00
0.000000000000000000e+00 0.000000000000000000e+00 0.000000000000000000e+00 3.950815607597325307e+00 1.483928888442938110e+01 -6.041088916304039103e+00 0.000000000000000000e+00
0.000000000000000000e+00 0.000000000000000000e+00 0.000000000000000000e+00 6.360727231325945752e+00 1.528079077197427260e+01 -1.318679177345402742e+01 0.000000000000000000e+00
0.000000000000000000e+00 0.000000000000000000e+00 0.000000000000000000e+00 3.534398500423564737e+00 1.028627427288330409e+01 -5.152556203289803349e+00 0.000000000000000000e+00
0.000000000000000000e+00 0.000000000000000000e+00 0.000000000000000000e+00 4.468989749112762588e+00 -2.156020498541496977e+01 1.111216170104649237e+01 0.000000000000000000e+00
0.000000000000000000e+00 0.000000000000000000e+00 0.000000000000000000e+00 9.073292696925230327e-01 -5.402380753074213615e+00 2.258202044338326608e+00 0.000000000000000000e+00
0.000000000000000000e+00 0.000000000000000000e+00 0.000000000000000000e+00 4.811377548846280661e-01 2.647296407732192947e+01 -1.093940824358358732e+01 0.000000000000000000e+00
0.000000000000000000e+00 0.000000000000000000e+00 0.000000000000000000e+00 5.921343041208979585e+00 -1.623309809673290260e+01 1.103072559411615039e+01 0.000000000000000000e+00
0.000000000000000000e+00 0.000000000000000000e+00 0.000000000000000000e+00 5.980540781331058042e+00 -1.815517937683945959e+01 1.167272929205484111e+01 0.000000000000000000e+00
0.000000000000000000e+00 0.000000000000000000e+00 0.000000000000000000e+00 8.248241379038859122e+00 -2.440498688681142170e+01 1.600651254116546696e+01 0.000000000000000000e+00
0.000000000000000000e+00 0.000000000000000000e+00 0.000000000000000000e+00 5.649072021205674865e+00 9.275246545794285424e+00 -3.053825630156887350e+00 0.000000000000000000e+00
0.000000000000000000e+00 0.000000000000000000e+00 0.000000000000000000e+00 1.335542880031216351e-01 1.311572500174395017e+01 -5.414206609060430608e+00 0.000000000000000000e+00
0.000000000000000000e+00 0.000000000000000000e+00 0.000000000000000000e+00 8.629349016823170127e-01 -1.360334571887128252e+00 5.799588394320449591e-01 0.000000000000000000e+00
0.000000000000000000e+00 0.000000000000000000e+00 0.000000000000000000e+00 9.213977968489976078e+00 -2.431978782434185860e+01 2.056577952841738721e+01 0.000000000000000000e+00
0.000000000000000000e+00 0.000000000000000000e+00 0.000000000000000000e+00 1.155893655367143946e+00 -1.989223966253076270e+01 8.288361117255483634e+00 0.000000000000000000e+00
0.000000000000000000e+00 0.000000000000000000e+00 0.000000000000000000e+00 9.870855135051243678e+00 1.347714157538675828e+01 -1.205246359256723521e+00 0.000000000000000000e+00
0.000000000000000000e+00 0.000000000000000000e+00 0.000000000000000000e+00 4.927086891173908967e+00 9.114817832415017307e+00 -6.536672505509666387e+00 0.000000000000000000e+00
0.000000000000000000e+00 0.000000000000000000e+00 0.000000000000000000e+00 9.714218378735203885e+00 2.648004339904830218e+01 -3.432493824636261337e+01 0.000000000000000000e+00
0.000000000000000000e+00 0.000000000000000000e+00 0.000000000000000000e+00 4.723819618105285834e+00 -1.187031942128880502e+01 4.958952390677755950e+00 0.000000000000000000e+00
0.000000000000000000e+00 0.000000000000000000e+00 0.000000000000000000e+00 7.926439635590732946e-01 5.283561478726216620e+00 -2.176160885982756810e+00 0.000000000000000000e+00
0.000000000000000000e+00 0.000000000000000000e+00 0.000000000000000000e+00 1.498494114026382107e+00 -3.355296563112238672e+00 1.320709584388594315e+00 0.000000000000000000e+00
0.000000000000000000e+00 0.000000000000000000e+00 0.000000000000000000e+00 2.969670593773878764e+00 -3.755784205277723942e+01 1.621963535865467776e+01 0.000000000000000000e+00
0.000000000000000000e+00 0.000000000000000000e+00 0.000000000000000000e+00 1.360842509188553429e+00 -1.507898872618829422e+01 6.259752031271930584e+00 0.000000000000000000e+00
0.000000000000000000e+00 0.000000000000000000e+00 0.000000000000000000e+00 4.894776957845153653e+00 5.505046712636702644e+00 -4.601424936503345720e+00 0.000000000000000000e+00
0.000000000000000000e+00 0.000000000000000000e+00 0.000000000000000000e+00 6.301748907611874451e+00 5.837702757291284961e+00 -6.726629218012004863e+00 0.000000000000000000e+00
0.000000000000000000e+00 0.000000000000000000e+00 0.000000000000000000e+00 1.267632031314605889e+01 -3.645017658946449884e-02 -9.257864929765469153e-02 0.000000000000000000e+00
0.000000000000000000e+00 0.000000000000000000e+00 0.000000000000000000e+00 5.851158608195377475e+00 -1.173981714239131335e+01 8.825987632799886740e+00 0.000000000000000000e+00
0.000000000000000000e+00 0.000000000000000000e+00 0.000000000000000000e+00 6.324053924251791692e+00 9.309324033980839630e+00 -9.116585131947035237e+00 0.000000000000000000e+00
0.000000000000000000e+00 0.000000000000000000e+00 0.000000000000000000e+00 3.407636730766739674e+00 -2.439145704542347026e+00 4.471395181691703580e-01 0.000000000000000000e+00
0.000000000000000000e+00 0.000000000000000000e+00 0.000000000000000000e+00 3.756460007675804569e+00 2.102296686465480136e+01 -9.511820362830421871e+00 0.000000000000000000e+00
0.000000000000000000e+00 0.000000000000000000e+00 0.000000000000000000e+00 3.072013316724648391e+00 -3.446674716669575389e+01 1.479592271110415780e+01 0.000000000000000000e+00
0.000000000000000000e+00 0.000000000000000000e+00 0.000000000000000000e+00 9.497772546210010436e-01 -9.014224556732269633e+00 3.758076277919726760e+00 0.000000000000000000e+00
0.000000000000000000e+00 0.000000000000000000e+00 0.000000000000000000e+00 5.444522822645672555e+00 2.914182592339329148e+01 -1.517305415792733925e+01 0.000000000000000000e+00
0.000000000000000000e+00 0.000000000000000000e+00 0.000000000000000000e+00 7.053993928995411444e+00 9.220124399885330391e+00 5.830378443641917041e-01 0.000000000000000000e+00
0.000000000000000000e+00 0.000000000000000000e+00 0.000000000000000000e+00 7.023798895832350508e-01 1.351750610644014294e+01 -5.586348734342355904e+00 0.000000000000000000e+00
0.000000000000000000e+00 0.000000000000000000e+00 0.000000000000000000e+00 1.549601327725079969e+00 2.177739059732465954e+00 -1.017076912893274843e+00 0.000000000000000000e+00
0.000000000000000000e+00 0.000000000000000000e+00 0.000000000000000000e+00 3.653991797791440455e+00 1.835673803178949370e+01 -8.578626326628201682e+00 0.000000000000000000e+00
0.000000000000000000e+00 0.000000000000000000e+00 0.000000000000000000e+00 2.422118311554107173e+00 1.376816765923988406e+01 -5.945372956330977843e+00 0.000000000000000000e+00
0.000000000000000000e+00 0.000000000000000000e+00 0.000000000000000000e+00 2.365591808161579213e+00 2.119418551489051339e+01 -9.142135002590128678e+00 0.000000000000000000e+00

Amplitudes vs time: t // theta_tt_old // theta_mt_old // alpha_cdt_old// theta_tt_opt // theta_mt_opt// alpha_cdt_opt  
0.000000000000000000e+00 6.944444444444444059e-03 9.930555555555555802e-01 0.000000000000000000e+00 1.168734905594995266e-01 7.489365239853325029e-01 0.000000000000000000e+00
1.000000000000000000e+00 2.083333333333333218e-02 9.791666666666666297e-01 0.000000000000000000e+00 3.244212412304760540e-01 7.382706654592654516e-01 0.000000000000000000e+00
2.000000000000000000e+00 3.472222222222222376e-02 9.652777777777777901e-01 0.000000000000000000e+00 4.809727335474440757e-01 7.390083460230687518e-01 0.000000000000000000e+00
3.000000000000000000e+00 4.861111111111111188e-02 9.513888888888888395e-01 0.000000000000000000e+00 5.877926616333949417e-01 7.402004970336857337e-01 0.000000000000000000e+00
4.000000000000000000e+00 6.250000000000000000e-02 9.375000000000000000e-01 0.000000000000000000e+00 6.570333980988082301e-01 7.427296579449773617e-01 0.000000000000000000e+00
5.000000000000000000e+00 7.638888888888889506e-02 9.236111111111111605e-01 0.000000000000000000e+00 7.023687118341315205e-01 7.477098635090653200e-01 0.000000000000000000e+00
6.000000000000000000e+00 9.027777777777777624e-02 9.097222222222222099e-01 0.000000000000000000e+00 7.341705912565127390e-01 7.539093288248217561e-01 0.000000000000000000e+00
7.000000000000000000e+00 1.041666666666666713e-01 8.958333333333333703e-01 0.000000000000000000e+00 7.583104288199851162e-01 7.591731511431372148e-01 0.000000000000000000e+00
8.000000000000000000e+00 1.180555555555555525e-01 8.819444444444444198e-01 0.000000000000000000e+00 7.772943631573376866e-01 7.621506144090670620e-01 0.000000000000000000e+00
9.000000000000000000e+00 1.319444444444444475e-01 8.680555555555555802e-01 0.000000000000000000e+00 7.921975142996530161e-01 7.627901613006697890e-01 0.000000000000000000e+00
1.000000000000000000e+01 1.458333333333333426e-01 8.541666666666666297e-01 0.000000000000000000e+00 8.040969947286727981e-01 7.617609526394057973e-01 0.000000000000000000e+00
1.100000000000000000e+01 1.597222222222222099e-01 8.402777777777777901e-01 0.000000000000000000e+00 8.144522048557296667e-01 7.596391987771602405e-01 0.000000000000000000e+00
1.200000000000000000e+01 1.736111111111111049e-01 8.263888888888888395e-01 0.000000000000000000e+00 8.246744478571949033e-01 7.565378429526148363e-01 0.000000000000000000e+00
1.300000000000000000e+01 1.875000000000000000e-01 8.125000000000000000e-01 0.000000000000000000e+00 8.354723966425632309e-01 7.523345846597211395e-01 0.000000000000000000e+00
1.400000000000000000e+01 2.013888888888888951e-01 7.986111111111111605e-01 0.000000000000000000e+00 8.464418327347997817e-01 7.471757422834763851e-01 0.000000000000000000e+00
1.500000000000000000e+01 2.152777777777777901e-01 7.847222222222222099e-01 0.000000000000000000e+00 8.561434782627971307e-01 7.417502056475373529e-01 0.000000000000000000e+00
1.600000000000000000e+01 2.291666666666666574e-01 7.708333333333333703e-01 0.000000000000000000e+00 8.627702017867028284e-01 7.370273421190998153e-01 0.000000000000000000e+00
1.700000000000000000e+01 2.430555555555555525e-01 7.569444444444444198e-01 0.000000000000000000e+00 8.652668079289291825e-01 7.336121233180217249e-01 0.000000000000000000e+00
1.800000000000000000e+01 2.569444444444444198e-01 7.430555555555555802e-01 0.000000000000000000e+00 8.643201174765222650e-01 7.312495623374437592e-01 0.000000000000000000e+00
1.900000000000000000e+01 2.708333333333333148e-01 7.291666666666667407e-01 0.000000000000000000e+00 8.623676660723358367e-01 7.289611049547917165e-01 0.000000000000000000e+00
2.000000000000000000e+01 2.847222222222222099e-01 7.152777777777777901e-01 0.000000000000000000e+00 8.622449165997388976e-01 7.257939032578673011e-01 0.000000000000000000e+00
2.100000000000000000e+01 2.986111111111111049e-01 7.013888888888888395e-01 0.000000000000000000e+00 8.652212802829895022e-01 7.216143735871684006e-01 0.000000000000000000e+00
2.200000000000000000e+01 3.125000000000000000e-01 6.875000000000000000e-01 0.000000000000000000e+00 8.699748634194289787e-01 7.172906360265622894e-01 0.000000000000000000e+00
2.300000000000000000e+01 3.263888888888888951e-01 6.736111111111111605e-01 0.000000000000000000e+00 8.735263350934963089e-01 7.141058768569074067e-01 0.000000000000000000e+00
2.400000000000000000e+01 3.402777777777777901e-01 6.597222222222222099e-01 0.000000000000000000e+00 8.735074111692215926e-01 7.128967350636440381e-01 0.000000000000000000e+00
2.500000000000000000e+01 3.541666666666666852e-01 6.458333333333332593e-01 0.000000000000000000e+00 8.698715187496171009e-01 7.136206798254900452e-01 0.000000000000000000e+00
2.600000000000000000e+01 3.680555555555555802e-01 6.319444444444444198e-01 0.000000000000000000e+00 8.646032245202563971e-01 7.156362492510336404e-01 0.000000000000000000e+00
2.700000000000000000e+01 3.819444444444444198e-01 6.180555555555555802e-01 0.000000000000000000e+00 8.598359333056659892e-01 7.183376711555634619e-01 0.000000000000000000e+00
2.800000000000000000e+01 3.958333333333333148e-01 6.041666666666667407e-01 0.000000000000000000e+00 8.562403379964733663e-01 7.215226782177966980e-01 0.000000000000000000e+00
2.900000000000000000e+01 4.097222222222222099e-01 5.902777777777777901e-01 0.000000000000000000e+00 8.531340312528310488e-01 7.252015499569417489e-01 0.000000000000000000e+00
3.000000000000000000e+01 4.236111111111111049e-01 5.763888888888888395e-01 0.000000000000000000e+00 8.499385971987891697e-01 7.291195579946926353e-01 0.000000000000000000e+00
3.100000000000000000e+01 4.375000000000000000e-01 5.625000000000000000e-01 0.000000000000000000e+00 8.472959155280439525e-01 7.325203122793737531e-01 0.000000000000000000e+00
3.200000000000000000e+01 4.513888888888888951e-01 5.486111111111111605e-01 0.000000000000000000e+00 8.466810095100301137e-01 7.344234314749105152e-01 0.000000000000000000e+00
3.300000000000000000e+01 4.652777777777777901e-01 5.347222222222222099e-01 0.000000000000000000e+00 8.490362835343978620e-01 7.342158485728904616e-01 0.000000000000000000e+00
3.400000000000000000e+01 4.791666666666666852e-01 5.208333333333332593e-01 0.000000000000000000e+00 8.539177658426466699e-01 7.321055674374064015e-01 0.000000000000000000e+00
3.500000000000000000e+01 4.930555555555555802e-01 5.069444444444444198e-01 0.000000000000000000e+00 8.599142803146404557e-01 7.291291924365783661e-01 0.000000000000000000e+00
3.600000000000000000e+01 5.069444444444444198e-01 4.930555555555555802e-01 0.000000000000000000e+00 8.656425724007150713e-01 7.267406982216308986e-01 0.000000000000000000e+00
3.700000000000000000e+01 5.208333333333333703e-01 4.791666666666666297e-01 0.000000000000000000e+00 8.701456920225461023e-01 7.262375917478441911e-01 0.000000000000000000e+00
3.800000000000000000e+01 5.347222222222222099e-01 4.652777777777777901e-01 0.000000000000000000e+00 8.724814134290926892e-01 7.282899957743158570e-01 0.000000000000000000e+00
3.900000000000000000e+01 5.486111111111111605e-01 4.513888888888888395e-01 0.000000000000000000e+00 8.714104419603319052e-01 7.327293789134556867e-01 0.000000000000000000e+00
4.000000000000000000e+01 5.625000000000000000e-01 4.375000000000000000e-01 0.000000000000000000e+00 8.659639343344711637e-01 7.386494561602503506e-01 0.000000000000000000e+00
4.100000000000000000e+01 5.763888888888888395e-01 4.236111111111111605e-01 0.000000000000000000e+00 8.564459320257593600e-01 7.447818973312847479e-01 0.000000000000000000e+00
4.200000000000000000e+01 5.902777777777777901e-01 4.097222222222222099e-01 0.000000000000000000e+00 8.446443149283758833e-01 7.499950425702381906e-01 0.000000000000000000e+00
4.300000000000000000e+01 6.041666666666666297e-01 3.958333333333333703e-01 0.000000000000000000e+00 8.327178088686978397e-01 7.536682636421729864e-01 0.000000000000000000e+00
4.400000000000000000e+01 6.180555555555555802e-01 3.819444444444444198e-01 0.000000000000000000e+00 8.216445075951893662e-01 7.557346436411243040e-01 0.000000000000000000e+00
4.500000000000000000e+01 6.319444444444444198e-01 3.680555555555555802e-01 0.000000000000000000e+00 8.106049090773544963e-01 7.563960346150939706e-01 0.000000000000000000e+00
4.600000000000000000e+01 6.458333333333333703e-01 3.541666666666666297e-01 0.000000000000000000e+00 7.976751641229132828e-01 7.557542921769984101e-01 0.000000000000000000e+00
4.700000000000000000e+01 6.597222222222222099e-01 3.402777777777777901e-01 0.000000000000000000e+00 7.809479461882833373e-01 7.536578649088699899e-01 0.000000000000000000e+00
4.800000000000000000e+01 6.736111111111111605e-01 3.263888888888888395e-01 0.000000000000000000e+00 7.591672217849034787e-01 7.498687431852296692e-01 0.000000000000000000e+00
4.900000000000000000e+01 6.875000000000000000e-01 3.125000000000000000e-01 0.000000000000000000e+00 7.320386676732330011e-01 7.443769107551916342e-01 0.000000000000000000e+00
5.000000000000000000e+01 7.013888888888888395e-01 2.986111111111111605e-01 0.000000000000000000e+00 7.009595565466228972e-01 7.375715839542231755e-01 0.000000000000000000e+00
5.100000000000000000e+01 7.152777777777777901e-01 2.847222222222222099e-01 0.000000000000000000e+00 6.700038025878821690e-01 7.301103409097793318e-01 0.000000000000000000e+00
5.200000000000000000e+01 7.291666666666666297e-01 2.708333333333333703e-01 0.000000000000000000e+00 6.456861544534463482e-01 7.225745266313080561e-01 0.000000000000000000e+00
5.300000000000000000e+01 7.430555555555555802e-01 2.569444444444444198e-01 0.000000000000000000e+00 6.343442132021003266e-01 7.151526859568988481e-01 0.000000000000000000e+00
5.400000000000000000e+01 7.569444444444444198e-01 2.430555555555555802e-01 0.000000000000000000e+00 6.382673407577830194e-01 7.075610571213362121e-01 0.000000000000000000e+00
5.500000000000000000e+01 7.708333333333333703e-01 2.291666666666666297e-01 0.000000000000000000e+00 6.537174466550703666e-01 6.992578108648475066e-01 0.000000000000000000e+00
5.600000000000000000e+01 7.847222222222222099e-01 2.152777777777777901e-01 0.000000000000000000e+00 6.731311024554093025e-01 6.898487826534169809e-01 0.000000000000000000e+00
5.700000000000000000e+01 7.986111111111111605e-01 2.013888888888888395e-01 0.000000000000000000e+00 6.902551190927374014e-01 6.794721730110270252e-01 0.000000000000000000e+00
5.800000000000000000e+01 8.125000000000000000e-01 1.875000000000000000e-01 0.000000000000000000e+00 7.040518785352869457e-01 6.689009317202121441e-01 0.000000000000000000e+00
5.900000000000000000e+01 8.263888888888888395e-01 1.736111111111111605e-01 0.000000000000000000e+00 7.180649496484756700e-01 6.591547026096080675e-01 0.000000000000000000e+00
6.000000000000000000e+01 8.402777777777777901e-01 1.597222222222222099e-01 0.000000000000000000e+00 7.360469204538656607e-01 6.506238008887428315e-01 0.000000000000000000e+00
6.100000000000000000e+01 8.541666666666666297e-01 1.458333333333333703e-01 0.000000000000000000e+00 7.580641575912930863e-01 6.420378720382563520e-01 0.000000000000000000e+00
6.200000000000000000e+01 8.680555555555555802e-01 1.319444444444444198e-01 0.000000000000000000e+00 7.806021745085923724e-01 6.298694761620947657e-01 0.000000000000000000e+00
6.300000000000000000e+01 8.819444444444444198e-01 1.180555555555555802e-01 0.000000000000000000e+00 8.001348922547208975e-01 6.087123410537906842e-01 0.000000000000000000e+00
6.400000000000000000e+01 8.958333333333333703e-01 1.041666666666666297e-01 0.000000000000000000e+00 8.163328236055333864e-01 5.727515906195934647e-01 0.000000000000000000e+00
6.500000000000000000e+01 9.097222222222222099e-01 9.027777777777779011e-02 0.000000000000000000e+00 8.317855399679474626e-01 5.178631521958516615e-01 0.000000000000000000e+00
6.600000000000000000e+01 9.236111111111111605e-01 7.638888888888883955e-02 0.000000000000000000e+00 8.488149536038612775e-01 4.435011561985097162e-01 0.000000000000000000e+00
6.700000000000000000e+01 9.375000000000000000e-01 6.250000000000000000e-02 0.000000000000000000e+00 8.667170378617762294e-01 3.535898430781878599e-01 0.000000000000000000e+00
6.800000000000000000e+01 9.513888888888888395e-01 4.861111111111116045e-02 0.000000000000000000e+00 8.819699860063034969e-01 2.560717550876626669e-01 0.000000000000000000e+00
6.900000000000000000e+01 9.652777777777777901e-01 3.472222222222220989e-02 0.000000000000000000e+00 8.908564331118079549e-01 1.612974741547732183e-01 0.000000000000000000e+00
7.000000000000000000e+01 9.791666666666666297e-01 2.083333333333337034e-02 0.000000000000000000e+00 8.919598798127750250e-01 7.979803945324254189e-02 0.000000000000000000e+00
7.100000000000000000e+01 9.930555555555555802e-01 6.944444444444419773e-03 0.000000000000000000e+00 8.867991585598273829e-01 2.005878175264967644e-02 0.000000000000000000e+00

Residual energy after optimization is 0.0038614499664402857 C0x=2.3954543984772427 C0z=0.8829378596659854 C0xz=1.0
Optimization procedure took 584.6648364067078 seconds