### PARAMETERS OF THE TIME EVOLUTION ### 
Total time tau = 18
Timestep dt = 1
P = tau/dt = 18
Number of Fourier coefficients Nc = 18

gamma(t) = t/T*(delta_t + \sum_i^Nc gamma_i*f_i(wi, t) 
beta(t) = (1-t/T)*(delta_t + \sum_i^Nc beta_i*f_i(wi, t)

CRAB coefficient   Cz_start// Cx_start// Cxz_start // pulses//  Cz_opt // Cx_opt // Cxz_opt  
0.000000000000000000e+00 0.000000000000000000e+00 0.000000000000000000e+00 4.618390228529074193e+01 -4.945262898611207381e-01 -1.748353094330000967e+00 0.000000000000000000e+00
0.000000000000000000e+00 0.000000000000000000e+00 0.000000000000000000e+00 3.434906101937536249e+01 -5.775011522629839179e-04 -4.715856675396130557e-03 0.000000000000000000e+00
0.000000000000000000e+00 0.000000000000000000e+00 0.000000000000000000e+00 2.068236688524090283e+01 1.595014296889547736e-03 -2.822196319433904060e-02 0.000000000000000000e+00
0.000000000000000000e+00 0.000000000000000000e+00 0.000000000000000000e+00 1.139646437278990732e+02 7.198863147541638419e-02 1.817360299235370180e-01 0.000000000000000000e+00
0.000000000000000000e+00 0.000000000000000000e+00 0.000000000000000000e+00 2.715770768134707325e+01 1.506280354020040346e-01 5.023520704141652971e-01 0.000000000000000000e+00
0.000000000000000000e+00 0.000000000000000000e+00 0.000000000000000000e+00 1.071773900720650374e+01 2.130293039360879326e-01 7.599979951142965540e-01 0.000000000000000000e+00
0.000000000000000000e+00 0.000000000000000000e+00 0.000000000000000000e+00 6.422954477882122148e+01 1.752128621175340628e+00 5.382940386329332583e+00 0.000000000000000000e+00
0.000000000000000000e+00 0.000000000000000000e+00 0.000000000000000000e+00 3.524731520539280183e+01 -8.057590073857624768e-03 2.514904202184436825e-03 0.000000000000000000e+00
0.000000000000000000e+00 0.000000000000000000e+00 0.000000000000000000e+00 3.012115651875021527e+01 6.506674808335961846e-02 1.675000207089296644e-01 0.000000000000000000e+00
0.000000000000000000e+00 0.000000000000000000e+00 0.000000000000000000e+00 3.180770497773695027e+01 -2.936560015616416965e-03 -5.422227123679543986e-03 0.000000000000000000e+00
0.000000000000000000e+00 0.000000000000000000e+00 0.000000000000000000e+00 1.019000077764083656e+01 4.650281257955203307e-01 1.646875744714927592e+00 0.000000000000000000e+00
0.000000000000000000e+00 0.000000000000000000e+00 0.000000000000000000e+00 8.848852953898735052e+01 -1.068726371352676134e-03 -3.040681650296581107e-02 0.000000000000000000e+00
0.000000000000000000e+00 0.000000000000000000e+00 0.000000000000000000e+00 2.563874462133401266e+01 -1.008037206337600855e+00 -3.576082295773091779e+00 0.000000000000000000e+00
0.000000000000000000e+00 0.000000000000000000e+00 0.000000000000000000e+00 9.479393387560497430e+00 -2.656391306311592926e-01 -9.113121135277761908e-01 0.000000000000000000e+00
0.000000000000000000e+00 0.000000000000000000e+00 0.000000000000000000e+00 1.198060626363463044e+01 -7.804272517532073739e-03 -2.145974354481694837e-02 0.000000000000000000e+00
0.000000000000000000e+00 0.000000000000000000e+00 0.000000000000000000e+00 1.600992583114887324e+01 -9.277710185742871055e-05 3.711820450219556478e-02 0.000000000000000000e+00
0.000000000000000000e+00 0.000000000000000000e+00 0.000000000000000000e+00 2.128547790015872820e+01 -2.847643239035720867e-03 5.610969134601851739e-03 0.000000000000000000e+00
0.000000000000000000e+00 0.000000000000000000e+00 0.000000000000000000e+00 4.375166391769496954e+01 -1.710446833498600494e+00 -5.253732254157274184e+00 0.000000000000000000e+00

Amplitudes vs time: t // theta_tt_old // theta_mt_old // alpha_cdt_old// theta_tt_opt // theta_mt_opt// alpha_cdt_opt  
0.000000000000000000e+00 1.977155549451249106e-01 7.540935374556969606e-01 0.000000000000000000e+00 1.961062186585418865e-01 7.526015558310418241e-01 0.000000000000000000e+00
1.000000000000000000e+00 4.668698468503732490e-01 7.447298425620161311e-01 0.000000000000000000e+00 4.644189178331980528e-01 7.433447292376205162e-01 0.000000000000000000e+00
2.000000000000000000e+00 5.946298514514298805e-01 7.404468377429274106e-01 0.000000000000000000e+00 5.927162541053679901e-01 7.393904797149828401e-01 0.000000000000000000e+00
3.000000000000000000e+00 6.607618755849189451e-01 7.375674336963919941e-01 0.000000000000000000e+00 6.590621147362248911e-01 7.367960906001406185e-01 0.000000000000000000e+00
4.000000000000000000e+00 6.990165154454687224e-01 7.349244990968291091e-01 0.000000000000000000e+00 6.979901091165578997e-01 7.339690544115695658e-01 0.000000000000000000e+00
5.000000000000000000e+00 7.245177110351275207e-01 7.308506215851036103e-01 0.000000000000000000e+00 7.232035717856686308e-01 7.305762479256003861e-01 0.000000000000000000e+00
6.000000000000000000e+00 7.411469813931821360e-01 7.273343085214745152e-01 0.000000000000000000e+00 7.405825244678257979e-01 7.264513119375644035e-01 0.000000000000000000e+00
7.000000000000000000e+00 7.537466006796464946e-01 7.213697731151733628e-01 0.000000000000000000e+00 7.530301322618170312e-01 7.214699213901996089e-01 0.000000000000000000e+00
8.000000000000000000e+00 7.629929953414911203e-01 7.159099605249954479e-01 0.000000000000000000e+00 7.621321573542736427e-01 7.152205648747457234e-01 0.000000000000000000e+00
9.000000000000000000e+00 7.691592216828335715e-01 7.073482512556039659e-01 0.000000000000000000e+00 7.689972095483099679e-01 7.070487908657300258e-01 0.000000000000000000e+00
1.000000000000000000e+01 7.755008437219697015e-01 6.954985761060166194e-01 0.000000000000000000e+00 7.745599530230494745e-01 6.956293186371629300e-01 0.000000000000000000e+00
1.100000000000000000e+01 7.803102564029064103e-01 6.796570842376901123e-01 0.000000000000000000e+00 7.797887543574633096e-01 6.790882557842650158e-01 0.000000000000000000e+00
1.200000000000000000e+01 7.862972505888641273e-01 6.531708982663020358e-01 0.000000000000000000e+00 7.858363391810068155e-01 6.540478834132247288e-01 0.000000000000000000e+00
1.300000000000000000e+01 7.965281041118008609e-01 6.139627531548506045e-01 0.000000000000000000e+00 7.946346667113509676e-01 6.144979808567765378e-01 0.000000000000000000e+00
1.400000000000000000e+01 8.109470591313825416e-01 5.473918292834285548e-01 0.000000000000000000e+00 8.103931932671142313e-01 5.484113496608946647e-01 0.000000000000000000e+00
1.500000000000000000e+01 8.433570898127309423e-01 4.388694819496432031e-01 0.000000000000000000e+00 8.406168642525763124e-01 4.412374857227357450e-01 0.000000000000000000e+00
1.600000000000000000e+01 8.807208642413769661e-01 3.024414079507119490e-01 0.000000000000000000e+00 8.812698389591184789e-01 3.012911722439319262e-01 0.000000000000000000e+00
1.700000000000000000e+01 8.623394055315590778e-01 1.240713185946819841e-01 0.000000000000000000e+00 8.665701661079738827e-01 1.245333091758340782e-01 0.000000000000000000e+00

Residual energy after optimization is 0.013903177933381982 C0x=1.0001721337565896 C0z=0.9945153063075893 C0xz=1.0
Optimization procedure took 145.69692301750183 seconds