### PARAMETERS OF THE TIME EVOLUTION ### 
Total time tau = 54
Timestep dt = 1
P = tau/dt = 54
Number of Fourier coefficients Nc = 54

gamma(t) = t/T*(delta_t + \sum_i^Nc gamma_i*f_i(wi, t) 
beta(t) = (1-t/T)*(delta_t + \sum_i^Nc beta_i*f_i(wi, t)

CRAB coefficient   Cz_start// Cx_start// Cxz_start // pulses//  Cz_opt // Cx_opt // Cxz_opt  
0.000000000000000000e+00 0.000000000000000000e+00 0.000000000000000000e+00 6.004123090174702249e+00 -1.676583078562793871e-01 1.750722648653466162e+00 0.000000000000000000e+00
0.000000000000000000e+00 0.000000000000000000e+00 0.000000000000000000e+00 1.824731362241251542e+00 5.818958442888114702e-01 -1.104741580003416601e+00 0.000000000000000000e+00
0.000000000000000000e+00 0.000000000000000000e+00 0.000000000000000000e+00 5.783962235385943451e+00 -8.403619555182650913e-03 6.076168803144760266e-01 0.000000000000000000e+00
0.000000000000000000e+00 0.000000000000000000e+00 0.000000000000000000e+00 1.262191299093821328e+00 3.351667887883418850e-01 9.454902356200223235e-01 0.000000000000000000e+00
0.000000000000000000e+00 0.000000000000000000e+00 0.000000000000000000e+00 9.176504653344666806e+00 6.721538532815597433e-01 -3.947443519912215315e+00 0.000000000000000000e+00
0.000000000000000000e+00 0.000000000000000000e+00 0.000000000000000000e+00 1.059079313256831156e+01 4.163912906650971690e-01 -2.108737604935080334e+00 0.000000000000000000e+00
0.000000000000000000e+00 0.000000000000000000e+00 0.000000000000000000e+00 1.592639043433103474e+01 -3.198660779936565940e-04 7.394449384867878006e-03 0.000000000000000000e+00
0.000000000000000000e+00 0.000000000000000000e+00 0.000000000000000000e+00 4.144054060831475539e+00 -3.867204869228199060e-01 1.263539948480333797e+00 0.000000000000000000e+00
0.000000000000000000e+00 0.000000000000000000e+00 0.000000000000000000e+00 3.870986143622066056e+00 2.113284821862496388e-01 -1.107868604835647863e+00 0.000000000000000000e+00
0.000000000000000000e+00 0.000000000000000000e+00 0.000000000000000000e+00 9.789219063668799237e-01 -4.210944866354799365e-01 2.049530761834486570e-01 0.000000000000000000e+00
0.000000000000000000e+00 0.000000000000000000e+00 0.000000000000000000e+00 1.040184710375933630e+00 -2.526260625426933748e-01 4.774292770473133052e-01 0.000000000000000000e+00
0.000000000000000000e+00 0.000000000000000000e+00 0.000000000000000000e+00 7.457764625886135867e+00 -9.852382434353847140e-02 1.008130327711551422e+00 0.000000000000000000e+00
0.000000000000000000e+00 0.000000000000000000e+00 0.000000000000000000e+00 6.957705429352454729e+00 2.332501225255592114e-01 -3.258498636535102300e+00 0.000000000000000000e+00
0.000000000000000000e+00 0.000000000000000000e+00 0.000000000000000000e+00 2.541221546898081218e+00 -5.413411300882088328e-01 4.902187646743355054e-01 0.000000000000000000e+00
0.000000000000000000e+00 0.000000000000000000e+00 0.000000000000000000e+00 7.379242564590678732e+00 -5.751404259878631353e-02 3.521189815507079213e-01 0.000000000000000000e+00
0.000000000000000000e+00 0.000000000000000000e+00 0.000000000000000000e+00 6.556152601267734248e+00 7.147940550827888706e-02 -1.393711837372121121e+00 0.000000000000000000e+00
0.000000000000000000e+00 0.000000000000000000e+00 0.000000000000000000e+00 7.628604060137019083e+00 -1.050861716340303342e-01 1.609583393678132524e+00 0.000000000000000000e+00
0.000000000000000000e+00 0.000000000000000000e+00 0.000000000000000000e+00 5.333656887711176076e+00 2.147022279508885301e-01 -1.359830533825614474e+00 0.000000000000000000e+00
0.000000000000000000e+00 0.000000000000000000e+00 0.000000000000000000e+00 1.477968143649468402e+01 2.971079897410025799e-03 4.204540330414960683e-03 0.000000000000000000e+00
0.000000000000000000e+00 0.000000000000000000e+00 0.000000000000000000e+00 8.165563513017442432e+00 3.340969036459361940e-01 -3.014102703754399926e+00 0.000000000000000000e+00
0.000000000000000000e+00 0.000000000000000000e+00 0.000000000000000000e+00 4.011114142512828273e+00 -1.030742461502893448e-01 1.643857940189550476e-02 0.000000000000000000e+00
0.000000000000000000e+00 0.000000000000000000e+00 0.000000000000000000e+00 2.345452470450623217e+00 -4.067317215069964353e-01 -5.990590679357377102e-01 0.000000000000000000e+00
0.000000000000000000e+00 0.000000000000000000e+00 0.000000000000000000e+00 5.567560206290917968e+00 1.713168797750722339e-01 -8.336633731272287129e-01 0.000000000000000000e+00
0.000000000000000000e+00 0.000000000000000000e+00 0.000000000000000000e+00 1.733592259498725197e+00 6.948138733209344720e-01 -7.139434224101486315e-01 0.000000000000000000e+00
0.000000000000000000e+00 0.000000000000000000e+00 0.000000000000000000e+00 2.200871664558001761e+00 -1.670800231211626297e-01 -1.238516248936657682e+00 0.000000000000000000e+00
0.000000000000000000e+00 0.000000000000000000e+00 0.000000000000000000e+00 2.996434271031846119e+00 4.398608135556177079e-02 1.100288697650797509e+00 0.000000000000000000e+00
0.000000000000000000e+00 0.000000000000000000e+00 0.000000000000000000e+00 8.054349243393170710e+00 2.729454392698583698e-01 -1.996710572979577769e+00 0.000000000000000000e+00
0.000000000000000000e+00 0.000000000000000000e+00 0.000000000000000000e+00 1.132795701475609818e+01 -2.159683422960456504e-04 1.805706434143402872e-01 0.000000000000000000e+00
0.000000000000000000e+00 0.000000000000000000e+00 0.000000000000000000e+00 1.374542194720040689e+00 5.620694360110193299e-01 8.119066992770740399e-01 0.000000000000000000e+00
0.000000000000000000e+00 0.000000000000000000e+00 0.000000000000000000e+00 3.875409811573647723e+00 2.017687794583244432e-01 -1.078088220792894791e+00 0.000000000000000000e+00
0.000000000000000000e+00 0.000000000000000000e+00 0.000000000000000000e+00 1.808014876639404633e+01 2.415918859858496442e-03 3.316354095198475495e-04 0.000000000000000000e+00
0.000000000000000000e+00 0.000000000000000000e+00 0.000000000000000000e+00 6.218328981252531307e+00 -1.791138849165497815e-01 1.513949000983900062e+00 0.000000000000000000e+00
0.000000000000000000e+00 0.000000000000000000e+00 0.000000000000000000e+00 8.969780219402103683e+00 -3.961919507145632013e-01 3.468891924929511816e+00 0.000000000000000000e+00
0.000000000000000000e+00 0.000000000000000000e+00 0.000000000000000000e+00 3.670188875981871490e+00 5.700730208917383912e-01 -1.911944542072643305e+00 0.000000000000000000e+00
0.000000000000000000e+00 0.000000000000000000e+00 0.000000000000000000e+00 1.237624136666715335e+00 2.769028367863685114e-01 9.409448568329161766e-01 0.000000000000000000e+00
0.000000000000000000e+00 0.000000000000000000e+00 0.000000000000000000e+00 2.292872905124399452e+00 -3.306451717182463668e-01 -8.630625137711476214e-01 0.000000000000000000e+00
0.000000000000000000e+00 0.000000000000000000e+00 0.000000000000000000e+00 8.531523288800933358e+00 -5.060334153181307582e-02 -1.100838726018337432e+00 0.000000000000000000e+00
0.000000000000000000e+00 0.000000000000000000e+00 0.000000000000000000e+00 8.760415868132032102e+00 -4.901830824009801857e-01 2.982941212173066070e+00 0.000000000000000000e+00
0.000000000000000000e+00 0.000000000000000000e+00 0.000000000000000000e+00 7.301547305431512758e-01 -9.672167329652341383e-01 -1.112405295009734063e+00 0.000000000000000000e+00
0.000000000000000000e+00 0.000000000000000000e+00 0.000000000000000000e+00 4.090739560895916505e+00 -2.781184731795379173e-01 7.596592168031643943e-01 0.000000000000000000e+00
0.000000000000000000e+00 0.000000000000000000e+00 0.000000000000000000e+00 4.220242777293200298e+00 -5.231243244793619684e-01 1.951370246160856636e+00 0.000000000000000000e+00
0.000000000000000000e+00 0.000000000000000000e+00 0.000000000000000000e+00 7.628744876424747190e+00 -1.050336138423603877e-01 1.609496074671973975e+00 0.000000000000000000e+00
0.000000000000000000e+00 0.000000000000000000e+00 0.000000000000000000e+00 2.776246601571394024e+00 -3.634711820343144995e-01 1.349748532406342516e+00 0.000000000000000000e+00
0.000000000000000000e+00 0.000000000000000000e+00 0.000000000000000000e+00 6.812882848038209760e-01 -1.030345602409081796e+00 -1.342128280991152334e+00 0.000000000000000000e+00
0.000000000000000000e+00 0.000000000000000000e+00 0.000000000000000000e+00 1.039270508806975002e+01 -5.909188979696138044e-02 -4.722164600030487325e-01 0.000000000000000000e+00
0.000000000000000000e+00 0.000000000000000000e+00 0.000000000000000000e+00 2.738110566293557646e+00 -4.152669913707044969e-01 1.278836890325598219e+00 0.000000000000000000e+00
0.000000000000000000e+00 0.000000000000000000e+00 0.000000000000000000e+00 6.347985357393705286e+00 -1.082158267005497720e-01 6.370698852549521174e-01 0.000000000000000000e+00
0.000000000000000000e+00 0.000000000000000000e+00 0.000000000000000000e+00 3.383097651920081272e+00 6.651107566707674668e-01 -1.136272405437559252e+00 0.000000000000000000e+00
0.000000000000000000e+00 0.000000000000000000e+00 0.000000000000000000e+00 4.444629671761123335e-01 -1.053764304042915878e+00 -1.901086663159111456e+00 0.000000000000000000e+00
0.000000000000000000e+00 0.000000000000000000e+00 0.000000000000000000e+00 1.792836061331627873e+00 6.270064649577545834e-01 -9.778814287833637042e-01 0.000000000000000000e+00
0.000000000000000000e+00 0.000000000000000000e+00 0.000000000000000000e+00 1.237871352431200389e+00 2.775063958107324424e-01 9.410530715331465457e-01 0.000000000000000000e+00
0.000000000000000000e+00 0.000000000000000000e+00 0.000000000000000000e+00 5.580853526990699365e+00 1.626538858543508659e-01 -7.606386243055967000e-01 0.000000000000000000e+00
0.000000000000000000e+00 0.000000000000000000e+00 0.000000000000000000e+00 1.045040818384697268e+01 -4.072526931954374430e-01 2.816976654553869697e+00 0.000000000000000000e+00
0.000000000000000000e+00 0.000000000000000000e+00 0.000000000000000000e+00 7.743726809694460478e+00 -3.864314766940411816e-02 1.221692038629077715e+00 0.000000000000000000e+00

Amplitudes vs time: t // theta_tt_old // theta_mt_old // alpha_cdt_old// theta_tt_opt // theta_mt_opt// alpha_cdt_opt  
0.000000000000000000e+00 9.259259259259258745e-03 9.907407407407406996e-01 0.000000000000000000e+00 9.504997444675149232e-02 7.571728787564551144e-01 0.000000000000000000e+00
1.000000000000000000e+00 2.777777777777777624e-02 9.722222222222222099e-01 0.000000000000000000e+00 2.762551256280760814e-01 7.399139239997432060e-01 0.000000000000000000e+00
2.000000000000000000e+00 4.629629629629629373e-02 9.537037037037037202e-01 0.000000000000000000e+00 4.342386975799333304e-01 7.331742699007488540e-01 0.000000000000000000e+00
3.000000000000000000e+00 6.481481481481481122e-02 9.351851851851852304e-01 0.000000000000000000e+00 5.608415206111121432e-01 7.313176315830939300e-01 0.000000000000000000e+00
4.000000000000000000e+00 8.333333333333332871e-02 9.166666666666666297e-01 0.000000000000000000e+00 6.547325352519545172e-01 7.307346637563096881e-01 0.000000000000000000e+00
5.000000000000000000e+00 1.018518518518518462e-01 8.981481481481481399e-01 0.000000000000000000e+00 7.201310427995486485e-01 7.297879738086943124e-01 0.000000000000000000e+00
6.000000000000000000e+00 1.203703703703703637e-01 8.796296296296296502e-01 0.000000000000000000e+00 7.642534560939089339e-01 7.274517062119361110e-01 0.000000000000000000e+00
7.000000000000000000e+00 1.388888888888888951e-01 8.611111111111111605e-01 0.000000000000000000e+00 7.947159467776135910e-01 7.223826178434069600e-01 0.000000000000000000e+00
8.000000000000000000e+00 1.574074074074074125e-01 8.425925925925925597e-01 0.000000000000000000e+00 8.178291707635179097e-01 7.133010208028169874e-01 0.000000000000000000e+00
9.000000000000000000e+00 1.759259259259259300e-01 8.240740740740740700e-01 0.000000000000000000e+00 8.379733536612360423e-01 6.999862462673185348e-01 0.000000000000000000e+00
1.000000000000000000e+01 1.944444444444444475e-01 8.055555555555555802e-01 0.000000000000000000e+00 8.576445998948493132e-01 6.836255579879670918e-01 0.000000000000000000e+00
1.100000000000000000e+01 2.129629629629629650e-01 7.870370370370369795e-01 0.000000000000000000e+00 8.777144967387122687e-01 6.660748219991956542e-01 0.000000000000000000e+00
1.200000000000000000e+01 2.314814814814814825e-01 7.685185185185184897e-01 0.000000000000000000e+00 8.977750248201835648e-01 6.487751138856534538e-01 0.000000000000000000e+00
1.300000000000000000e+01 2.500000000000000000e-01 7.500000000000000000e-01 0.000000000000000000e+00 9.166454729241053645e-01 6.323853530468130923e-01 0.000000000000000000e+00
1.400000000000000000e+01 2.685185185185185452e-01 7.314814814814813992e-01 0.000000000000000000e+00 9.329486097612176287e-01 6.173820666960767589e-01 0.000000000000000000e+00
1.500000000000000000e+01 2.870370370370370350e-01 7.129629629629630205e-01 0.000000000000000000e+00 9.454119294229916814e-01 6.048222768013142847e-01 0.000000000000000000e+00
1.600000000000000000e+01 3.055555555555555802e-01 6.944444444444444198e-01 0.000000000000000000e+00 9.526850023784818600e-01 5.962544771102353813e-01 0.000000000000000000e+00
1.700000000000000000e+01 3.240740740740740700e-01 6.759259259259259300e-01 0.000000000000000000e+00 9.530065140632950627e-01 5.926338096825878310e-01 0.000000000000000000e+00
1.800000000000000000e+01 3.425925925925926152e-01 6.574074074074074403e-01 0.000000000000000000e+00 9.444304916755761337e-01 5.932185311731692501e-01 0.000000000000000000e+00
1.900000000000000000e+01 3.611111111111111049e-01 6.388888888888888395e-01 0.000000000000000000e+00 9.259489736024497653e-01 5.956825500589987277e-01 0.000000000000000000e+00
2.000000000000000000e+01 3.796296296296296502e-01 6.203703703703703498e-01 0.000000000000000000e+00 8.988764429298652381e-01 5.977255318108880555e-01 0.000000000000000000e+00
2.100000000000000000e+01 3.981481481481481399e-01 6.018518518518518601e-01 0.000000000000000000e+00 8.672027623529989793e-01 5.990676419106072403e-01 0.000000000000000000e+00
2.200000000000000000e+01 4.166666666666666852e-01 5.833333333333332593e-01 0.000000000000000000e+00 8.361071276003759767e-01 6.021182920794377891e-01 0.000000000000000000e+00
2.300000000000000000e+01 4.351851851851851749e-01 5.648148148148148806e-01 0.000000000000000000e+00 8.092708475512605526e-01 6.104366737960174039e-01 0.000000000000000000e+00
2.400000000000000000e+01 4.537037037037037202e-01 5.462962962962962798e-01 0.000000000000000000e+00 7.868219860747099892e-01 6.258025538857101555e-01 0.000000000000000000e+00
2.500000000000000000e+01 4.722222222222222099e-01 5.277777777777777901e-01 0.000000000000000000e+00 7.655208065778293935e-01 6.459638759533044006e-01 0.000000000000000000e+00
2.600000000000000000e+01 4.907407407407407551e-01 5.092592592592593004e-01 0.000000000000000000e+00 7.411857682407800851e-01 6.648827094048952446e-01 0.000000000000000000e+00
2.700000000000000000e+01 5.092592592592593004e-01 4.907407407407406996e-01 0.000000000000000000e+00 7.116828974902560390e-01 6.756470236746061619e-01 0.000000000000000000e+00
2.800000000000000000e+01 5.277777777777777901e-01 4.722222222222222099e-01 0.000000000000000000e+00 6.784844239198831728e-01 6.743217614359318102e-01 0.000000000000000000e+00
2.900000000000000000e+01 5.462962962962962798e-01 4.537037037037037202e-01 0.000000000000000000e+00 6.460526258138675759e-01 6.622583708269584868e-01 0.000000000000000000e+00
3.000000000000000000e+01 5.648148148148147696e-01 4.351851851851852304e-01 0.000000000000000000e+00 6.199285835186161275e-01 6.453313088197273339e-01 0.000000000000000000e+00
3.100000000000000000e+01 5.833333333333333703e-01 4.166666666666666297e-01 0.000000000000000000e+00 6.049789543437366079e-01 6.305656176260289181e-01 0.000000000000000000e+00
3.200000000000000000e+01 6.018518518518518601e-01 3.981481481481481399e-01 0.000000000000000000e+00 6.044856940183679361e-01 6.222766829608971095e-01 0.000000000000000000e+00
3.300000000000000000e+01 6.203703703703703498e-01 3.796296296296296502e-01 0.000000000000000000e+00 6.196892800128905865e-01 6.200511969858956141e-01 0.000000000000000000e+00
3.400000000000000000e+01 6.388888888888888395e-01 3.611111111111111605e-01 0.000000000000000000e+00 6.492234228249945671e-01 6.195885730186118101e-01 0.000000000000000000e+00
3.500000000000000000e+01 6.574074074074074403e-01 3.425925925925925597e-01 0.000000000000000000e+00 6.886958223876201712e-01 6.155635882868276676e-01 0.000000000000000000e+00
3.600000000000000000e+01 6.759259259259259300e-01 3.240740740740740700e-01 0.000000000000000000e+00 7.313702333786877841e-01 6.045358259962154701e-01 0.000000000000000000e+00
3.700000000000000000e+01 6.944444444444444198e-01 3.055555555555555802e-01 0.000000000000000000e+00 7.704305603301033756e-01 5.861921531782875450e-01 0.000000000000000000e+00
3.800000000000000000e+01 7.129629629629629095e-01 2.870370370370370905e-01 0.000000000000000000e+00 8.018844096489539108e-01 5.625225143543919337e-01 0.000000000000000000e+00
3.900000000000000000e+01 7.314814814814815103e-01 2.685185185185184897e-01 0.000000000000000000e+00 8.261917963069881354e-01 5.358774643738650756e-01 0.000000000000000000e+00
4.000000000000000000e+01 7.500000000000000000e-01 2.500000000000000000e-01 0.000000000000000000e+00 8.473371290148344892e-01 5.073355112955367785e-01 0.000000000000000000e+00
4.100000000000000000e+01 7.685185185185184897e-01 2.314814814814815103e-01 0.000000000000000000e+00 8.699277875383089054e-01 4.762629883710156053e-01 0.000000000000000000e+00
4.200000000000000000e+01 7.870370370370370905e-01 2.129629629629629095e-01 0.000000000000000000e+00 8.963531915116076387e-01 4.409760468015033741e-01 0.000000000000000000e+00
4.300000000000000000e+01 8.055555555555555802e-01 1.944444444444444198e-01 0.000000000000000000e+00 9.257528342974850055e-01 3.998002970528503064e-01 0.000000000000000000e+00
4.400000000000000000e+01 8.240740740740740700e-01 1.759259259259259300e-01 0.000000000000000000e+00 9.548661764146715303e-01 3.519058938032081363e-01 0.000000000000000000e+00
4.500000000000000000e+01 8.425925925925925597e-01 1.574074074074074403e-01 0.000000000000000000e+00 9.794494087010885419e-01 2.977716856131443768e-01 0.000000000000000000e+00
4.600000000000000000e+01 8.611111111111111605e-01 1.388888888888888395e-01 0.000000000000000000e+00 9.951331789559623164e-01 2.394337754360943982e-01 0.000000000000000000e+00
4.700000000000000000e+01 8.796296296296296502e-01 1.203703703703703498e-01 0.000000000000000000e+00 9.979237308984787447e-01 1.805355840688083469e-01 0.000000000000000000e+00
4.800000000000000000e+01 8.981481481481481399e-01 1.018518518518518601e-01 0.000000000000000000e+00 9.853322904885987166e-01 1.258872165376834773e-01 0.000000000000000000e+00
4.900000000000000000e+01 9.166666666666666297e-01 8.333333333333337034e-02 0.000000000000000000e+00 9.582781162385476392e-01 8.025944908643138642e-02 0.000000000000000000e+00
5.000000000000000000e+01 9.351851851851852304e-01 6.481481481481476958e-02 0.000000000000000000e+00 9.222725287492650192e-01 4.666333785140744372e-02 0.000000000000000000e+00
5.100000000000000000e+01 9.537037037037037202e-01 4.629629629629627985e-02 0.000000000000000000e+00 8.859433777841455582e-01 2.501147164818622037e-02 0.000000000000000000e+00
5.200000000000000000e+01 9.722222222222222099e-01 2.777777777777779011e-02 0.000000000000000000e+00 8.567267911368321442e-01 1.217053480453876048e-02 0.000000000000000000e+00
5.300000000000000000e+01 9.907407407407406996e-01 9.259259259259300379e-03 0.000000000000000000e+00 8.362569422027545940e-01 3.699260669032251696e-03 0.000000000000000000e+00

Residual energy after optimization is 8.440160977961435e-07 C0x=0.39244533670890697 C0z=0.8277933244501214 C0xz=1.0
Optimization procedure took 265.8306179046631 seconds