### PARAMETERS OF THE TIME EVOLUTION ### 
Total time tau = 18
Timestep dt = 1
P = tau/dt = 18
Number of Fourier coefficients Nc = 18

gamma(t) = t/T*(delta_t + \sum_i^Nc gamma_i*f_i(wi, t) 
beta(t) = (1-t/T)*(delta_t + \sum_i^Nc beta_i*f_i(wi, t)

CRAB coefficient   Cz_start// pulses//  Cz_opt  
0.000000000000000000e+00 2.575925518974147366e+01 -3.247268173380953461e-03
0.000000000000000000e+00 6.347088339292398906e+00 -1.222478301372308351e+01
0.000000000000000000e+00 4.886764833409056763e+00 3.595864766925349443e+01
0.000000000000000000e+00 4.310904678764210018e+00 -1.406304947165602925e+01
0.000000000000000000e+00 1.633756203604391999e+00 -8.735372773471056007e+00
0.000000000000000000e+00 6.625654422249761533e-01 -7.586793835174245437e+00
0.000000000000000000e+00 1.711611233422499367e+01 2.338661337340006748e-03
0.000000000000000000e+00 5.932020595629767357e+00 2.628108194184834190e+01
0.000000000000000000e+00 8.414042998035602849e+00 5.712428086503930080e-01
0.000000000000000000e+00 3.099355888192262043e+00 3.995190265150967424e+00
0.000000000000000000e+00 1.571142395102265787e+01 2.140040339640003793e-03
0.000000000000000000e+00 3.672929827927149948e-01 -3.357693547495571096e+01
0.000000000000000000e+00 7.663747611461283249e+00 3.396342073462755629e+00
0.000000000000000000e+00 2.368762158804284823e+01 -2.212876701808796475e-04
0.000000000000000000e+00 5.320368702251373705e+00 -3.933408722758742471e+01
0.000000000000000000e+00 8.772861338342363702e-01 3.189617018712912611e+01
0.000000000000000000e+00 7.976375331591599505e+00 -2.899917355414609155e+00
0.000000000000000000e+00 1.091229713003519031e+01 -5.631903988319730478e-03

Amplitudes vs time: t // theta_tt_old // theta_mt_old // alpha_cdt_old//theta_ttdot_old // theta_tt_opt // theta_mt_opt// alpha_cdt_opt// theta_ttdot_opt //  
0.000000000000000000e+00 2.777777777777777624e-02 9.722222222222222099e-01 0.000000000000000000e+00 5.555555555555555247e-02 7.655623518440593522e-02 9.722222222222222099e-01 0.000000000000000000e+00 0.000000000000000000e+00
1.000000000000000000e+00 8.333333333333332871e-02 9.166666666666666297e-01 0.000000000000000000e+00 5.555555555555555247e-02 2.203125623017975210e-01 9.166666666666666297e-01 0.000000000000000000e+00 0.000000000000000000e+00
2.000000000000000000e+00 1.388888888888888951e-01 8.611111111111111605e-01 0.000000000000000000e+00 5.555555555555555247e-02 3.653707666541810561e-01 8.611111111111111605e-01 0.000000000000000000e+00 0.000000000000000000e+00
3.000000000000000000e+00 1.944444444444444475e-01 8.055555555555555802e-01 0.000000000000000000e+00 5.555555555555555247e-02 4.303331420161577436e-01 8.055555555555555802e-01 0.000000000000000000e+00 0.000000000000000000e+00
4.000000000000000000e+00 2.500000000000000000e-01 7.500000000000000000e-01 0.000000000000000000e+00 5.555555555555555247e-02 4.606264951943197516e-01 7.500000000000000000e-01 0.000000000000000000e+00 0.000000000000000000e+00
5.000000000000000000e+00 3.055555555555555802e-01 6.944444444444444198e-01 0.000000000000000000e+00 5.555555555555555247e-02 4.814857019557582385e-01 6.944444444444444198e-01 0.000000000000000000e+00 0.000000000000000000e+00
6.000000000000000000e+00 3.611111111111111049e-01 6.388888888888888395e-01 0.000000000000000000e+00 5.555555555555555247e-02 4.925627097709965874e-01 6.388888888888888395e-01 0.000000000000000000e+00 0.000000000000000000e+00
7.000000000000000000e+00 4.166666666666666852e-01 5.833333333333332593e-01 0.000000000000000000e+00 5.555555555555555247e-02 5.038367392774671938e-01 5.833333333333332593e-01 0.000000000000000000e+00 0.000000000000000000e+00
8.000000000000000000e+00 4.722222222222222099e-01 5.277777777777777901e-01 0.000000000000000000e+00 5.555555555555555247e-02 5.111968368150707764e-01 5.277777777777777901e-01 0.000000000000000000e+00 0.000000000000000000e+00
9.000000000000000000e+00 5.277777777777777901e-01 4.722222222222222099e-01 0.000000000000000000e+00 5.555555555555555247e-02 5.194241071641847451e-01 4.722222222222222099e-01 0.000000000000000000e+00 0.000000000000000000e+00
1.000000000000000000e+01 5.833333333333333703e-01 4.166666666666666297e-01 0.000000000000000000e+00 5.555555555555555247e-02 5.272140027808507323e-01 4.166666666666666297e-01 0.000000000000000000e+00 0.000000000000000000e+00
1.100000000000000000e+01 6.388888888888888395e-01 3.611111111111111605e-01 0.000000000000000000e+00 5.555555555555555247e-02 5.371097856991253749e-01 3.611111111111111605e-01 0.000000000000000000e+00 0.000000000000000000e+00
1.200000000000000000e+01 6.944444444444444198e-01 3.055555555555555802e-01 0.000000000000000000e+00 5.555555555555555247e-02 5.494379330597789490e-01 3.055555555555555802e-01 0.000000000000000000e+00 0.000000000000000000e+00
1.300000000000000000e+01 7.500000000000000000e-01 2.500000000000000000e-01 0.000000000000000000e+00 5.555555555555555247e-02 5.683880513803859502e-01 2.500000000000000000e-01 0.000000000000000000e+00 0.000000000000000000e+00
1.400000000000000000e+01 8.055555555555555802e-01 1.944444444444444198e-01 0.000000000000000000e+00 5.555555555555555247e-02 5.996852384952249260e-01 1.944444444444444198e-01 0.000000000000000000e+00 0.000000000000000000e+00
1.500000000000000000e+01 8.611111111111111605e-01 1.388888888888888395e-01 0.000000000000000000e+00 5.555555555555555247e-02 6.607427892194924768e-01 1.388888888888888395e-01 0.000000000000000000e+00 0.000000000000000000e+00
1.600000000000000000e+01 9.166666666666666297e-01 8.333333333333337034e-02 0.000000000000000000e+00 5.555555555555555247e-02 7.913764097755300320e-01 8.333333333333337034e-02 0.000000000000000000e+00 0.000000000000000000e+00
1.700000000000000000e+01 9.722222222222222099e-01 2.777777777777779011e-02 0.000000000000000000e+00 5.555555555555555247e-02 9.267579168332115147e-01 2.777777777777779011e-02 0.000000000000000000e+00 0.000000000000000000e+00

Residual energy after optimization is 0.029027642657448803
Optimization procedure took 92.1805682182312 seconds