### PARAMETERS OF THE TIME EVOLUTION ### 
Total time tau = 36
Timestep dt = 1
P = tau/dt = 36
Number of Fourier coefficients Nc = 36

gamma(t) = t/T*(delta_t + \sum_i^Nc gamma_i*f_i(wi, t) 
beta(t) = (1-t/T)*(delta_t + \sum_i^Nc beta_i*f_i(wi, t)

CRAB coefficient   Cz_start// pulses//  Cz_opt  
0.000000000000000000e+00 2.391799604378289956e+01 4.196425389608608551e-03
0.000000000000000000e+00 1.696564854524507382e+01 -9.020518214409720820e-03
0.000000000000000000e+00 2.959989159214562626e+00 2.741293147876067704e-01
0.000000000000000000e+00 3.830252691901709028e+01 -1.055624940060155141e-04
0.000000000000000000e+00 2.502453356524382500e+01 -2.608567685212079355e-03
0.000000000000000000e+00 1.172264524616867654e+01 -4.442206993750112687e-02
0.000000000000000000e+00 1.772386669487994837e+01 1.542173713360289571e-02
0.000000000000000000e+00 1.608389356344496690e+01 1.997567988265778194e-01
0.000000000000000000e+00 2.752317799507497398e+01 -2.981805382127571797e-04
0.000000000000000000e+00 7.089103477355544669e+01 2.601174969203453452e-02
0.000000000000000000e+00 8.816126120911940234e+01 -2.201368117895020015e-04
0.000000000000000000e+00 4.461699175195883527e+01 4.165679645660118726e-04
0.000000000000000000e+00 2.033883794162796477e+01 2.761045169095270504e-03
0.000000000000000000e+00 3.163291146872879267e+01 -3.668062213795920241e-04
0.000000000000000000e+00 6.326046192331492790e+01 1.883987878447578729e-02
0.000000000000000000e+00 2.264557187361052826e+01 -1.589560204691905718e-02
0.000000000000000000e+00 8.007862947359066652e+01 -2.582163051903669376e-02
0.000000000000000000e+00 6.041522051799333326e+01 1.158724844225472728e-02
0.000000000000000000e+00 6.184225256883724597e+00 -1.160127658707405862e+00
0.000000000000000000e+00 1.379901032253793502e+01 2.549472938573096523e-02
0.000000000000000000e+00 2.112956464104181364e+01 -4.004238377598856938e-03
0.000000000000000000e+00 1.023731166479292298e+01 1.913310029112143262e-02
0.000000000000000000e+00 3.632281938582795533e+01 2.756352413641686983e-03
0.000000000000000000e+00 2.939000775865620696e+00 -2.114307026140882506e-01
0.000000000000000000e+00 2.564501112252668236e+01 2.378585883893823052e-03
0.000000000000000000e+00 8.460144414897181164e+00 -3.236631443484982301e-02
0.000000000000000000e+00 5.289532037381406582e+01 -2.588445209365104662e-03
0.000000000000000000e+00 2.240500355314095060e+01 1.781980484445130561e-02
0.000000000000000000e+00 1.464654038364653488e+01 -1.858543594471089022e-02
0.000000000000000000e+00 2.434705950498861426e+01 -2.676114485166234715e-03
0.000000000000000000e+00 6.144088391317193754e+00 1.125760380176132003e+00
0.000000000000000000e+00 6.815527717723902867e+01 -6.364533373565170460e-02
0.000000000000000000e+00 1.615367717597357355e+01 -1.913647956404052330e-01
0.000000000000000000e+00 3.645165669317764667e+01 -2.742848068924042676e-03
0.000000000000000000e+00 3.108613007898009428e+01 1.760926552869374582e-04
0.000000000000000000e+00 1.378272836464511499e+02 -2.025525627747684285e-02

Amplitudes vs time: t // theta_tt_old // theta_mt_old // alpha_cdt_old//theta_ttdot_old // theta_tt_opt // theta_mt_opt// alpha_cdt_opt// theta_ttdot_opt //  
0.000000000000000000e+00 7.271876993002140965e-02 9.272812300699786459e-01 8.297742822459484510e-03 1.147672398234216851e-01 7.562831570434275230e-02 9.272812300699786459e-01 9.222790992200727636e-03 1.268220643559191951e-01
1.000000000000000000e+00 1.784226953228580104e-01 8.215773046771419619e-01 9.956811014542489915e-03 1.119394645644876257e-01 1.821423011291779248e-01 8.215773046771419619e-01 1.050021863385843142e-02 1.172200538362461325e-01
2.000000000000000000e+00 2.951734872459053083e-01 7.048265127540946917e-01 1.233377918211589312e-02 1.129777513343014489e-01 2.887155532472300834e-01 7.048265127540946917e-01 1.149483693186693391e-02 1.063722577438962202e-01
3.000000000000000000e+00 3.897908319763801477e-01 6.102091680236199078e-01 9.092015641971852580e-03 7.337643672816680784e-02 3.790743070654445934e-01 6.102091680236199078e-01 7.244314960788252739e-03 5.916393747049908391e-02
4.000000000000000000e+00 4.457318829130794136e-01 5.542681170869205864e-01 5.657452162640829070e-03 4.343843056981844253e-02 4.346240213786684015e-01 5.542681170869205864e-01 1.283249195479237376e-03 9.933761935264330545e-03
5.000000000000000000e+00 4.859193056097078078e-01 5.140806943902922477e-01 5.265124100390666632e-03 3.955040517069748768e-02 4.581454314026865982e-01 5.140806943902922477e-01 3.692066499053486828e-04 2.812027490403733176e-03
6.000000000000000000e+00 5.244774069859337029e-01 4.755225930140662971e-01 4.731507905436611351e-03 3.521658982865139703e-02 4.709990473633815511e-01 4.755225930140662971e-01 4.323033956820285760e-03 3.269184495602716484e-02
7.000000000000000000e+00 5.509112721481029817e-01 4.490887278518970183e-01 2.118829462788291654e-03 1.577939409494093226e-02 4.930003148534856106e-01 4.490887278518970183e-01 9.994017374118657066e-03 7.487992346973518232e-02
8.000000000000000000e+00 5.559980180563841579e-01 4.440019819436158421e-01 -5.128426474176284123e-04 -3.822129455658421215e-03 5.322353058581557050e-01 4.440019819436158421e-01 1.125392496125359777e-02 8.372810775412693751e-02
9.000000000000000000e+00 5.485703716247374295e-01 4.514296283752625705e-01 -1.129207824654990255e-03 -8.407134435388666227e-03 5.676532969101041326e-01 4.514296283752625705e-01 2.854771795024250731e-03 2.132947566483361229e-02
1.000000000000000000e+01 5.422419439206404013e-01 4.577580560793595987e-01 -5.519229758008235452e-04 -4.106985974504019643e-03 5.798045408808407686e-01 4.577580560793595987e-01 -1.093341342238875538e-02 -8.199676474951109184e-02
1.100000000000000000e+01 5.385025664036360293e-01 4.614974335963639707e-01 -6.444990905090516257e-04 -4.795094744330333225e-03 5.723019559218659458e-01 4.614974335963639707e-01 -1.999579766831015987e-02 -1.495932881594510266e-01
1.200000000000000000e+01 5.306040723471010523e-01 4.693959276528989477e-01 -1.513659627166769571e-03 -1.126201226970261621e-02 5.604537631428652134e-01 4.693959276528989477e-01 -1.809984921561538437e-02 -1.350070469743846202e-01
1.300000000000000000e+01 5.168771450962847958e-01 4.831228549037152042e-01 -2.068213630744723114e-03 -1.540718882471808771e-02 5.483058235812539039e-01 4.831228549037152042e-01 -6.004339585632595400e-03 -4.470200218560735350e-02
1.400000000000000000e+01 5.007500790571627336e-01 4.992499209428372664e-01 -2.259892414993246688e-03 -1.689222956079445420e-02 5.358089175167017881e-01 4.992499209428372664e-01 8.434765470557612291e-03 6.275203510350228775e-02
1.500000000000000000e+01 4.824646097183919458e-01 5.175353902816079987e-01 -2.627035454417893292e-03 -1.976127881769280600e-02 5.146205914349782917e-01 5.175353902816079987e-01 2.308335777855792872e-02 1.720198645354373557e-01
1.600000000000000000e+01 4.630335121229514073e-01 5.369664878770485927e-01 -2.240346075378095089e-03 -1.701463231612920790e-02 4.861067521685965009e-01 5.369664878770485927e-01 3.585210346432962658e-02 2.692930832811461506e-01
1.700000000000000000e+01 4.539548601216590873e-01 5.460451398783409127e-01 1.941101219322456282e-04 1.482263435442540689e-03 4.484911200608736603e-01 5.460451398783409127e-01 4.137298963940962832e-02 3.170653330562462346e-01
1.800000000000000000e+01 4.683482992947568535e-01 5.316517007052431465e-01 3.496933426917501597e-03 2.648089910608835557e-02 4.187098299189282447e-01 5.316517007052431465e-01 4.295938928048791128e-02 3.369836138919281576e-01
1.900000000000000000e+01 5.016484752170233818e-01 4.983515247829766182e-01 4.879112865815404300e-03 3.646149501902661710e-02 4.389181112208599411e-01 4.983515247829766182e-01 4.350967732910981933e-02 3.357149066875509957e-01
2.000000000000000000e+01 5.350772095385240013e-01 4.649227904614759987e-01 3.864493098082495779e-03 2.875055681154168805e-02 5.060444994855515244e-01 4.649227904614759987e-01 3.087105089363690116e-02 2.304455955819080526e-01
2.100000000000000000e+01 5.596099727748881092e-01 4.403900272251118908e-01 2.952951506380117625e-03 2.202238220492121895e-02 5.658953515823156311e-01 4.403900272251118908e-01 2.215376610947366719e-03 1.654482723189332205e-02
2.200000000000000000e+01 5.830953761006202329e-01 4.169046238993797671e-01 3.514440387349212352e-03 2.638918686796689825e-02 5.974778794296635720e-01 4.169046238993797671e-01 -2.987146715777585018e-02 -2.257186390127682296e-01
2.300000000000000000e+01 6.128661132012745982e-01 3.871338867987254018e-01 4.231492776040757589e-03 3.224776345373963488e-02 6.061063291739253733e-01 3.871338867987254018e-01 -4.954079649784640105e-02 -3.760536962292015950e-01
2.400000000000000000e+01 6.446849194256274451e-01 3.553150805743725549e-01 3.831136548805343361e-03 2.988026398703333419e-02 6.048873215749474008e-01 3.553150805743725549e-01 -5.405354234595842466e-02 -4.100312451887754284e-01
2.500000000000000000e+01 6.704876280951859169e-01 3.295123719048140831e-01 2.655910030465279646e-03 2.121666897977726035e-02 6.120571873055259404e-01 3.295123719048140831e-01 -4.868655153567960636e-02 -3.708526938964597508e-01
2.600000000000000000e+01 6.872605969192340236e-01 3.127394030807659764e-01 1.597096907072323175e-03 1.298885181873086006e-02 6.327940879821055686e-01 3.127394030807659764e-01 -4.097576593261471195e-02 -3.165605812427305654e-01
2.700000000000000000e+01 6.990384202398276514e-01 3.009615797601723486e-01 1.507608607415917819e-03 1.242899863942935682e-02 6.561118834827864843e-01 3.009615797601723486e-01 -3.269935184882694079e-02 -2.576112716808671155e-01
2.800000000000000000e+01 7.161674796010548683e-01 2.838325203989451317e-01 2.791262031591812583e-03 2.350519617523961005e-02 6.851632314321924877e-01 2.838325203989451317e-01 -2.594485952681871085e-02 -2.105119870387180681e-01
2.900000000000000000e+01 7.471148875049237192e-01 2.528851124950762808e-01 4.269572321649241220e-03 3.750791474691349964e-02 7.192285714355930448e-01 2.528851124950762808e-01 -1.920269705144453387e-02 -1.623480130876636673e-01
3.000000000000000000e+01 7.873654802805171160e-01 2.126345197194828840e-01 4.368689367487509426e-03 4.082096739647428363e-02 7.603366314481123656e-01 2.126345197194828840e-01 -7.516036763492896754e-03 -6.732781216549876824e-02
3.100000000000000000e+01 8.264928260491812839e-01 1.735071739508187161e-01 3.794233156578551928e-03 3.786764381286700232e-02 8.108433272519004475e-01 1.735071739508187161e-01 9.182191160873149141e-03 8.920332423721810677e-02
3.200000000000000000e+01 8.664039626433996943e-01 1.335960373566003057e-01 4.090484884532033689e-03 4.386525505592601959e-02 8.688679877260749862e-01 1.335960373566003057e-01 1.733644511529051913e-02 1.867611749606290783e-01
3.300000000000000000e+01 9.151499792744300921e-01 8.485002072556990793e-02 4.415624442599028546e-03 5.193194269866358709e-02 9.250672126912843352e-01 8.485002072556990793e-02 1.248077546862193937e-02 1.496366206053300896e-01
3.400000000000000000e+01 9.634005059083017297e-01 3.659949409169827028e-02 3.144511782899724224e-03 4.065095995743776836e-02 9.647925184745174132e-01 3.659949409169827028e-02 4.452516471613935517e-03 5.771936915679364011e-02
3.500000000000000000e+01 9.923473559035868030e-01 7.652644096413196984e-03 1.327821233389318151e-03 1.818360523113208421e-02 9.901327681582492435e-01 7.652644096413196984e-03 -2.426439860394719299e-04 -3.308180964614815950e-03

Residual energy after optimization is 0.0017208398546340843
Optimization procedure took 28.976994276046753 seconds