### PARAMETERS OF THE TIME EVOLUTION ### 
Total time tau = 15
Timestep dt = 1
P = tau/dt = 15
Number of Fourier coefficients Nc = 15

gamma(t) = t/T*(delta_t + \sum_i^Nc gamma_i*f_i(wi, t) 
beta(t) = (1-t/T)*(delta_t + \sum_i^Nc beta_i*f_i(wi, t)

CRAB coefficient   Cz_start// Cx_start// Cxz_start // pulses//  Cz_opt // Cx_opt // Cxz_opt  
0.000000000000000000e+00 0.000000000000000000e+00 0.000000000000000000e+00 3.440299285719479183e+00 -2.328608323296409921e+01 4.569241966816766620e+01 0.000000000000000000e+00
0.000000000000000000e+00 0.000000000000000000e+00 0.000000000000000000e+00 4.636822416049507289e+00 -3.711077101361260020e+02 7.112801664431112840e+02 0.000000000000000000e+00
0.000000000000000000e+00 0.000000000000000000e+00 0.000000000000000000e+00 1.824869074987646833e+00 1.960203837601084729e+02 -3.824500475273989082e+02 0.000000000000000000e+00
0.000000000000000000e+00 0.000000000000000000e+00 0.000000000000000000e+00 2.909072722570781311e-01 -7.799629965777875213e+02 1.513948655753121329e+03 0.000000000000000000e+00
0.000000000000000000e+00 0.000000000000000000e+00 0.000000000000000000e+00 9.267138273493321421e+00 -5.659220645336966726e-02 1.243784674587468386e-01 0.000000000000000000e+00
0.000000000000000000e+00 0.000000000000000000e+00 0.000000000000000000e+00 7.026486072835248287e+00 2.422976757279470306e+01 -4.618979755719110614e+01 0.000000000000000000e+00
0.000000000000000000e+00 0.000000000000000000e+00 0.000000000000000000e+00 5.473137110263583516e+00 1.759633618404804523e+01 -3.367909594003022278e+01 0.000000000000000000e+00
0.000000000000000000e+00 0.000000000000000000e+00 0.000000000000000000e+00 4.607989959006199676e+00 3.366194085344021687e+02 -6.438768214754676364e+02 0.000000000000000000e+00
0.000000000000000000e+00 0.000000000000000000e+00 0.000000000000000000e+00 5.583367249106810926e-01 2.592515931581234554e+02 -5.063722311978737025e+02 0.000000000000000000e+00
0.000000000000000000e+00 0.000000000000000000e+00 0.000000000000000000e+00 1.343134627121826297e+00 -1.086354113533801410e+03 2.113006386330594069e+03 0.000000000000000000e+00
0.000000000000000000e+00 0.000000000000000000e+00 0.000000000000000000e+00 6.639243190023769614e+00 -1.729544317689756028e+01 3.298761930635016171e+01 0.000000000000000000e+00
0.000000000000000000e+00 0.000000000000000000e+00 0.000000000000000000e+00 1.162074593782259635e+00 1.043101631162702915e+03 -2.023401878797342533e+03 0.000000000000000000e+00
0.000000000000000000e+00 0.000000000000000000e+00 0.000000000000000000e+00 8.346074448804364110e+00 4.220847793410943960e-01 -8.081004002821347010e-01 0.000000000000000000e+00
0.000000000000000000e+00 0.000000000000000000e+00 0.000000000000000000e+00 7.288502681673684869e+00 -1.177846984303721989e+01 2.250355441230448150e+01 0.000000000000000000e+00
0.000000000000000000e+00 0.000000000000000000e+00 0.000000000000000000e+00 4.374948481155749747e+00 3.464856973941724760e+01 -6.809661766356938983e+01 0.000000000000000000e+00

Amplitudes vs time: t // theta_tt_old // theta_mt_old // alpha_cdt_old// theta_tt_opt // theta_mt_opt// alpha_cdt_opt  
0.000000000000000000e+00 3.333333333333333287e-02 9.666666666666666741e-01 0.000000000000000000e+00 2.065391100438616068e-01 7.470536819243309701e-01 0.000000000000000000e+00
1.000000000000000000e+00 1.000000000000000056e-01 9.000000000000000222e-01 0.000000000000000000e+00 4.808593183966163309e-01 7.363882966321395607e-01 0.000000000000000000e+00
2.000000000000000000e+00 1.666666666666666574e-01 8.333333333333333703e-01 0.000000000000000000e+00 6.076373710931577410e-01 7.307063408839371554e-01 0.000000000000000000e+00
3.000000000000000000e+00 2.333333333333333370e-01 7.666666666666666075e-01 0.000000000000000000e+00 6.725637897158154299e-01 7.263872118066401207e-01 0.000000000000000000e+00
4.000000000000000000e+00 2.999999999999999889e-01 6.999999999999999556e-01 0.000000000000000000e+00 7.107149587905974286e-01 7.211948174626869879e-01 0.000000000000000000e+00
5.000000000000000000e+00 3.666666666666666408e-01 6.333333333333333037e-01 0.000000000000000000e+00 7.345498668688468236e-01 7.153143066550566864e-01 0.000000000000000000e+00
6.000000000000000000e+00 4.333333333333333481e-01 5.666666666666666519e-01 0.000000000000000000e+00 7.517964284607092651e-01 7.073655985806774904e-01 0.000000000000000000e+00
7.000000000000000000e+00 5.000000000000000000e-01 5.000000000000000000e-01 0.000000000000000000e+00 7.625510658256099417e-01 6.973841451056475016e-01 0.000000000000000000e+00
8.000000000000000000e+00 5.666666666666666519e-01 4.333333333333333481e-01 0.000000000000000000e+00 7.726591443938399806e-01 6.816177729320818113e-01 0.000000000000000000e+00
9.000000000000000000e+00 6.333333333333333037e-01 3.666666666666666963e-01 0.000000000000000000e+00 7.800107866900285458e-01 6.593433000588148074e-01 0.000000000000000000e+00
1.000000000000000000e+01 6.999999999999999556e-01 3.000000000000000444e-01 0.000000000000000000e+00 7.904048846319471355e-01 6.207507341296000236e-01 0.000000000000000000e+00
1.100000000000000000e+01 7.666666666666667185e-01 2.333333333333332815e-01 0.000000000000000000e+00 8.060068325392909516e-01 5.582692060356628794e-01 0.000000000000000000e+00
1.200000000000000000e+01 8.333333333333333703e-01 1.666666666666666297e-01 0.000000000000000000e+00 8.372577279045707588e-01 4.491751109935752662e-01 0.000000000000000000e+00
1.300000000000000000e+01 9.000000000000000222e-01 9.999999999999997780e-02 0.000000000000000000e+00 8.828516194167272957e-01 3.066228566927355903e-01 0.000000000000000000e+00
1.400000000000000000e+01 9.666666666666666741e-01 3.333333333333332593e-02 0.000000000000000000e+00 8.722995157834192437e-01 1.286664079297004104e-01 0.000000000000000000e+00

Residual energy after optimization is 0.014954793901938232 C0x=4.410474809561328 C0z=0.8362049466744954 C0xz=1.0
Optimization procedure took 15.847606897354126 seconds