### PARAMETERS OF THE TIME EVOLUTION ### 
Total time tau = 81
Timestep dt = 1
P = tau/dt = 81
Number of Fourier coefficients Nc = 81

gamma(t) = t/T*(delta_t + \sum_i^Nc gamma_i*f_i(wi, t) 
beta(t) = (1-t/T)*(delta_t + \sum_i^Nc beta_i*f_i(wi, t)

CRAB coefficient   Cz_start// Cx_start// Cxz_start // pulses//  Cz_opt // Cx_opt // Cxz_opt  
0.000000000000000000e+00 0.000000000000000000e+00 0.000000000000000000e+00 7.179727954858164729e+00 -3.542806253477560841e+00 1.913296342255628835e+00 0.000000000000000000e+00
0.000000000000000000e+00 0.000000000000000000e+00 0.000000000000000000e+00 1.026988099683729594e+01 -1.094557019442510826e-01 -4.746980984403173842e+00 0.000000000000000000e+00
0.000000000000000000e+00 0.000000000000000000e+00 0.000000000000000000e+00 2.715231458067551173e+00 9.912870576839297732e-01 -7.933787705924921774e-01 0.000000000000000000e+00
0.000000000000000000e+00 0.000000000000000000e+00 0.000000000000000000e+00 6.877833953005908718e+00 -1.202581319768740187e+01 -7.980864270258354320e-01 0.000000000000000000e+00
0.000000000000000000e+00 0.000000000000000000e+00 0.000000000000000000e+00 7.238209759339992999e+00 -5.505146731223794498e-01 2.238888455219156359e+00 0.000000000000000000e+00
0.000000000000000000e+00 0.000000000000000000e+00 0.000000000000000000e+00 7.990909562001649924e+00 8.184269522225738669e+00 -2.515613534545669161e+00 0.000000000000000000e+00
0.000000000000000000e+00 0.000000000000000000e+00 0.000000000000000000e+00 3.774756699903585311e+00 3.528671229750986349e+00 9.869526187388244498e-01 0.000000000000000000e+00
0.000000000000000000e+00 0.000000000000000000e+00 0.000000000000000000e+00 1.895315479831337413e+01 4.796138637538301108e-02 -4.502545967135000715e-02 0.000000000000000000e+00
0.000000000000000000e+00 0.000000000000000000e+00 0.000000000000000000e+00 6.976131006620863495e+00 -1.089070150199371412e+01 1.615399127551452596e-01 0.000000000000000000e+00
0.000000000000000000e+00 0.000000000000000000e+00 0.000000000000000000e+00 1.877024205692602532e+00 2.732528140957639184e+00 7.498021618124652843e-01 0.000000000000000000e+00
0.000000000000000000e+00 0.000000000000000000e+00 0.000000000000000000e+00 3.731507762677895634e+00 1.984545810777994523e+00 8.793455268891582355e-01 0.000000000000000000e+00
0.000000000000000000e+00 0.000000000000000000e+00 0.000000000000000000e+00 6.436746650472759512e+00 1.124690309578544323e+00 -2.512483984013588412e+00 0.000000000000000000e+00
0.000000000000000000e+00 0.000000000000000000e+00 0.000000000000000000e+00 4.092990305505622040e+00 9.702613530204722281e+00 5.624148057828080027e-01 0.000000000000000000e+00
0.000000000000000000e+00 0.000000000000000000e+00 0.000000000000000000e+00 1.894630341974519405e+00 3.316410623018021475e+00 8.249693516196040521e-01 0.000000000000000000e+00
0.000000000000000000e+00 0.000000000000000000e+00 0.000000000000000000e+00 1.545208660107810239e+01 -3.312608992785817108e+00 1.234858581637817032e+00 0.000000000000000000e+00
0.000000000000000000e+00 0.000000000000000000e+00 0.000000000000000000e+00 5.043058207982916485e+00 -1.890437920064092481e+01 -8.252737639398676217e-01 0.000000000000000000e+00
0.000000000000000000e+00 0.000000000000000000e+00 0.000000000000000000e+00 2.660326188954371229e+00 3.046707258291287967e+00 -4.886933421035396519e-01 0.000000000000000000e+00
0.000000000000000000e+00 0.000000000000000000e+00 0.000000000000000000e+00 8.307948858139960535e+00 -2.106377386113706862e+01 -2.491015374380997738e+00 0.000000000000000000e+00
0.000000000000000000e+00 0.000000000000000000e+00 0.000000000000000000e+00 7.063007035665025413e-01 1.136219482552910698e+01 1.610748422184046458e+00 0.000000000000000000e+00
0.000000000000000000e+00 0.000000000000000000e+00 0.000000000000000000e+00 1.602396757535505500e+01 1.530203282594999159e+00 -4.888008243457502289e-01 0.000000000000000000e+00
0.000000000000000000e+00 0.000000000000000000e+00 0.000000000000000000e+00 1.370000272555059517e+01 -3.316578920653900298e+01 1.090325933964414062e+01 0.000000000000000000e+00
0.000000000000000000e+00 0.000000000000000000e+00 0.000000000000000000e+00 3.309128971138481035e+00 -1.093435505229776261e+01 -1.161379458899016726e+00 0.000000000000000000e+00
0.000000000000000000e+00 0.000000000000000000e+00 0.000000000000000000e+00 1.070935662774943076e+01 -1.544074151714861287e+01 8.887219127036605215e+00 0.000000000000000000e+00
0.000000000000000000e+00 0.000000000000000000e+00 0.000000000000000000e+00 1.212212242036686316e+00 -5.254524342671771819e+00 -8.758056711969076646e-01 0.000000000000000000e+00
0.000000000000000000e+00 0.000000000000000000e+00 0.000000000000000000e+00 2.325671889057825847e+00 1.090696601078811945e+01 1.179858192167728470e+00 0.000000000000000000e+00
0.000000000000000000e+00 0.000000000000000000e+00 0.000000000000000000e+00 3.714313661693125379e+00 1.350230333090376433e+00 8.268893123069203099e-01 0.000000000000000000e+00
0.000000000000000000e+00 0.000000000000000000e+00 0.000000000000000000e+00 2.000380897109198131e+01 -7.670323454137428776e-02 1.789311281834023715e-01 0.000000000000000000e+00
0.000000000000000000e+00 0.000000000000000000e+00 0.000000000000000000e+00 1.986991133359663486e+00 6.224980441498362715e+00 1.163254151988458940e+00 0.000000000000000000e+00
0.000000000000000000e+00 0.000000000000000000e+00 0.000000000000000000e+00 7.518954548993225906e+00 1.378428784468078128e+01 2.038864853476240135e+00 0.000000000000000000e+00
0.000000000000000000e+00 0.000000000000000000e+00 0.000000000000000000e+00 1.596451972321137003e+00 -5.591896895611165874e+00 -5.411149432470904186e-01 0.000000000000000000e+00
0.000000000000000000e+00 0.000000000000000000e+00 0.000000000000000000e+00 4.445867825936200113e+00 1.037525498867440055e+00 -1.536449027545272461e+00 0.000000000000000000e+00
0.000000000000000000e+00 0.000000000000000000e+00 0.000000000000000000e+00 1.838707572223391429e-01 7.779085330985068936e+00 1.217013069491879707e+00 0.000000000000000000e+00
0.000000000000000000e+00 0.000000000000000000e+00 0.000000000000000000e+00 4.648431234001632717e+00 -8.412849611562146279e+00 -2.301020078000147517e+00 0.000000000000000000e+00
0.000000000000000000e+00 0.000000000000000000e+00 0.000000000000000000e+00 4.718843345218467711e+00 -1.154217329019952309e+01 -2.342279556575677102e+00 0.000000000000000000e+00
0.000000000000000000e+00 0.000000000000000000e+00 0.000000000000000000e+00 1.999639901983891077e+00 6.591238971419366877e+00 1.200435919841679633e+00 0.000000000000000000e+00
0.000000000000000000e+00 0.000000000000000000e+00 0.000000000000000000e+00 6.391307379503903263e+00 3.299661149815548367e+00 -2.320537920529564424e+00 0.000000000000000000e+00
0.000000000000000000e+00 0.000000000000000000e+00 0.000000000000000000e+00 2.029759207177445290e+01 3.617671939393699021e-02 -1.931226696519958430e-01 0.000000000000000000e+00
0.000000000000000000e+00 0.000000000000000000e+00 0.000000000000000000e+00 3.837511877771646152e+00 5.576980628989004707e+00 1.075802030260196940e+00 0.000000000000000000e+00
0.000000000000000000e+00 0.000000000000000000e+00 0.000000000000000000e+00 1.204665447057115646e+00 -5.077846085616560146e+00 -8.551415454092090584e-01 0.000000000000000000e+00
0.000000000000000000e+00 0.000000000000000000e+00 0.000000000000000000e+00 7.701025153932026690e+00 1.789648345047988798e+01 4.523173956944347429e-01 0.000000000000000000e+00
0.000000000000000000e+00 0.000000000000000000e+00 0.000000000000000000e+00 1.574406690699176048e+00 -6.029695484721679044e+00 -6.254492777947220361e-01 0.000000000000000000e+00
0.000000000000000000e+00 0.000000000000000000e+00 0.000000000000000000e+00 1.736582288977034150e+00 -1.878381442245760313e+00 9.002852620587881161e-02 0.000000000000000000e+00
0.000000000000000000e+00 0.000000000000000000e+00 0.000000000000000000e+00 3.869153133400681455e+00 6.492471759304208057e+00 1.088838850393945901e+00 0.000000000000000000e+00
0.000000000000000000e+00 0.000000000000000000e+00 0.000000000000000000e+00 2.203545637583624206e+00 1.066415242333558666e+01 1.423410809269662014e+00 0.000000000000000000e+00
0.000000000000000000e+00 0.000000000000000000e+00 0.000000000000000000e+00 1.147163107200417187e+01 1.624325110090512325e+01 -5.182368797660144022e-01 0.000000000000000000e+00
0.000000000000000000e+00 0.000000000000000000e+00 0.000000000000000000e+00 3.187897787132948135e+00 -1.155290197937703134e+01 -1.613004062033746022e+00 0.000000000000000000e+00
0.000000000000000000e+00 0.000000000000000000e+00 0.000000000000000000e+00 2.237306633940881895e+01 -2.235838518421578644e-03 -3.746175649592430740e-02 0.000000000000000000e+00
0.000000000000000000e+00 0.000000000000000000e+00 0.000000000000000000e+00 1.036270300627930219e+01 -5.971667903140278177e+00 -2.112330737782434742e+00 0.000000000000000000e+00
0.000000000000000000e+00 0.000000000000000000e+00 0.000000000000000000e+00 1.171035706389463549e+01 9.179997932375442815e+00 -5.927466114241097372e+00 0.000000000000000000e+00
0.000000000000000000e+00 0.000000000000000000e+00 0.000000000000000000e+00 2.328887062692716281e+00 1.089020572398676201e+01 1.170522042109799932e+00 0.000000000000000000e+00
0.000000000000000000e+00 0.000000000000000000e+00 0.000000000000000000e+00 9.303067065657844026e+00 -1.509348010554063002e+01 6.446304103625152493e+00 0.000000000000000000e+00
0.000000000000000000e+00 0.000000000000000000e+00 0.000000000000000000e+00 1.079852054030892461e+00 -1.445823647775507759e+00 -3.807827969708739713e-01 0.000000000000000000e+00
0.000000000000000000e+00 0.000000000000000000e+00 0.000000000000000000e+00 1.255504851776677100e+01 -5.267006994776203932e+00 6.527090869174267951e+00 0.000000000000000000e+00
0.000000000000000000e+00 0.000000000000000000e+00 0.000000000000000000e+00 3.309010114585380524e+00 -1.093936935827447243e+01 -1.161392825004645690e+00 0.000000000000000000e+00
0.000000000000000000e+00 0.000000000000000000e+00 0.000000000000000000e+00 1.221473003305364102e+01 -1.963313090974824249e+01 1.366061824958575643e+00 0.000000000000000000e+00
0.000000000000000000e+00 0.000000000000000000e+00 0.000000000000000000e+00 6.190532371258530731e+00 1.148898152931799999e+01 -7.862875809886163969e-01 0.000000000000000000e+00
0.000000000000000000e+00 0.000000000000000000e+00 0.000000000000000000e+00 3.015252469667034418e+00 -9.187278494735442891e+00 -1.800007587794803410e+00 0.000000000000000000e+00
0.000000000000000000e+00 0.000000000000000000e+00 0.000000000000000000e+00 3.611755924742840573e+00 -2.517408699126345795e+00 4.166028154092584757e-01 0.000000000000000000e+00
0.000000000000000000e+00 0.000000000000000000e+00 0.000000000000000000e+00 9.220511084869048579e-01 4.283510312244858120e+00 4.642345578077334833e-01 0.000000000000000000e+00
0.000000000000000000e+00 0.000000000000000000e+00 0.000000000000000000e+00 1.396142925640190269e+00 -7.607742883107352583e+00 -1.048169047740181270e+00 0.000000000000000000e+00
0.000000000000000000e+00 0.000000000000000000e+00 0.000000000000000000e+00 1.734444028214457489e+01 -1.450249437709268396e-01 2.225257610137221231e-01 0.000000000000000000e+00
0.000000000000000000e+00 0.000000000000000000e+00 0.000000000000000000e+00 1.467969452218293780e+00 -7.420636524593335004e+00 -9.406254812175992575e-01 0.000000000000000000e+00
0.000000000000000000e+00 0.000000000000000000e+00 0.000000000000000000e+00 1.330884344370265637e+01 3.530224718578239873e+01 -1.237917284155146191e+01 0.000000000000000000e+00
0.000000000000000000e+00 0.000000000000000000e+00 0.000000000000000000e+00 5.998720084938706787e-01 1.343952127400807406e+01 1.979870206145296185e+00 0.000000000000000000e+00
0.000000000000000000e+00 0.000000000000000000e+00 0.000000000000000000e+00 1.353492431897991732e+00 -7.416709292541126430e+00 -1.066394387304390401e+00 0.000000000000000000e+00
0.000000000000000000e+00 0.000000000000000000e+00 0.000000000000000000e+00 1.440432853178383787e+01 1.023515113107648489e+01 -3.229772642485214451e+00 0.000000000000000000e+00
0.000000000000000000e+00 0.000000000000000000e+00 0.000000000000000000e+00 5.672963694696184334e+00 5.917609604883251606e+00 3.149773630974675775e+00 0.000000000000000000e+00
0.000000000000000000e+00 0.000000000000000000e+00 0.000000000000000000e+00 4.088311012515055687e+00 9.705256355785403244e+00 5.826328128768406556e-01 0.000000000000000000e+00
0.000000000000000000e+00 0.000000000000000000e+00 0.000000000000000000e+00 1.129457153789994006e+00 -3.032961606475958138e+00 -5.970318482546319583e-01 0.000000000000000000e+00
0.000000000000000000e+00 0.000000000000000000e+00 0.000000000000000000e+00 1.553468739291477663e+00 -6.402124580334684012e+00 -7.001572217297069578e-01 0.000000000000000000e+00
0.000000000000000000e+00 0.000000000000000000e+00 0.000000000000000000e+00 6.823910743351283337e+00 -1.189823955451983828e+01 -1.288042111716129146e+00 0.000000000000000000e+00
0.000000000000000000e+00 0.000000000000000000e+00 0.000000000000000000e+00 9.586630713080733557e+00 1.141112875545888805e+01 -5.890262545219258072e-01 0.000000000000000000e+00
0.000000000000000000e+00 0.000000000000000000e+00 0.000000000000000000e+00 4.175093273965601703e+00 9.148278123908582415e+00 1.377601638641673676e-01 0.000000000000000000e+00
0.000000000000000000e+00 0.000000000000000000e+00 0.000000000000000000e+00 3.944553803219525534e+00 8.273373671243518856e+00 1.029887557932229303e+00 0.000000000000000000e+00
0.000000000000000000e+00 0.000000000000000000e+00 0.000000000000000000e+00 2.605322249045920913e+00 4.986379065273819577e+00 -1.721979420692151264e-01 0.000000000000000000e+00
0.000000000000000000e+00 0.000000000000000000e+00 0.000000000000000000e+00 1.312770959090250322e+00 -7.030867261534990753e+00 -1.051081863740937816e+00 0.000000000000000000e+00
0.000000000000000000e+00 0.000000000000000000e+00 0.000000000000000000e+00 3.596982439482085958e+00 -3.068423343408555493e+00 3.461023953353742910e-01 0.000000000000000000e+00
0.000000000000000000e+00 0.000000000000000000e+00 0.000000000000000000e+00 3.166216123148592132e+00 -1.146222898023157555e+01 -1.668541135085109373e+00 0.000000000000000000e+00
0.000000000000000000e+00 0.000000000000000000e+00 0.000000000000000000e+00 9.681830848362885433e+00 1.670199139503514019e+01 -3.196560398179346230e+00 0.000000000000000000e+00
0.000000000000000000e+00 0.000000000000000000e+00 0.000000000000000000e+00 5.790405688941136830e+00 1.080075412804364454e+01 2.764640793791907747e+00 0.000000000000000000e+00
0.000000000000000000e+00 0.000000000000000000e+00 0.000000000000000000e+00 5.440199232622275893e-01 1.398616634084970656e+01 2.090069885985482934e+00 0.000000000000000000e+00

Amplitudes vs time: t // theta_tt_old // theta_mt_old // alpha_cdt_old// theta_tt_opt // theta_mt_opt// alpha_cdt_opt  
0.000000000000000000e+00 6.172839506172839164e-03 9.938271604938271331e-01 0.000000000000000000e+00 -1.152695010046917712e-01 1.432365212466234938e+00 0.000000000000000000e+00
1.000000000000000000e+00 1.851851851851851749e-02 9.814814814814815103e-01 0.000000000000000000e+00 -8.224504275089496164e-02 1.609131265137452305e+00 0.000000000000000000e+00
2.000000000000000000e+00 3.086419753086419582e-02 9.691358024691357764e-01 0.000000000000000000e+00 3.908891715180173865e-02 1.636192417136814736e+00 0.000000000000000000e+00
3.000000000000000000e+00 4.320987654320987414e-02 9.567901234567901536e-01 0.000000000000000000e+00 8.594882258762991112e-02 1.481963823844934192e+00 0.000000000000000000e+00
4.000000000000000000e+00 5.555555555555555247e-02 9.444444444444444198e-01 0.000000000000000000e+00 3.228080126909042835e-02 1.226490691312416725e+00 0.000000000000000000e+00
5.000000000000000000e+00 6.790123456790123080e-02 9.320987654320987970e-01 0.000000000000000000e+00 -7.441064446133255350e-02 9.849564880732448735e-01 0.000000000000000000e+00
6.000000000000000000e+00 8.024691358024690913e-02 9.197530864197530631e-01 0.000000000000000000e+00 -1.714971453586159322e-01 8.359546991987406583e-01 0.000000000000000000e+00
7.000000000000000000e+00 9.259259259259258745e-02 9.074074074074074403e-01 0.000000000000000000e+00 -2.170055479854704483e-01 7.909020805899469320e-01 0.000000000000000000e+00
8.000000000000000000e+00 1.049382716049382658e-01 8.950617283950617065e-01 0.000000000000000000e+00 -1.995375397604222945e-01 8.084896299634578565e-01 0.000000000000000000e+00
9.000000000000000000e+00 1.172839506172839441e-01 8.827160493827160836e-01 0.000000000000000000e+00 -1.301654861711225575e-01 8.329347770118235017e-01 0.000000000000000000e+00
1.000000000000000000e+01 1.296296296296296224e-01 8.703703703703703498e-01 0.000000000000000000e+00 -2.821390934003992212e-02 8.281681400354408140e-01 0.000000000000000000e+00
1.100000000000000000e+01 1.419753086419753008e-01 8.580246913580247270e-01 0.000000000000000000e+00 8.957778943306221597e-02 7.904996691709894607e-01 0.000000000000000000e+00
1.200000000000000000e+01 1.543209876543209791e-01 8.456790123456789932e-01 0.000000000000000000e+00 2.127678034232641235e-01 7.393923019428707555e-01 0.000000000000000000e+00
1.300000000000000000e+01 1.666666666666666574e-01 8.333333333333333703e-01 0.000000000000000000e+00 3.353862805839716854e-01 6.983315105332528194e-01 0.000000000000000000e+00
1.400000000000000000e+01 1.790123456790123357e-01 8.209876543209876365e-01 0.000000000000000000e+00 4.525971925257077921e-01 6.797082032386373429e-01 0.000000000000000000e+00
1.500000000000000000e+01 1.913580246913580141e-01 8.086419753086420137e-01 0.000000000000000000e+00 5.591123935204067585e-01 6.809869302742391772e-01 0.000000000000000000e+00
1.600000000000000000e+01 2.037037037037036924e-01 7.962962962962962798e-01 0.000000000000000000e+00 6.501237917745646966e-01 6.906033829904255628e-01 0.000000000000000000e+00
1.700000000000000000e+01 2.160493827160493707e-01 7.839506172839506570e-01 0.000000000000000000e+00 7.233022887416552527e-01 6.969265663681775136e-01 0.000000000000000000e+00
1.800000000000000000e+01 2.283950617283950490e-01 7.716049382716049232e-01 0.000000000000000000e+00 7.798046696808620393e-01 6.941600958023671497e-01 0.000000000000000000e+00
1.900000000000000000e+01 2.407407407407407274e-01 7.592592592592593004e-01 0.000000000000000000e+00 8.232621831850726046e-01 6.830849950573434359e-01 0.000000000000000000e+00
2.000000000000000000e+01 2.530864197530864335e-01 7.469135802469135665e-01 0.000000000000000000e+00 8.573818615077085648e-01 6.683535076532086672e-01 0.000000000000000000e+00
2.100000000000000000e+01 2.654320987654321118e-01 7.345679012345678327e-01 0.000000000000000000e+00 8.838318302022492023e-01 6.552610119241164544e-01 0.000000000000000000e+00
2.200000000000000000e+01 2.777777777777777901e-01 7.222222222222222099e-01 0.000000000000000000e+00 9.018524609079239251e-01 6.477378895817237359e-01 0.000000000000000000e+00
2.300000000000000000e+01 2.901234567901234684e-01 7.098765432098765871e-01 0.000000000000000000e+00 9.098030497439784092e-01 6.475537922860153950e-01 0.000000000000000000e+00
2.400000000000000000e+01 3.024691358024691468e-01 6.975308641975308532e-01 0.000000000000000000e+00 9.075195640415676390e-01 6.540291247515405137e-01 0.000000000000000000e+00
2.500000000000000000e+01 3.148148148148148251e-01 6.851851851851851194e-01 0.000000000000000000e+00 8.978125998900154947e-01 6.640669099187271884e-01 0.000000000000000000e+00
2.600000000000000000e+01 3.271604938271605034e-01 6.728395061728394966e-01 0.000000000000000000e+00 8.859900917977090451e-01 6.729987524453149295e-01 0.000000000000000000e+00
2.700000000000000000e+01 3.395061728395061817e-01 6.604938271604938738e-01 0.000000000000000000e+00 8.775396466489058245e-01 6.765434082746455413e-01 0.000000000000000000e+00
2.800000000000000000e+01 3.518518518518518601e-01 6.481481481481481399e-01 0.000000000000000000e+00 8.752404840289559340e-01 6.731250326717623800e-01 0.000000000000000000e+00
2.900000000000000000e+01 3.641975308641975384e-01 6.358024691358024061e-01 0.000000000000000000e+00 8.773168539752845829e-01 6.649337103109929092e-01 0.000000000000000000e+00
3.000000000000000000e+01 3.765432098765432167e-01 6.234567901234567833e-01 0.000000000000000000e+00 8.776484426605150047e-01 6.564951156350594674e-01 0.000000000000000000e+00
3.100000000000000000e+01 3.888888888888888951e-01 6.111111111111111605e-01 0.000000000000000000e+00 8.679409728234767085e-01 6.511773463258221373e-01 0.000000000000000000e+00
3.200000000000000000e+01 4.012345679012345734e-01 5.987654320987654266e-01 0.000000000000000000e+00 8.408080387065421935e-01 6.478299070156775530e-01 0.000000000000000000e+00
3.300000000000000000e+01 4.135802469135802517e-01 5.864197530864196928e-01 0.000000000000000000e+00 7.924221645422904192e-01 6.401422360587663007e-01 0.000000000000000000e+00
3.400000000000000000e+01 4.259259259259259300e-01 5.740740740740740700e-01 0.000000000000000000e+00 7.238100421637014836e-01 6.197674591192436910e-01 0.000000000000000000e+00
3.500000000000000000e+01 4.382716049382716084e-01 5.617283950617284471e-01 0.000000000000000000e+00 6.406324881361320500e-01 5.817003428713694024e-01 0.000000000000000000e+00
3.600000000000000000e+01 4.506172839506172867e-01 5.493827160493827133e-01 0.000000000000000000e+00 5.519122367399132978e-01 5.286246472246405315e-01 0.000000000000000000e+00
3.700000000000000000e+01 4.629629629629629650e-01 5.370370370370369795e-01 0.000000000000000000e+00 4.683517458466747718e-01 4.713040350185612182e-01 0.000000000000000000e+00
3.800000000000000000e+01 4.753086419753086433e-01 5.246913580246913567e-01 0.000000000000000000e+00 4.006626500460222506e-01 4.244446004865565780e-01 0.000000000000000000e+00
3.900000000000000000e+01 4.876543209876543217e-01 5.123456790123457338e-01 0.000000000000000000e+00 3.580052792317500732e-01 4.002366259920047131e-01 0.000000000000000000e+00
4.000000000000000000e+01 5.000000000000000000e-01 5.000000000000000000e-01 0.000000000000000000e+00 3.465134754537842476e-01 4.031129838306565238e-01 0.000000000000000000e+00
4.100000000000000000e+01 5.123456790123457338e-01 4.876543209876542662e-01 0.000000000000000000e+00 3.680429285482148538e-01 4.283127343568255418e-01 0.000000000000000000e+00
4.200000000000000000e+01 5.246913580246913567e-01 4.753086419753086433e-01 0.000000000000000000e+00 4.195504059330806834e-01 4.643950633455273258e-01 0.000000000000000000e+00
4.300000000000000000e+01 5.370370370370370905e-01 4.629629629629629095e-01 0.000000000000000000e+00 4.935861094238002122e-01 4.976767950828056009e-01 0.000000000000000000e+00
4.400000000000000000e+01 5.493827160493827133e-01 4.506172839506172867e-01 0.000000000000000000e+00 5.800741652284019390e-01 5.160825271931636093e-01 0.000000000000000000e+00
4.500000000000000000e+01 5.617283950617284471e-01 4.382716049382715529e-01 0.000000000000000000e+00 6.689517020862332242e-01 5.111524111338253684e-01 0.000000000000000000e+00
4.600000000000000000e+01 5.740740740740740700e-01 4.259259259259259300e-01 0.000000000000000000e+00 7.526701869148996193e-01 4.786993876025493200e-01 0.000000000000000000e+00
4.700000000000000000e+01 5.864197530864198038e-01 4.135802469135801962e-01 0.000000000000000000e+00 8.274237136191340269e-01 4.193536345286473233e-01 0.000000000000000000e+00
4.800000000000000000e+01 5.987654320987654266e-01 4.012345679012345734e-01 0.000000000000000000e+00 8.924516478844581879e-01 3.394540399266286479e-01 0.000000000000000000e+00
4.900000000000000000e+01 6.111111111111111605e-01 3.888888888888888395e-01 0.000000000000000000e+00 9.477113073502012597e-01 2.512961978485213632e-01 0.000000000000000000e+00
5.000000000000000000e+01 6.234567901234567833e-01 3.765432098765432167e-01 0.000000000000000000e+00 9.911667373683855642e-01 1.711273000071747430e-01 0.000000000000000000e+00
5.100000000000000000e+01 6.358024691358025171e-01 3.641975308641974829e-01 0.000000000000000000e+00 1.017349748141366916e+00 1.143607316503829630e-01 0.000000000000000000e+00
5.200000000000000000e+01 6.481481481481481399e-01 3.518518518518518601e-01 0.000000000000000000e+00 1.018397231673751069e+00 8.968225938436313882e-02 0.000000000000000000e+00
5.300000000000000000e+01 6.604938271604938738e-01 3.395061728395061262e-01 0.000000000000000000e+00 9.875634133070594345e-01 9.532813234004888781e-02 0.000000000000000000e+00
5.400000000000000000e+01 6.728395061728394966e-01 3.271604938271605034e-01 0.000000000000000000e+00 9.237865261535103123e-01 1.202964066114041719e-01 0.000000000000000000e+00
5.500000000000000000e+01 6.851851851851852304e-01 3.148148148148147696e-01 0.000000000000000000e+00 8.349930968842378398e-01 1.505281787105665625e-01 0.000000000000000000e+00
5.600000000000000000e+01 6.975308641975308532e-01 3.024691358024691468e-01 0.000000000000000000e+00 7.380154684088791051e-01 1.768097522366481322e-01 0.000000000000000000e+00
5.700000000000000000e+01 7.098765432098765871e-01 2.901234567901234129e-01 0.000000000000000000e+00 6.543491166258751379e-01 1.996170774643359347e-01 0.000000000000000000e+00
5.800000000000000000e+01 7.222222222222222099e-01 2.777777777777777901e-01 0.000000000000000000e+00 6.029534348124512277e-01 2.276726339934732335e-01 0.000000000000000000e+00
5.900000000000000000e+01 7.345679012345679437e-01 2.654320987654320563e-01 0.000000000000000000e+00 5.929670194065388422e-01 2.708651766325958499e-01 0.000000000000000000e+00
6.000000000000000000e+01 7.469135802469135665e-01 2.530864197530864335e-01 0.000000000000000000e+00 6.196656446022930087e-01 3.319333874122096240e-01 0.000000000000000000e+00
6.100000000000000000e+01 7.592592592592593004e-01 2.407407407407406996e-01 0.000000000000000000e+00 6.658517484391566210e-01 4.023776305476175486e-01 0.000000000000000000e+00
6.200000000000000000e+01 7.716049382716049232e-01 2.283950617283950768e-01 0.000000000000000000e+00 7.085227638374873571e-01 4.655674216652826436e-01 0.000000000000000000e+00
6.300000000000000000e+01 7.839506172839506570e-01 2.160493827160493430e-01 0.000000000000000000e+00 7.281795515017515097e-01 5.054554357373829410e-01 0.000000000000000000e+00
6.400000000000000000e+01 7.962962962962962798e-01 2.037037037037037202e-01 0.000000000000000000e+00 7.167399415936435148e-01 5.156295308933731558e-01 0.000000000000000000e+00
6.500000000000000000e+01 8.086419753086420137e-01 1.913580246913579863e-01 0.000000000000000000e+00 6.804942909525154571e-01 5.030603357103349271e-01 0.000000000000000000e+00
6.600000000000000000e+01 8.209876543209876365e-01 1.790123456790123635e-01 0.000000000000000000e+00 6.367539792298106960e-01 4.841171083991937518e-01 0.000000000000000000e+00
6.700000000000000000e+01 8.333333333333333703e-01 1.666666666666666297e-01 0.000000000000000000e+00 6.057712860570442226e-01 4.751701610163791001e-01 0.000000000000000000e+00
6.800000000000000000e+01 8.456790123456789932e-01 1.543209876543210068e-01 0.000000000000000000e+00 6.017092735232318912e-01 4.833458680989956013e-01 0.000000000000000000e+00
6.900000000000000000e+01 8.580246913580247270e-01 1.419753086419752730e-01 0.000000000000000000e+00 6.268039568000483008e-01 5.027510655268714324e-01 0.000000000000000000e+00
7.000000000000000000e+01 8.703703703703703498e-01 1.296296296296296502e-01 0.000000000000000000e+00 6.712097827108374215e-01 5.180348040123289310e-01 0.000000000000000000e+00
7.100000000000000000e+01 8.827160493827160836e-01 1.172839506172839164e-01 0.000000000000000000e+00 7.182174221553485616e-01 5.128091008130530870e-01 0.000000000000000000e+00
7.200000000000000000e+01 8.950617283950617065e-01 1.049382716049382935e-01 0.000000000000000000e+00 7.520292310057886676e-01 4.779208306350450908e-01 0.000000000000000000e+00
7.300000000000000000e+01 9.074074074074074403e-01 9.259259259259255970e-02 0.000000000000000000e+00 7.643222140005330179e-01 4.152144814933386163e-01 0.000000000000000000e+00
7.400000000000000000e+01 9.197530864197530631e-01 8.024691358024693688e-02 0.000000000000000000e+00 7.568006323308462679e-01 3.355036180608502727e-01 0.000000000000000000e+00
7.500000000000000000e+01 9.320987654320987970e-01 6.790123456790120304e-02 0.000000000000000000e+00 7.391768091797327189e-01 2.528129916520740483e-01 0.000000000000000000e+00
7.600000000000000000e+01 9.444444444444444198e-01 5.555555555555558023e-02 0.000000000000000000e+00 7.242324333269568593e-01 1.785303133517945895e-01 0.000000000000000000e+00
7.700000000000000000e+01 9.567901234567901536e-01 4.320987654320984639e-02 0.000000000000000000e+00 7.226528956520974489e-01 1.183030862457864485e-01 0.000000000000000000e+00
7.800000000000000000e+01 9.691358024691357764e-01 3.086419753086422357e-02 0.000000000000000000e+00 7.398205063413192395e-01 7.231856683792942109e-02 0.000000000000000000e+00
7.900000000000000000e+01 9.814814814814815103e-01 1.851851851851848973e-02 0.000000000000000000e+00 7.752476626909958757e-01 3.767993837626404385e-02 0.000000000000000000e+00
8.000000000000000000e+01 9.938271604938271331e-01 6.172839506172866919e-03 0.000000000000000000e+00 8.238793811200649797e-01 1.103823609463609051e-02 0.000000000000000000e+00

Residual energy after optimization is 2.4507638967944325e-05 C0x=1.675968044735941 C0z=0.8507800371002993 C0xz=1.0
Optimization procedure took 288.63619565963745 seconds