### PARAMETERS OF THE TIME EVOLUTION ### 
Total time tau = 18
Timestep dt = 1
P = tau/dt = 18
Number of Fourier coefficients Nc = 18

gamma(t) = t/T*(delta_t + \sum_i^Nc gamma_i*f_i(wi, t) 
beta(t) = (1-t/T)*(delta_t + \sum_i^Nc beta_i*f_i(wi, t)

CRAB coefficient   Cz_start// Cx_start// Cxz_start // pulses//  Cz_opt // Cx_opt // Cxz_opt  
0.000000000000000000e+00 0.000000000000000000e+00 0.000000000000000000e+00 7.995539494543844938e+00 -9.755757855675632750e-02 1.257936202185367114e-01 0.000000000000000000e+00
0.000000000000000000e+00 0.000000000000000000e+00 0.000000000000000000e+00 1.338542649560195485e+01 -1.458699441239479566e-03 -1.500963739755366245e-03 0.000000000000000000e+00
0.000000000000000000e+00 0.000000000000000000e+00 0.000000000000000000e+00 1.731845551378400350e+00 -1.775363693378284369e+00 2.933186428304976889e+00 0.000000000000000000e+00
0.000000000000000000e+00 0.000000000000000000e+00 0.000000000000000000e+00 7.200176689438442246e-01 -4.690606747333901261e+00 6.636689737695890656e+00 0.000000000000000000e+00
0.000000000000000000e+00 0.000000000000000000e+00 0.000000000000000000e+00 4.085605475459701097e+00 3.833272706158982857e+00 -5.378319564755491555e+00 0.000000000000000000e+00
0.000000000000000000e+00 0.000000000000000000e+00 0.000000000000000000e+00 6.618740326801696661e+00 -4.660910978105007985e+00 5.240709247764498535e+00 0.000000000000000000e+00
0.000000000000000000e+00 0.000000000000000000e+00 0.000000000000000000e+00 6.820572756589683650e+00 2.658320098705114987e+00 -2.905878235476683891e+00 0.000000000000000000e+00
0.000000000000000000e+00 0.000000000000000000e+00 0.000000000000000000e+00 3.230969198919600327e+00 -1.403961088280366365e+00 2.770442219070586187e+00 0.000000000000000000e+00
0.000000000000000000e+00 0.000000000000000000e+00 0.000000000000000000e+00 2.285325132811689475e+00 -3.653287776025940126e+00 2.605840577570345928e+00 0.000000000000000000e+00
0.000000000000000000e+00 0.000000000000000000e+00 0.000000000000000000e+00 9.798971469964307346e+00 -6.891143406623050083e-02 6.176864412431113532e-02 0.000000000000000000e+00
0.000000000000000000e+00 0.000000000000000000e+00 0.000000000000000000e+00 3.056305615201516890e+00 5.175036726155919808e+00 -6.183871533408330734e+00 0.000000000000000000e+00
0.000000000000000000e+00 0.000000000000000000e+00 0.000000000000000000e+00 3.869762899533842226e+00 -7.024663106731559026e+00 8.614423025381171328e+00 0.000000000000000000e+00
0.000000000000000000e+00 0.000000000000000000e+00 0.000000000000000000e+00 4.442532803621413784e+00 7.838963587126549726e+00 -9.703095308937870200e+00 0.000000000000000000e+00
0.000000000000000000e+00 0.000000000000000000e+00 0.000000000000000000e+00 1.425452033282025077e+00 5.680675237505500519e+00 -5.534391807534826846e+00 0.000000000000000000e+00
0.000000000000000000e+00 0.000000000000000000e+00 0.000000000000000000e+00 4.608321811818913538e+00 -6.700458775033840908e+00 8.689340280646188575e+00 0.000000000000000000e+00
0.000000000000000000e+00 0.000000000000000000e+00 0.000000000000000000e+00 9.629133343508502918e+00 7.465325284866512756e-02 -5.358073466317288258e-02 0.000000000000000000e+00
0.000000000000000000e+00 0.000000000000000000e+00 0.000000000000000000e+00 1.643316351981984003e+00 6.299426144559963081e-01 2.769566976648082934e-01 0.000000000000000000e+00
0.000000000000000000e+00 0.000000000000000000e+00 0.000000000000000000e+00 6.303403648025152961e+00 2.340102020111642478e+00 -2.687779695722586126e+00 0.000000000000000000e+00

Amplitudes vs time: t // theta_tt_old // theta_mt_old // alpha_cdt_old// theta_tt_opt // theta_mt_opt// alpha_cdt_opt  
0.000000000000000000e+00 2.777777777777777624e-02 9.722222222222222099e-01 0.000000000000000000e+00 1.977580405489142990e-01 7.536010568514717178e-01 0.000000000000000000e+00
1.000000000000000000e+00 8.333333333333332871e-02 9.166666666666666297e-01 0.000000000000000000e+00 4.658090570501283167e-01 7.442186818778475654e-01 0.000000000000000000e+00
2.000000000000000000e+00 1.388888888888888951e-01 8.611111111111111605e-01 0.000000000000000000e+00 5.937493384432193100e-01 7.400280547185307256e-01 0.000000000000000000e+00
3.000000000000000000e+00 1.944444444444444475e-01 8.055555555555555802e-01 0.000000000000000000e+00 6.584474264985060721e-01 7.374180972594088779e-01 0.000000000000000000e+00
4.000000000000000000e+00 2.500000000000000000e-01 7.500000000000000000e-01 0.000000000000000000e+00 6.985881148837338461e-01 7.343052414126756133e-01 0.000000000000000000e+00
5.000000000000000000e+00 3.055555555555555802e-01 6.944444444444444198e-01 0.000000000000000000e+00 7.218945099740625704e-01 7.311349638328690226e-01 0.000000000000000000e+00
6.000000000000000000e+00 3.611111111111111049e-01 6.388888888888888395e-01 0.000000000000000000e+00 7.401321362026780371e-01 7.268740989848714307e-01 0.000000000000000000e+00
7.000000000000000000e+00 4.166666666666666852e-01 5.833333333333332593e-01 0.000000000000000000e+00 7.525803917207322113e-01 7.215489926270595156e-01 0.000000000000000000e+00
8.000000000000000000e+00 4.722222222222222099e-01 5.277777777777777901e-01 0.000000000000000000e+00 7.605072352688990733e-01 7.159188649522747472e-01 0.000000000000000000e+00
9.000000000000000000e+00 5.277777777777777901e-01 4.722222222222222099e-01 0.000000000000000000e+00 7.687484864269777951e-01 7.067496596856823743e-01 0.000000000000000000e+00
1.000000000000000000e+01 5.833333333333333703e-01 4.166666666666666297e-01 0.000000000000000000e+00 7.737906755201857667e-01 6.952913374427567295e-01 0.000000000000000000e+00
1.100000000000000000e+01 6.388888888888888395e-01 3.611111111111111605e-01 0.000000000000000000e+00 7.788385235945356477e-01 6.792568009282689001e-01 0.000000000000000000e+00
1.200000000000000000e+01 6.944444444444444198e-01 3.055555555555555802e-01 0.000000000000000000e+00 7.859819781753916157e-01 6.520567180384769790e-01 0.000000000000000000e+00
1.300000000000000000e+01 7.500000000000000000e-01 2.500000000000000000e-01 0.000000000000000000e+00 7.947147410415367208e-01 6.135110309856730559e-01 0.000000000000000000e+00
1.400000000000000000e+01 8.055555555555555802e-01 1.944444444444444198e-01 0.000000000000000000e+00 8.102715682099616012e-01 5.470653086321128900e-01 0.000000000000000000e+00
1.500000000000000000e+01 8.611111111111111605e-01 1.388888888888888395e-01 0.000000000000000000e+00 8.410073057145235342e-01 4.401639295480328506e-01 0.000000000000000000e+00
1.600000000000000000e+01 9.166666666666666297e-01 8.333333333333337034e-02 0.000000000000000000e+00 8.754024734264820307e-01 3.054056743758734038e-01 0.000000000000000000e+00
1.700000000000000000e+01 9.722222222222222099e-01 2.777777777777779011e-02 0.000000000000000000e+00 8.585589834777637153e-01 1.242721848380593380e-01 0.000000000000000000e+00

Residual energy after optimization is 0.013538608079734006 C0x=4.965325585458626 C0z=0.825556134981979 C0xz=1.0
Optimization procedure took 26.560726642608643 seconds