### PARAMETERS OF THE TIME EVOLUTION ### 
Total time tau = 36
Timestep dt = 1
P = tau/dt = 36
Number of Fourier coefficients Nc = 36

gamma(t) = t/T*(delta_t + \sum_i^Nc gamma_i*f_i(wi, t) 
beta(t) = (1-t/T)*(delta_t + \sum_i^Nc beta_i*f_i(wi, t)

CRAB coefficient   Cz_start// Cx_start// Cxz_start // pulses//  Cz_opt // Cx_opt // Cxz_opt  
0.000000000000000000e+00 0.000000000000000000e+00 0.000000000000000000e+00 8.320288310812763655e+00 8.677109838266540420e-02 -4.567156604134173931e-02 -1.015709596060916819e+00
0.000000000000000000e+00 0.000000000000000000e+00 0.000000000000000000e+00 6.587749102936287571e+00 8.327875867625614270e-02 -2.620226565434278371e-02 -1.040883983496077470e+00
0.000000000000000000e+00 0.000000000000000000e+00 0.000000000000000000e+00 1.028759106724257855e+00 1.301714304287760610e-02 7.299358927308494116e-02 1.866338272610567894e-01
0.000000000000000000e+00 0.000000000000000000e+00 0.000000000000000000e+00 1.511173493917320521e+01 -1.591907716343789452e-03 3.570352209340349144e-04 -5.381544142939901439e-05
0.000000000000000000e+00 0.000000000000000000e+00 0.000000000000000000e+00 8.547180488839593693e+00 -8.047974659888558480e-02 4.881667898311015108e-02 9.956524414770343556e-01
0.000000000000000000e+00 0.000000000000000000e+00 0.000000000000000000e+00 9.553979857332557390e-01 -5.752851045105498995e-02 1.266714077689006304e-02 -1.762614316515544732e-01
0.000000000000000000e+00 0.000000000000000000e+00 0.000000000000000000e+00 9.643413380333815121e-01 -4.911595390405014416e-02 2.008142938104446121e-02 -1.307027501203853193e-01
0.000000000000000000e+00 0.000000000000000000e+00 0.000000000000000000e+00 8.775940344578700980e-01 -1.271994365200377619e-01 -5.116470979379445644e-02 -5.777710853639922428e-01
0.000000000000000000e+00 0.000000000000000000e+00 0.000000000000000000e+00 6.200882976931738177e+00 -1.170626367299496401e-01 -1.409986128764719425e-02 1.163546489668020323e+00
0.000000000000000000e+00 0.000000000000000000e+00 0.000000000000000000e+00 1.748854535204258376e+00 3.313869393044096556e-01 1.661190056050606267e-01 2.389646972231491140e-01
0.000000000000000000e+00 0.000000000000000000e+00 0.000000000000000000e+00 4.433403537292079477e+00 -3.462294880438342853e-02 9.039271708423385690e-03 4.873065052106497208e-01
0.000000000000000000e+00 0.000000000000000000e+00 0.000000000000000000e+00 8.348717001379068137e+00 8.009906146806605731e-02 -4.161073592072134231e-02 -9.466768085222079243e-01
0.000000000000000000e+00 0.000000000000000000e+00 0.000000000000000000e+00 4.055012589489585650e+00 5.785437206818490330e-02 -1.932196618561821122e-02 -5.390451625378163136e-01
0.000000000000000000e+00 0.000000000000000000e+00 0.000000000000000000e+00 3.901435230896586503e+00 8.586238004006781221e-02 -1.481659598367619964e-02 -7.302486717216921663e-01
0.000000000000000000e+00 0.000000000000000000e+00 0.000000000000000000e+00 1.137820077240240035e+00 1.195278343471232740e-01 1.556542984937613894e-01 6.479252758245049870e-01
0.000000000000000000e+00 0.000000000000000000e+00 0.000000000000000000e+00 3.353236489288720978e+00 -1.110945834808495236e-01 4.084650598676273052e-03 8.500900471388653790e-01
0.000000000000000000e+00 0.000000000000000000e+00 0.000000000000000000e+00 4.290694466602291257e+00 -6.224466986349330017e-03 -5.561605190211892959e-03 1.169319198559204270e-01
0.000000000000000000e+00 0.000000000000000000e+00 0.000000000000000000e+00 4.006224439819133565e+00 6.916974842428792736e-02 -1.910113658898520902e-02 -6.301735517699716960e-01
0.000000000000000000e+00 0.000000000000000000e+00 0.000000000000000000e+00 9.711941018400545023e-01 -4.262341709933675782e-02 2.576618601738638395e-02 -9.597823587653296629e-02
0.000000000000000000e+00 0.000000000000000000e+00 0.000000000000000000e+00 4.938779414254058864e+00 3.317814653507355962e-03 -8.174639542108163084e-03 2.331744188870809448e-02
0.000000000000000000e+00 0.000000000000000000e+00 0.000000000000000000e+00 1.914476022807977351e+00 2.132127955945850584e-01 4.374872970745006390e-02 -3.127277639064927062e-01
0.000000000000000000e+00 0.000000000000000000e+00 0.000000000000000000e+00 1.015382696483031921e+00 -5.040396838827860166e-05 6.214129365304751906e-02 1.227137212552256718e-01
0.000000000000000000e+00 0.000000000000000000e+00 0.000000000000000000e+00 3.533706857205402230e+00 8.828218486441255855e-03 1.271248419012636736e-02 7.358587611051897737e-02
0.000000000000000000e+00 0.000000000000000000e+00 0.000000000000000000e+00 5.267703424973554149e+00 2.986537868054530559e-02 -9.147024447810510328e-02 -8.784998255171512227e-01
0.000000000000000000e+00 0.000000000000000000e+00 0.000000000000000000e+00 8.922235261619022140e+00 -2.859148499502225937e-02 -4.557279546970977729e-02 -2.411139820666488576e-01
0.000000000000000000e+00 0.000000000000000000e+00 0.000000000000000000e+00 8.044509078950301983e+00 -4.218109027694589425e-02 7.034330723017608554e-03 6.757798706883477724e-01
0.000000000000000000e+00 0.000000000000000000e+00 0.000000000000000000e+00 1.166678639521315475e+01 -8.042409300287964996e-04 -3.005782752684991836e-03 9.684354139975191484e-05
0.000000000000000000e+00 0.000000000000000000e+00 0.000000000000000000e+00 9.302772228749567329e-01 -8.077261427061786792e-02 -8.143142157406970186e-03 -3.053879160270320248e-01
0.000000000000000000e+00 0.000000000000000000e+00 0.000000000000000000e+00 4.514281557791695931e+00 -4.268157664397765477e-02 1.613201463114719708e-02 6.197247785926079944e-01
0.000000000000000000e+00 0.000000000000000000e+00 0.000000000000000000e+00 2.395923431952427407e+00 -3.003946402959548623e-01 -2.420377819821516452e-01 -1.872807433528936027e-01
0.000000000000000000e+00 0.000000000000000000e+00 0.000000000000000000e+00 8.513073256422790891e+00 -4.175785116603533687e-02 2.703347622722486812e-02 5.177874524595856842e-01
0.000000000000000000e+00 0.000000000000000000e+00 0.000000000000000000e+00 4.327231460781354677e+00 -1.493827427374850962e-02 -1.894104271732792270e-03 2.229980329375610415e-01
0.000000000000000000e+00 0.000000000000000000e+00 0.000000000000000000e+00 4.342314710418562207e+00 -1.828059102856630092e-02 -3.342370099357757588e-04 2.651161760784054300e-01
0.000000000000000000e+00 0.000000000000000000e+00 0.000000000000000000e+00 1.049306649304640260e+01 -1.280207873475312785e-02 -8.499360096456019462e-03 5.399926522735707356e-03
0.000000000000000000e+00 0.000000000000000000e+00 0.000000000000000000e+00 7.284390091636301356e+00 -8.955061251535960387e-02 -4.849568739020527347e-02 2.555654377189804927e-01
0.000000000000000000e+00 0.000000000000000000e+00 0.000000000000000000e+00 2.000094186538439445e+01 -4.370430076811341268e-04 1.679623709922874978e-04 6.665543424391168052e-05

Amplitudes vs time: t // theta_tt_old // theta_mt_old // alpha_cdt_old// theta_tt_opt // theta_mt_opt// alpha_cdt_opt  
0.000000000000000000e+00 1.388888888888888812e-02 9.861111111111111605e-01 0.000000000000000000e+00 2.548575067311587006e-02 7.926463082721808551e-01 1.737578247322302261e-02
1.000000000000000000e+00 4.166666666666666435e-02 9.583333333333333703e-01 0.000000000000000000e+00 8.223285416076753229e-02 7.716768319820637156e-01 5.803602236181615304e-02
2.000000000000000000e+00 6.944444444444444753e-02 9.305555555555555802e-01 0.000000000000000000e+00 1.426813391518764462e-01 7.334138231112270478e-01 1.056532776208560787e-01
3.000000000000000000e+00 9.722222222222222376e-02 9.027777777777777901e-01 0.000000000000000000e+00 2.011177180923445218e-01 6.751147007953332002e-01 1.521648607452761870e-01
4.000000000000000000e+00 1.250000000000000000e-01 8.750000000000000000e-01 0.000000000000000000e+00 2.535524821410033436e-01 5.989217426845249159e-01 1.936690117261630206e-01
5.000000000000000000e+00 1.527777777777777901e-01 8.472222222222222099e-01 0.000000000000000000e+00 2.986453757810123566e-01 5.109732431526838869e-01 2.277963083538738776e-01
6.000000000000000000e+00 1.805555555555555525e-01 8.194444444444444198e-01 0.000000000000000000e+00 3.365252383975311234e-01 4.190192651840503046e-01 2.549402655046988375e-01
7.000000000000000000e+00 2.083333333333333426e-01 7.916666666666666297e-01 0.000000000000000000e+00 3.680756726036530369e-01 3.286680538898615889e-01 2.783338081216857884e-01
8.000000000000000000e+00 2.361111111111111049e-01 7.638888888888888395e-01 0.000000000000000000e+00 3.945637635506777929e-01 2.426851305775725720e-01 3.020064525465235294e-01
9.000000000000000000e+00 2.638888888888888951e-01 7.361111111111111605e-01 0.000000000000000000e+00 4.159985200752397416e-01 1.639780609658215149e-01 3.283888475354419523e-01
1.000000000000000000e+01 2.916666666666666852e-01 7.083333333333332593e-01 0.000000000000000000e+00 4.303122884463752573e-01 9.698896960714825655e-02 3.567834626996717606e-01
1.100000000000000000e+01 3.194444444444444198e-01 6.805555555555555802e-01 0.000000000000000000e+00 4.355915053798487535e-01 4.555435499411628064e-02 3.837265470631785469e-01
1.200000000000000000e+01 3.472222222222222099e-01 6.527777777777777901e-01 0.000000000000000000e+00 4.325341554483355666e-01 1.081242209068417059e-02 4.055526294333060555e-01
1.300000000000000000e+01 3.750000000000000000e-01 6.250000000000000000e-01 0.000000000000000000e+00 4.244007787108401986e-01 -9.060641568909733046e-03 4.208090062539251441e-01
1.400000000000000000e+01 4.027777777777777901e-01 5.972222222222222099e-01 0.000000000000000000e+00 4.160317344937348727e-01 -1.829712427394281082e-02 4.300292478352552017e-01
1.500000000000000000e+01 4.305555555555555802e-01 5.694444444444444198e-01 0.000000000000000000e+00 4.128422803311103118e-01 -2.191245608829481273e-02 4.340329307108737877e-01
1.600000000000000000e+01 4.583333333333333148e-01 5.416666666666667407e-01 0.000000000000000000e+00 4.189766564702136487e-01 -2.322263321172274297e-02 4.332016968092221587e-01
1.700000000000000000e+01 4.861111111111111049e-01 5.138888888888888395e-01 0.000000000000000000e+00 4.361868517725641659e-01 -2.296744195576011505e-02 4.276450777142026816e-01
1.800000000000000000e+01 5.138888888888888395e-01 4.861111111111111605e-01 0.000000000000000000e+00 4.642365998297690588e-01 -2.059010425755861129e-02 4.173603647283432583e-01
1.900000000000000000e+01 5.416666666666666297e-01 4.583333333333333703e-01 0.000000000000000000e+00 5.003275229879163843e-01 -1.541700282603408745e-02 4.027229505885114857e-01
2.000000000000000000e+01 5.694444444444444198e-01 4.305555555555555802e-01 0.000000000000000000e+00 5.388179720185344301e-01 -7.179372767945252365e-03 3.848675466967186320e-01
2.100000000000000000e+01 5.972222222222222099e-01 4.027777777777777901e-01 0.000000000000000000e+00 5.753084412030782246e-01 3.153991857591964543e-03 3.647308668021616018e-01
2.200000000000000000e+01 6.250000000000000000e-01 3.750000000000000000e-01 0.000000000000000000e+00 6.105121188994777626e-01 1.320997525022846175e-02 3.417333905604887923e-01
2.300000000000000000e+01 6.527777777777777901e-01 3.472222222222222099e-01 0.000000000000000000e+00 6.460617679210068909e-01 2.066261982250132412e-02 3.141707815663565828e-01
2.400000000000000000e+01 6.805555555555555802e-01 3.194444444444444198e-01 0.000000000000000000e+00 6.777660717421226666e-01 2.456280709096519965e-02 2.808530184796234619e-01
2.500000000000000000e+01 7.083333333333333703e-01 2.916666666666666297e-01 0.000000000000000000e+00 6.976850896869954965e-01 2.531375406860425503e-02 2.422092437691059086e-01
2.600000000000000000e+01 7.361111111111111605e-01 2.638888888888888395e-01 0.000000000000000000e+00 7.026327321874065168e-01 2.453488592894051412e-02 2.006072038433355242e-01
2.700000000000000000e+01 7.638888888888888395e-01 2.361111111111111605e-01 0.000000000000000000e+00 6.990213352541522207e-01 2.512446324477547732e-02 1.598778302218177849e-01
2.800000000000000000e+01 7.916666666666666297e-01 2.083333333333333703e-01 0.000000000000000000e+00 7.021428429886349409e-01 3.002438720258707866e-02 1.234645390901166762e-01
2.900000000000000000e+01 8.194444444444444198e-01 1.805555555555555802e-01 0.000000000000000000e+00 7.311268998180386891e-01 3.981897596662885980e-02 9.249897327977574246e-02
3.000000000000000000e+01 8.472222222222222099e-01 1.527777777777777901e-01 0.000000000000000000e+00 7.982450204961702989e-01 5.134443072342932679e-02 6.616173839072614360e-02
3.100000000000000000e+01 8.750000000000000000e-01 1.250000000000000000e-01 0.000000000000000000e+00 8.980748882678135647e-01 5.872663530289223138e-02 4.368856956991074014e-02
3.200000000000000000e+01 9.027777777777777901e-01 9.722222222222220989e-02 0.000000000000000000e+00 1.006544810749490315e+00 5.658457399079136474e-02 2.534581593921014786e-02
3.300000000000000000e+01 9.305555555555555802e-01 6.944444444444441977e-02 0.000000000000000000e+00 1.090229173314316569e+00 4.374324061648923734e-02 1.192976146925950331e-02
3.400000000000000000e+01 9.583333333333333703e-01 4.166666666666662966e-02 0.000000000000000000e+00 1.120952476557826261e+00 2.462969227650317269e-02 3.957756746795437763e-03
3.500000000000000000e+01 9.861111111111111605e-01 1.388888888888883955e-02 0.000000000000000000e+00 1.093814179944551990e+00 6.651087891688066238e-03 6.783825402917331715e-04

Residual energy after optimization is 6.357958781677553e-08 C0x=0.4084811269982617 C0z=1.0665319760232639 C0xz=1.0
Optimization procedure took 145.77334237098694 seconds