### PARAMETERS OF THE TIME EVOLUTION ### 
Total time tau = 63
Timestep dt = 1
P = tau/dt = 63
Number of Fourier coefficients Nc = 63

gamma(t) = t/T*(delta_t + \sum_i^Nc gamma_i*f_i(wi, t) 
beta(t) = (1-t/T)*(delta_t + \sum_i^Nc beta_i*f_i(wi, t)

CRAB coefficient   Cz_start// Cx_start// Cxz_start // pulses//  Cz_opt // Cx_opt // Cxz_opt  
0.000000000000000000e+00 0.000000000000000000e+00 0.000000000000000000e+00 1.028255271801313597e+00 -9.984825158359315056e-01 -4.835600033283121713e-01 0.000000000000000000e+00
0.000000000000000000e+00 0.000000000000000000e+00 0.000000000000000000e+00 7.196748810413371444e+00 -1.800707441638936257e-01 4.349473944262753633e-02 0.000000000000000000e+00
0.000000000000000000e+00 0.000000000000000000e+00 0.000000000000000000e+00 9.174311132623234499e+00 5.580628998873483626e-01 -3.668665465815194177e-02 0.000000000000000000e+00
0.000000000000000000e+00 0.000000000000000000e+00 0.000000000000000000e+00 1.560336533842243689e+00 6.302793596208581262e-01 -1.051891974182390076e-02 0.000000000000000000e+00
0.000000000000000000e+00 0.000000000000000000e+00 0.000000000000000000e+00 2.973773081172110366e+00 -2.393035870159131162e-01 -8.805425325811414017e-02 0.000000000000000000e+00
0.000000000000000000e+00 0.000000000000000000e+00 0.000000000000000000e+00 1.731401668559800910e+01 -8.428517495546736845e-04 -2.925017693731537735e-03 0.000000000000000000e+00
0.000000000000000000e+00 0.000000000000000000e+00 0.000000000000000000e+00 2.214451336884495092e+01 -1.463098094117146935e-03 4.795874002117396311e-04 0.000000000000000000e+00
0.000000000000000000e+00 0.000000000000000000e+00 0.000000000000000000e+00 2.426979847310214211e+00 -2.216145890124048001e-01 -6.807226173233528466e-02 0.000000000000000000e+00
0.000000000000000000e+00 0.000000000000000000e+00 0.000000000000000000e+00 1.347257344409131719e+01 -9.525230115330123037e-02 -4.619110695345456097e-02 0.000000000000000000e+00
0.000000000000000000e+00 0.000000000000000000e+00 0.000000000000000000e+00 1.294150814065242550e+01 7.914249545501388095e-02 1.031659659393580619e-01 0.000000000000000000e+00
0.000000000000000000e+00 0.000000000000000000e+00 0.000000000000000000e+00 1.566184346116790360e+00 6.408263380913933327e-01 -6.492261797604044482e-03 0.000000000000000000e+00
0.000000000000000000e+00 0.000000000000000000e+00 0.000000000000000000e+00 9.784873401261434012e+00 -1.552128487048885785e-01 -2.657058068402369175e-02 0.000000000000000000e+00
0.000000000000000000e+00 0.000000000000000000e+00 0.000000000000000000e+00 9.298428459670681434e+00 7.519189380732774763e-01 -1.056035060187432428e-01 0.000000000000000000e+00
0.000000000000000000e+00 0.000000000000000000e+00 0.000000000000000000e+00 3.639963747315419607e+00 7.462999075533663929e-01 1.167582441501918977e-01 0.000000000000000000e+00
0.000000000000000000e+00 0.000000000000000000e+00 0.000000000000000000e+00 2.263080888692779347e+00 1.116558390477874058e-01 4.279506332607844674e-03 0.000000000000000000e+00
0.000000000000000000e+00 0.000000000000000000e+00 0.000000000000000000e+00 1.018884865234994841e+01 -4.529360694819914435e-01 9.667782048845594001e-02 0.000000000000000000e+00
0.000000000000000000e+00 0.000000000000000000e+00 0.000000000000000000e+00 1.075716864035672060e+01 1.240551347077874400e+00 -3.553858448460748831e-01 0.000000000000000000e+00
0.000000000000000000e+00 0.000000000000000000e+00 0.000000000000000000e+00 1.305522960148912448e+00 -4.916266168316662383e-02 -2.300042761233826449e-01 0.000000000000000000e+00
0.000000000000000000e+00 0.000000000000000000e+00 0.000000000000000000e+00 1.034939214526434981e+01 1.098032346897252071e-01 -2.641361493070589622e-02 0.000000000000000000e+00
0.000000000000000000e+00 0.000000000000000000e+00 0.000000000000000000e+00 4.539106852679412718e+00 -7.977289205364094249e-01 -1.537621041849819847e-01 0.000000000000000000e+00
0.000000000000000000e+00 0.000000000000000000e+00 0.000000000000000000e+00 2.598918281896646643e-01 -1.050702910869860673e+00 -3.419091565952896428e-01 0.000000000000000000e+00
0.000000000000000000e+00 0.000000000000000000e+00 0.000000000000000000e+00 4.712674240739164411e+00 -4.941375788465455776e-01 -6.787298645352146664e-02 0.000000000000000000e+00
0.000000000000000000e+00 0.000000000000000000e+00 0.000000000000000000e+00 1.338370451201524425e+00 5.763909126209808970e-02 -1.984543285401678125e-01 0.000000000000000000e+00
0.000000000000000000e+00 0.000000000000000000e+00 0.000000000000000000e+00 5.046267602203239555e+00 1.067908769382624357e+00 2.378978432115018415e-01 0.000000000000000000e+00
0.000000000000000000e+00 0.000000000000000000e+00 0.000000000000000000e+00 2.230607071385127149e+00 1.835016100279044660e-01 1.883913934816514382e-02 0.000000000000000000e+00
0.000000000000000000e+00 0.000000000000000000e+00 0.000000000000000000e+00 8.532352863479326643e+00 -1.370142425575088252e+00 1.584711777728545212e-01 0.000000000000000000e+00
0.000000000000000000e+00 0.000000000000000000e+00 0.000000000000000000e+00 2.679715801330186498e+00 -4.831169836617028590e-01 -1.334523828524192546e-01 0.000000000000000000e+00
0.000000000000000000e+00 0.000000000000000000e+00 0.000000000000000000e+00 3.413207115173805928e+00 6.145353994038329493e-01 9.362911146152788633e-02 0.000000000000000000e+00
0.000000000000000000e+00 0.000000000000000000e+00 0.000000000000000000e+00 2.918639371875745514e+00 -3.259845435489303611e-01 -1.060649477629613674e-01 0.000000000000000000e+00
0.000000000000000000e+00 0.000000000000000000e+00 0.000000000000000000e+00 1.098238064912192868e+01 -7.738943150039478969e-01 3.195326328600118782e-01 0.000000000000000000e+00
0.000000000000000000e+00 0.000000000000000000e+00 0.000000000000000000e+00 7.935780408813239539e+00 -1.531915290876778406e-02 -8.828171694033334904e-02 0.000000000000000000e+00
0.000000000000000000e+00 0.000000000000000000e+00 0.000000000000000000e+00 1.174637021541037329e+00 -5.003029039502117081e-01 -3.562189527851151727e-01 0.000000000000000000e+00
0.000000000000000000e+00 0.000000000000000000e+00 0.000000000000000000e+00 1.862289613788450282e+01 -4.989068184161491760e-03 3.843231757244749557e-04 0.000000000000000000e+00
0.000000000000000000e+00 0.000000000000000000e+00 0.000000000000000000e+00 1.002257237253080291e+01 -6.138635954995191879e-01 1.032064918577899476e-01 0.000000000000000000e+00
0.000000000000000000e+00 0.000000000000000000e+00 0.000000000000000000e+00 1.792330593208403933e+00 8.305660455693962829e-01 9.731442161508599420e-02 0.000000000000000000e+00
0.000000000000000000e+00 0.000000000000000000e+00 0.000000000000000000e+00 3.153837663835889593e+00 1.197655509632799126e-01 -1.139911037161252770e-02 0.000000000000000000e+00
0.000000000000000000e+00 0.000000000000000000e+00 0.000000000000000000e+00 4.075188637851557161e+00 -5.314105365396230157e-02 -5.429977423669601899e-02 0.000000000000000000e+00
0.000000000000000000e+00 0.000000000000000000e+00 0.000000000000000000e+00 7.312006838175199697e+00 1.841473425610620218e-01 3.045752975263053483e-02 0.000000000000000000e+00
0.000000000000000000e+00 0.000000000000000000e+00 0.000000000000000000e+00 2.268098037491448782e+00 1.006090820681907611e-01 2.005755256645595092e-03 0.000000000000000000e+00
0.000000000000000000e+00 0.000000000000000000e+00 0.000000000000000000e+00 6.430541895927593288e+00 -1.412270508188902818e-01 -3.055851451547299952e-02 0.000000000000000000e+00
0.000000000000000000e+00 0.000000000000000000e+00 0.000000000000000000e+00 1.400904564907287941e+01 5.317680379926609247e-02 5.914207453014081600e-02 0.000000000000000000e+00
0.000000000000000000e+00 0.000000000000000000e+00 0.000000000000000000e+00 4.746524635250546353e+00 -3.885153207031514233e-01 -4.320488768056596207e-02 0.000000000000000000e+00
0.000000000000000000e+00 0.000000000000000000e+00 0.000000000000000000e+00 4.226953986710254796e+00 -4.531187206063730377e-01 -1.266461537287785766e-01 0.000000000000000000e+00
0.000000000000000000e+00 0.000000000000000000e+00 0.000000000000000000e+00 3.641418424403521925e-01 -1.368957361898744951e+00 -4.521347023523135111e-01 0.000000000000000000e+00
0.000000000000000000e+00 0.000000000000000000e+00 0.000000000000000000e+00 6.316034917811146343e+00 5.110380491968598005e-01 1.202738684924918415e-02 0.000000000000000000e+00
0.000000000000000000e+00 0.000000000000000000e+00 0.000000000000000000e+00 2.903635788156525788e+00 -3.468017339571502489e-01 -1.103168848255012408e-01 0.000000000000000000e+00
0.000000000000000000e+00 0.000000000000000000e+00 0.000000000000000000e+00 7.377135275178045681e+00 3.585441429663988600e-01 1.671254837203225291e-02 0.000000000000000000e+00
0.000000000000000000e+00 0.000000000000000000e+00 0.000000000000000000e+00 7.179777975121812261e+00 -2.364812458314732302e-01 4.405546662149668197e-02 0.000000000000000000e+00
0.000000000000000000e+00 0.000000000000000000e+00 0.000000000000000000e+00 2.285008666214337936e+01 8.665808831183453116e-04 -3.845544640992501375e-04 0.000000000000000000e+00
0.000000000000000000e+00 0.000000000000000000e+00 0.000000000000000000e+00 7.540903243744567774e+00 6.207615232602802235e-01 -3.004017134624453744e-02 0.000000000000000000e+00
0.000000000000000000e+00 0.000000000000000000e+00 0.000000000000000000e+00 7.224495346121212691e+00 -8.854923980196054145e-02 4.180877863447730880e-02 0.000000000000000000e+00
0.000000000000000000e+00 0.000000000000000000e+00 0.000000000000000000e+00 2.378262964029628534e+01 -5.638984290493889674e-04 -4.235645813440604310e-06 0.000000000000000000e+00
0.000000000000000000e+00 0.000000000000000000e+00 0.000000000000000000e+00 3.910513025929312825e+00 3.730388245539482117e-01 3.198297283501629756e-02 0.000000000000000000e+00
0.000000000000000000e+00 0.000000000000000000e+00 0.000000000000000000e+00 2.580472004302940103e+00 -4.294034851732230207e-01 -1.180056499906845385e-01 0.000000000000000000e+00
0.000000000000000000e+00 0.000000000000000000e+00 0.000000000000000000e+00 2.184499935363785728e+00 2.852926323384302187e-01 3.873022907759095940e-02 0.000000000000000000e+00
0.000000000000000000e+00 0.000000000000000000e+00 0.000000000000000000e+00 7.243242935850434883e+00 -2.763848109698188033e-02 4.013426454834782831e-02 0.000000000000000000e+00
0.000000000000000000e+00 0.000000000000000000e+00 0.000000000000000000e+00 2.643835604116338889e+00 -4.717744834737538917e-01 -1.296337103595721352e-01 0.000000000000000000e+00
0.000000000000000000e+00 0.000000000000000000e+00 0.000000000000000000e+00 1.547363036373969791e+01 -1.863085373561920060e-04 9.301213234654812090e-03 0.000000000000000000e+00
0.000000000000000000e+00 0.000000000000000000e+00 0.000000000000000000e+00 6.938537650759418973e+00 -9.333344489823228729e-01 1.719618318303143753e-02 0.000000000000000000e+00
0.000000000000000000e+00 0.000000000000000000e+00 0.000000000000000000e+00 1.346386102557602271e+00 8.308029508295713961e-02 -1.908280211711441687e-01 0.000000000000000000e+00
0.000000000000000000e+00 0.000000000000000000e+00 0.000000000000000000e+00 3.954541986377997809e+00 2.675454722270270147e-01 9.873066651293163284e-03 0.000000000000000000e+00
0.000000000000000000e+00 0.000000000000000000e+00 0.000000000000000000e+00 1.564795454102658079e+00 6.383456144888083328e-01 -7.443071627027569512e-03 0.000000000000000000e+00
0.000000000000000000e+00 0.000000000000000000e+00 0.000000000000000000e+00 7.717003352505453329e+00 5.465447540075963895e-01 -7.743455872702108278e-02 0.000000000000000000e+00

Amplitudes vs time: t // theta_tt_old // theta_mt_old // alpha_cdt_old// theta_tt_opt // theta_mt_opt// alpha_cdt_opt  
0.000000000000000000e+00 7.936507936507936067e-03 9.920634920634920917e-01 0.000000000000000000e+00 9.749341159820988645e-02 7.843154929974536227e-01 0.000000000000000000e+00
1.000000000000000000e+00 2.380952380952380820e-02 9.761904761904761640e-01 0.000000000000000000e+00 2.817479374199793329e-01 7.801707421763696138e-01 0.000000000000000000e+00
2.000000000000000000e+00 3.968253968253968034e-02 9.603174603174603474e-01 0.000000000000000000e+00 4.399348434601011437e-01 7.733187391340847761e-01 0.000000000000000000e+00
3.000000000000000000e+00 5.555555555555555247e-02 9.444444444444444198e-01 0.000000000000000000e+00 5.661766331272046759e-01 7.661378407653475220e-01 0.000000000000000000e+00
4.000000000000000000e+00 7.142857142857142461e-02 9.285714285714286031e-01 0.000000000000000000e+00 6.617161183942474878e-01 7.598062366832629699e-01 0.000000000000000000e+00
5.000000000000000000e+00 8.730158730158729674e-02 9.126984126984126755e-01 0.000000000000000000e+00 7.319986948980020669e-01 7.544052243316969886e-01 0.000000000000000000e+00
6.000000000000000000e+00 1.031746031746031689e-01 8.968253968253968589e-01 0.000000000000000000e+00 7.841012617571258003e-01 7.488841692893801749e-01 0.000000000000000000e+00
7.000000000000000000e+00 1.190476190476190410e-01 8.809523809523809312e-01 0.000000000000000000e+00 8.247587370006759233e-01 7.415757491387283684e-01 0.000000000000000000e+00
8.000000000000000000e+00 1.349206349206349131e-01 8.650793650793651146e-01 0.000000000000000000e+00 8.590675067644042429e-01 7.311302459378867802e-01 0.000000000000000000e+00
9.000000000000000000e+00 1.507936507936507853e-01 8.492063492063491870e-01 0.000000000000000000e+00 8.899445933497602823e-01 7.172670860965271178e-01 0.000000000000000000e+00
1.000000000000000000e+01 1.666666666666666574e-01 8.333333333333333703e-01 0.000000000000000000e+00 9.182424538739708542e-01 7.009949249786875392e-01 0.000000000000000000e+00
1.100000000000000000e+01 1.825396825396825295e-01 8.174603174603174427e-01 0.000000000000000000e+00 9.431928574404790933e-01 6.843988221252305104e-01 0.000000000000000000e+00
1.200000000000000000e+01 1.984126984126984017e-01 8.015873015873016261e-01 0.000000000000000000e+00 9.629511424374721518e-01 6.701552720856526202e-01 0.000000000000000000e+00
1.300000000000000000e+01 2.142857142857142738e-01 7.857142857142856984e-01 0.000000000000000000e+00 9.753783812109582119e-01 6.607293432289685908e-01 0.000000000000000000e+00
1.400000000000000000e+01 2.301587301587301460e-01 7.698412698412698818e-01 0.000000000000000000e+00 9.792681625018500036e-01 6.572815954098331082e-01 0.000000000000000000e+00
1.500000000000000000e+01 2.460317460317460181e-01 7.539682539682539542e-01 0.000000000000000000e+00 9.756705334948643227e-01 6.587944120536942672e-01 0.000000000000000000e+00
1.600000000000000000e+01 2.619047619047619180e-01 7.380952380952381375e-01 0.000000000000000000e+00 9.683204662759508086e-01 6.622275038650720091e-01 0.000000000000000000e+00
1.700000000000000000e+01 2.777777777777777901e-01 7.222222222222222099e-01 0.000000000000000000e+00 9.623745107765558915e-01 6.640109919415950746e-01 0.000000000000000000e+00
1.800000000000000000e+01 2.936507936507936622e-01 7.063492063492062822e-01 0.000000000000000000e+00 9.618788891159615329e-01 6.620987185498008465e-01 0.000000000000000000e+00
1.900000000000000000e+01 3.095238095238095344e-01 6.904761904761904656e-01 0.000000000000000000e+00 9.676127304281918473e-01 6.571394400329201302e-01 0.000000000000000000e+00
2.000000000000000000e+01 3.253968253968254065e-01 6.746031746031746490e-01 0.000000000000000000e+00 9.768934310555295042e-01 6.518550582193857190e-01 0.000000000000000000e+00
2.100000000000000000e+01 3.412698412698412787e-01 6.587301587301587213e-01 0.000000000000000000e+00 9.854640584175379248e-01 6.490967354695775793e-01 0.000000000000000000e+00
2.200000000000000000e+01 3.571428571428571508e-01 6.428571428571427937e-01 0.000000000000000000e+00 9.899813941348880597e-01 6.500646655981717759e-01 0.000000000000000000e+00
2.300000000000000000e+01 3.730158730158730229e-01 6.269841269841269771e-01 0.000000000000000000e+00 9.893288635953396692e-01 6.539200785005413463e-01 0.000000000000000000e+00
2.400000000000000000e+01 3.888888888888888951e-01 6.111111111111111605e-01 0.000000000000000000e+00 9.841614597087638971e-01 6.587798710313308437e-01 0.000000000000000000e+00
2.500000000000000000e+01 4.047619047619047672e-01 5.952380952380952328e-01 0.000000000000000000e+00 9.755470155857839387e-01 6.630306307702009683e-01 0.000000000000000000e+00
2.600000000000000000e+01 4.206349206349206393e-01 5.793650793650793052e-01 0.000000000000000000e+00 9.639974508276091258e-01 6.659098334007131914e-01 0.000000000000000000e+00
2.700000000000000000e+01 4.365079365079365115e-01 5.634920634920634885e-01 0.000000000000000000e+00 9.494229738645710848e-01 6.671821967355781036e-01 0.000000000000000000e+00
2.800000000000000000e+01 4.523809523809523836e-01 5.476190476190476719e-01 0.000000000000000000e+00 9.315397163250067614e-01 6.665430309163222766e-01 0.000000000000000000e+00
2.900000000000000000e+01 4.682539682539682557e-01 5.317460317460317443e-01 0.000000000000000000e+00 9.099889450312497186e-01 6.634106653668567777e-01 0.000000000000000000e+00
3.000000000000000000e+01 4.841269841269841279e-01 5.158730158730158166e-01 0.000000000000000000e+00 8.839766066311137704e-01 6.571859583852422970e-01 0.000000000000000000e+00
3.100000000000000000e+01 5.000000000000000000e-01 5.000000000000000000e-01 0.000000000000000000e+00 8.519314243549609422e-01 6.475581707705385659e-01 0.000000000000000000e+00
3.200000000000000000e+01 5.158730158730159276e-01 4.841269841269840724e-01 0.000000000000000000e+00 8.118255021332767551e-01 6.344862708989742472e-01 0.000000000000000000e+00
3.300000000000000000e+01 5.317460317460317443e-01 4.682539682539682557e-01 0.000000000000000000e+00 7.623025583338365330e-01 6.179168102240879534e-01 0.000000000000000000e+00
3.400000000000000000e+01 5.476190476190476719e-01 4.523809523809523281e-01 0.000000000000000000e+00 7.040535515042598558e-01 5.976171849167932759e-01 0.000000000000000000e+00
3.500000000000000000e+01 5.634920634920634885e-01 4.365079365079365115e-01 0.000000000000000000e+00 6.405286569274823982e-01 5.734252373001557102e-01 0.000000000000000000e+00
3.600000000000000000e+01 5.793650793650794162e-01 4.206349206349205838e-01 0.000000000000000000e+00 5.773798383910893062e-01 5.458757983388606849e-01 0.000000000000000000e+00
3.700000000000000000e+01 5.952380952380952328e-01 4.047619047619047672e-01 0.000000000000000000e+00 5.208427011882321711e-01 5.168623152745599469e-01 0.000000000000000000e+00
3.800000000000000000e+01 6.111111111111111605e-01 3.888888888888888395e-01 0.000000000000000000e+00 4.760297757824878961e-01 4.898886466891287927e-01 0.000000000000000000e+00
3.900000000000000000e+01 6.269841269841269771e-01 3.730158730158730229e-01 0.000000000000000000e+00 4.461779214035704877e-01 4.695527422832551090e-01 0.000000000000000000e+00
4.000000000000000000e+01 6.428571428571429047e-01 3.571428571428570953e-01 0.000000000000000000e+00 4.330911561746775829e-01 4.601563390592859903e-01 0.000000000000000000e+00
4.100000000000000000e+01 6.587301587301587213e-01 3.412698412698412787e-01 0.000000000000000000e+00 4.379424055693524331e-01 4.637588434960253081e-01 0.000000000000000000e+00
4.200000000000000000e+01 6.746031746031746490e-01 3.253968253968253510e-01 0.000000000000000000e+00 4.612271465229015321e-01 4.784767749159932748e-01 0.000000000000000000e+00
4.300000000000000000e+01 6.904761904761904656e-01 3.095238095238095344e-01 0.000000000000000000e+00 5.014634051622941513e-01 4.980510900524971474e-01 0.000000000000000000e+00
4.400000000000000000e+01 7.063492063492063933e-01 2.936507936507936067e-01 0.000000000000000000e+00 5.535923574958043769e-01 5.133325680180255146e-01 0.000000000000000000e+00
4.500000000000000000e+01 7.222222222222222099e-01 2.777777777777777901e-01 0.000000000000000000e+00 6.087303333121925064e-01 5.153922735307366887e-01 0.000000000000000000e+00
4.600000000000000000e+01 7.380952380952381375e-01 2.619047619047618625e-01 0.000000000000000000e+00 6.562559909025416083e-01 4.989592751629001732e-01 0.000000000000000000e+00
4.700000000000000000e+01 7.539682539682539542e-01 2.460317460317460458e-01 0.000000000000000000e+00 6.876599020903967352e-01 4.645076035042366436e-01 0.000000000000000000e+00
4.800000000000000000e+01 7.698412698412698818e-01 2.301587301587301182e-01 0.000000000000000000e+00 7.003106264442244822e-01 4.178939611945022836e-01 0.000000000000000000e+00
4.900000000000000000e+01 7.857142857142856984e-01 2.142857142857143016e-01 0.000000000000000000e+00 6.991329727502579860e-01 3.676871161432972435e-01 0.000000000000000000e+00
5.000000000000000000e+01 8.015873015873016261e-01 1.984126984126983739e-01 0.000000000000000000e+00 6.951197963475450603e-01 3.214997534642823340e-01 0.000000000000000000e+00
5.100000000000000000e+01 8.174603174603174427e-01 1.825396825396825573e-01 0.000000000000000000e+00 7.010445462687013851e-01 2.830786500702306419e-01 0.000000000000000000e+00
5.200000000000000000e+01 8.333333333333333703e-01 1.666666666666666297e-01 0.000000000000000000e+00 7.261206079974265037e-01 2.514423445042548999e-01 0.000000000000000000e+00
5.300000000000000000e+01 8.492063492063491870e-01 1.507936507936508130e-01 0.000000000000000000e+00 7.721210220520027256e-01 2.222941486339442274e-01 0.000000000000000000e+00
5.400000000000000000e+01 8.650793650793651146e-01 1.349206349206348854e-01 0.000000000000000000e+00 8.330413878005868966e-01 1.908509182074345500e-01 0.000000000000000000e+00
5.500000000000000000e+01 8.809523809523809312e-01 1.190476190476190688e-01 0.000000000000000000e+00 8.985451481731722145e-01 1.546234485761270039e-01 0.000000000000000000e+00
5.600000000000000000e+01 8.968253968253968589e-01 1.031746031746031411e-01 0.000000000000000000e+00 9.590355812333072327e-01 1.148062626111584494e-01 0.000000000000000000e+00
5.700000000000000000e+01 9.126984126984126755e-01 8.730158730158732450e-02 0.000000000000000000e+00 1.009057610952054596e+00 7.569082510991471946e-02 0.000000000000000000e+00
5.800000000000000000e+01 9.285714285714286031e-01 7.142857142857139685e-02 0.000000000000000000e+00 1.047107631536633665e+00 4.252742281720595097e-02 0.000000000000000000e+00
5.900000000000000000e+01 9.444444444444444198e-01 5.555555555555558023e-02 0.000000000000000000e+00 1.072966392266263780e+00 1.902332949729157452e-02 0.000000000000000000e+00
6.000000000000000000e+01 9.603174603174603474e-01 3.968253968253965258e-02 0.000000000000000000e+00 1.085708861420176419e+00 5.793972011820083638e-03 0.000000000000000000e+00
6.100000000000000000e+01 9.761904761904761640e-01 2.380952380952383596e-02 0.000000000000000000e+00 1.084560609981595203e+00 5.245265688548232576e-04 0.000000000000000000e+00
6.200000000000000000e+01 9.920634920634920917e-01 7.936507936507908312e-03 0.000000000000000000e+00 1.071614460448762296e+00 -3.361856251409132859e-04 0.000000000000000000e+00

Residual energy after optimization is 1.41111614419575e-07 C0x=-0.06309085243659465 C0z=1.0625752096461103 C0xz=1.0
Optimization procedure took 202.25613379478455 seconds