### PARAMETERS OF THE TIME EVOLUTION ### 
Total time tau = 18
Timestep dt = 1
P = tau/dt = 18
Number of Fourier coefficients Nc = 18

gamma(t) = t/T*(delta_t + \sum_i^Nc gamma_i*f_i(wi, t) 
beta(t) = (1-t/T)*(delta_t + \sum_i^Nc beta_i*f_i(wi, t)

CRAB coefficient   Cz_start// Cx_start// Cxz_start // pulses//  Cz_opt // Cx_opt // Cxz_opt  
0.000000000000000000e+00 0.000000000000000000e+00 0.000000000000000000e+00 3.360275151514084069e+00 -3.973549089785079502e+01 7.298764122284890732e+01 0.000000000000000000e+00
0.000000000000000000e+00 0.000000000000000000e+00 0.000000000000000000e+00 2.210873672029229198e+01 -1.195847897147186284e-03 3.157819575790950586e-03 0.000000000000000000e+00
0.000000000000000000e+00 0.000000000000000000e+00 0.000000000000000000e+00 6.991014323449370238e+00 2.188300206198938724e+02 -3.063514918141871135e+02 0.000000000000000000e+00
0.000000000000000000e+00 0.000000000000000000e+00 0.000000000000000000e+00 4.273834203128134668e+00 -3.156981749800938886e+01 3.732963031043001223e+01 0.000000000000000000e+00
0.000000000000000000e+00 0.000000000000000000e+00 0.000000000000000000e+00 8.997456583714424028e+00 -6.828581061337117564e-02 1.312005989632207548e-01 0.000000000000000000e+00
0.000000000000000000e+00 0.000000000000000000e+00 0.000000000000000000e+00 8.257898396860641199e+00 1.872667215701683263e-01 -2.649393920356469811e-01 0.000000000000000000e+00
0.000000000000000000e+00 0.000000000000000000e+00 0.000000000000000000e+00 4.450199999449347743e+00 -1.707954695201333450e+01 4.382968040059803627e+01 0.000000000000000000e+00
0.000000000000000000e+00 0.000000000000000000e+00 0.000000000000000000e+00 2.307007023387502631e+00 -8.238460083939805889e-01 6.425021947090573171e+00 0.000000000000000000e+00
0.000000000000000000e+00 0.000000000000000000e+00 0.000000000000000000e+00 3.409373450557541485e+00 -4.152079260905200897e+01 8.416679000492051443e+01 0.000000000000000000e+00
0.000000000000000000e+00 0.000000000000000000e+00 0.000000000000000000e+00 5.329529372788893937e+00 -1.349956752361307899e+01 1.995877447879936639e+01 0.000000000000000000e+00
0.000000000000000000e+00 0.000000000000000000e+00 0.000000000000000000e+00 3.819519426969917753e+00 5.698883049698010694e+01 -7.788592154248173927e+01 0.000000000000000000e+00
0.000000000000000000e+00 0.000000000000000000e+00 0.000000000000000000e+00 1.512980938662356611e-01 -3.654808573317192000e+00 1.264337688667456305e+01 0.000000000000000000e+00
0.000000000000000000e+00 0.000000000000000000e+00 0.000000000000000000e+00 1.158727004877624722e+01 -5.125024867225084005e-03 1.424941898598865338e-02 0.000000000000000000e+00
0.000000000000000000e+00 0.000000000000000000e+00 0.000000000000000000e+00 3.189355288338219019e+00 4.632776676815578298e+01 -1.023449951843890062e+02 0.000000000000000000e+00
0.000000000000000000e+00 0.000000000000000000e+00 0.000000000000000000e+00 4.087835295531244029e+00 1.239762873996973092e+01 -3.831160603494365802e+01 0.000000000000000000e+00
0.000000000000000000e+00 0.000000000000000000e+00 0.000000000000000000e+00 6.993473358810754270e+00 -2.183452258207567525e+02 3.057583728120167166e+02 0.000000000000000000e+00
0.000000000000000000e+00 0.000000000000000000e+00 0.000000000000000000e+00 4.993814540762159915e+00 2.799665554076807084e+01 -4.374883097803494536e+01 0.000000000000000000e+00
0.000000000000000000e+00 0.000000000000000000e+00 0.000000000000000000e+00 1.036853096431671517e+01 4.470908559911808758e-03 2.522120705334565151e-03 0.000000000000000000e+00

Amplitudes vs time: t // theta_tt_old // theta_mt_old // alpha_cdt_old// theta_tt_opt // theta_mt_opt// alpha_cdt_opt  
0.000000000000000000e+00 2.777777777777777624e-02 9.722222222222222099e-01 0.000000000000000000e+00 1.966559078248728554e-01 7.529113188447338345e-01 0.000000000000000000e+00
1.000000000000000000e+00 8.333333333333332871e-02 9.166666666666666297e-01 0.000000000000000000e+00 4.651334028824969380e-01 7.436525059041385610e-01 0.000000000000000000e+00
2.000000000000000000e+00 1.388888888888888951e-01 8.611111111111111605e-01 0.000000000000000000e+00 5.932187913952822189e-01 7.396865865963144770e-01 0.000000000000000000e+00
3.000000000000000000e+00 1.944444444444444475e-01 8.055555555555555802e-01 0.000000000000000000e+00 6.594207860943667177e-01 7.369009161835129440e-01 0.000000000000000000e+00
4.000000000000000000e+00 2.500000000000000000e-01 7.500000000000000000e-01 0.000000000000000000e+00 6.982209882812392410e-01 7.343822951489404893e-01 0.000000000000000000e+00
5.000000000000000000e+00 3.055555555555555802e-01 6.944444444444444198e-01 0.000000000000000000e+00 7.234190094343992961e-01 7.303029951559181221e-01 0.000000000000000000e+00
6.000000000000000000e+00 3.611111111111111049e-01 6.388888888888888395e-01 0.000000000000000000e+00 7.406732386823522418e-01 7.271743245098267749e-01 0.000000000000000000e+00
7.000000000000000000e+00 4.166666666666666852e-01 5.833333333333332593e-01 0.000000000000000000e+00 7.532090083463436336e-01 7.209071653953191827e-01 0.000000000000000000e+00
8.000000000000000000e+00 4.722222222222222099e-01 5.277777777777777901e-01 0.000000000000000000e+00 7.621415303754444093e-01 7.158800717622788579e-01 0.000000000000000000e+00
9.000000000000000000e+00 5.277777777777777901e-01 4.722222222222222099e-01 0.000000000000000000e+00 7.691892439364106382e-01 7.067831318230319848e-01 0.000000000000000000e+00
1.000000000000000000e+01 5.833333333333333703e-01 4.166666666666666297e-01 0.000000000000000000e+00 7.745668043094111610e-01 6.956292936407693084e-01 0.000000000000000000e+00
1.100000000000000000e+01 6.388888888888888395e-01 3.611111111111111605e-01 0.000000000000000000e+00 7.800322868097983031e-01 6.792584795353191485e-01 0.000000000000000000e+00
1.200000000000000000e+01 6.944444444444444198e-01 3.055555555555555802e-01 0.000000000000000000e+00 7.859506340539708091e-01 6.536107840759916021e-01 0.000000000000000000e+00
1.300000000000000000e+01 7.500000000000000000e-01 2.500000000000000000e-01 0.000000000000000000e+00 7.950033571919343789e-01 6.142964999506523860e-01 0.000000000000000000e+00
1.400000000000000000e+01 8.055555555555555802e-01 1.944444444444444198e-01 0.000000000000000000e+00 8.107797983192494007e-01 5.480926445369391775e-01 0.000000000000000000e+00
1.500000000000000000e+01 8.611111111111111605e-01 1.388888888888888395e-01 0.000000000000000000e+00 8.411146776036059203e-01 4.407275588876179984e-01 0.000000000000000000e+00
1.600000000000000000e+01 9.166666666666666297e-01 8.333333333333337034e-02 0.000000000000000000e+00 8.807862496720526568e-01 3.020820523314042272e-01 0.000000000000000000e+00
1.700000000000000000e+01 9.722222222222222099e-01 2.777777777777779011e-02 0.000000000000000000e+00 8.649806893993985391e-01 1.245573087462725631e-01 0.000000000000000000e+00

Residual energy after optimization is 0.01388222257962387 C0x=5.058418808650734 C0z=0.8278074017988363 C0xz=1.0
Optimization procedure took 22.229339838027954 seconds