### PARAMETERS OF THE TIME EVOLUTION ### 
Total time tau = 42
Timestep dt = 1
P = tau/dt = 42
Number of Fourier coefficients Nc = 42

gamma(t) = t/T*(delta_t + \sum_i^Nc gamma_i*f_i(wi, t) 
beta(t) = (1-t/T)*(delta_t + \sum_i^Nc beta_i*f_i(wi, t)

CRAB coefficient   Cz_start// pulses//  Cz_opt  
0.000000000000000000e+00 5.290178022114452538e+00 -6.327349862451351470e+01
0.000000000000000000e+00 2.123810365637728292e+00 -8.271005611855230200e+01
0.000000000000000000e+00 4.264671805664486115e+00 4.336221322516894361e+01
0.000000000000000000e+00 5.664543161266613502e+00 1.344652025217257219e+01
0.000000000000000000e+00 1.052200573100336989e+01 -3.807691130289644121e+01
0.000000000000000000e+00 1.565959999579933815e+00 8.980081951240734384e+00
0.000000000000000000e+00 2.798846657221722989e+00 2.764185251327261028e+01
0.000000000000000000e+00 1.717974308107865511e+01 -2.088780735943740724e-04
0.000000000000000000e+00 4.106047931781716009e+00 -9.625625419409743699e+00
0.000000000000000000e+00 2.961385059825744293e+00 4.022418692231721593e+01
0.000000000000000000e+00 4.033584201506173805e+00 -3.117769054628845637e+01
0.000000000000000000e+00 1.824030304818321113e+01 1.317932819117986721e-03
0.000000000000000000e+00 1.186075794283465612e+01 -4.591698657954366780e+01
0.000000000000000000e+00 5.360434890820208187e-01 -6.247328898972678246e+01
0.000000000000000000e+00 4.026244603045884496e+00 -3.317733374604096497e+01
0.000000000000000000e+00 3.639855306573684945e+00 -6.669420622155358558e+01
0.000000000000000000e+00 3.159293564752633010e+00 2.562856906467437668e+01
0.000000000000000000e+00 4.079930569860377609e+00 -1.773409647603076067e+01
0.000000000000000000e+00 1.052269621497032226e+01 -3.828777249237833757e+01
0.000000000000000000e+00 9.226014883320118543e+00 -5.856362039425811616e+01
0.000000000000000000e+00 6.715926786374351032e+00 1.305262498307304782e+02
0.000000000000000000e+00 8.317615090120042964e+00 2.628321599646696427e+01
0.000000000000000000e+00 1.548626519499973764e+00 1.235444503399138583e+01
0.000000000000000000e+00 6.861907566162301464e+00 -1.287294078325659257e+02
0.000000000000000000e+00 4.473853385954567941e+00 1.008545179462220034e+02
0.000000000000000000e+00 4.094106191825974683e+00 -1.337444840212946673e+01
0.000000000000000000e+00 1.244989775733227999e+00 4.123788579956567446e+01
0.000000000000000000e+00 1.282021630440894455e+01 1.133497178251409743e+01
0.000000000000000000e+00 1.224041324123432517e+01 4.692254853134246417e+01
0.000000000000000000e+00 2.531936470120191185e+00 -2.619293729333870857e+01
0.000000000000000000e+00 1.099131289627932695e+01 3.820237977065446699e+01
0.000000000000000000e+00 9.900817358162109505e-01 1.379863698680933304e+01
0.000000000000000000e+00 1.314334080715515052e+00 4.062187402154793148e+01
0.000000000000000000e+00 7.570432308810660649e-01 -3.208460501028211809e+01
0.000000000000000000e+00 1.096326478140005101e+01 2.292274879255621656e+01
0.000000000000000000e+00 1.263937546631483677e+01 -2.890127837722609172e+01
0.000000000000000000e+00 9.750896066074833612e+00 7.356894637677771698e+01
0.000000000000000000e+00 2.527960766671158321e+00 -2.710189741061374136e+01
0.000000000000000000e+00 2.896624603518847874e+00 3.779539729228292799e+01
0.000000000000000000e+00 2.654979496612514644e+00 1.529029342582370221e+00
0.000000000000000000e+00 3.188532412110984815e+00 2.096636193723655595e+01
0.000000000000000000e+00 3.318758667758429315e+00 -4.972513876941262900e+00

Amplitudes vs time: t // theta_tt_old // theta_mt_old // alpha_cdt_old//theta_ttdot_old // theta_tt_opt // theta_mt_opt// alpha_cdt_opt// theta_ttdot_opt //  
0.000000000000000000e+00 1.190476190476190410e-02 9.880952380952381375e-01 0.000000000000000000e+00 2.380952380952380820e-02 8.344828515711945338e-02 9.880952380952381375e-01 9.740839510455082118e-03 1.318705555256574069e-01
1.000000000000000000e+00 3.571428571428571230e-02 9.642857142857143016e-01 0.000000000000000000e+00 2.380952380952380820e-02 2.097160301868368770e-01 9.642857142857143016e-01 1.271279399302002386e-02 1.348109232615564979e-01
2.000000000000000000e+00 5.952380952380952051e-02 9.404761904761904656e-01 0.000000000000000000e+00 2.380952380952380820e-02 3.455311541927909014e-01 9.404761904761904656e-01 1.487493762274893008e-02 1.266372012816518178e-01
3.000000000000000000e+00 8.333333333333332871e-02 9.166666666666666297e-01 0.000000000000000000e+00 2.380952380952380820e-02 4.482356756202155457e-01 9.166666666666666297e-01 9.931253851242107314e-03 7.612213525507197098e-02
4.000000000000000000e+00 1.071428571428571369e-01 8.928571428571429047e-01 0.000000000000000000e+00 2.380952380952380820e-02 5.005782630533259780e-01 8.928571428571429047e-01 4.342190535604047337e-03 3.245851147267755921e-02
5.000000000000000000e+00 1.309523809523809590e-01 8.690476190476190688e-01 0.000000000000000000e+00 2.380952380952380820e-02 5.214843173792860220e-01 8.690476190476190688e-01 1.723084049511636271e-03 1.282861984650771059e-02
6.000000000000000000e+00 1.547619047619047672e-01 8.452380952380952328e-01 0.000000000000000000e+00 2.380952380952380820e-02 5.308130745446733023e-01 8.452380952380952328e-01 9.509133677688218602e-04 7.074985840876721332e-03
7.000000000000000000e+00 1.785714285714285754e-01 8.214285714285713969e-01 0.000000000000000000e+00 2.380952380952380820e-02 5.369776747565323527e-01 8.214285714285713969e-01 7.576404514403763633e-04 5.636682323758565594e-03
8.000000000000000000e+00 2.023809523809523836e-01 7.976190476190476719e-01 0.000000000000000000e+00 2.380952380952380820e-02 5.426678177677191073e-01 7.976190476190476719e-01 7.967688872227461161e-04 5.929091671596581348e-03
9.000000000000000000e+00 2.261904761904761918e-01 7.738095238095238360e-01 0.000000000000000000e+00 2.380952380952380820e-02 5.488031763136188568e-01 7.738095238095238360e-01 8.182656545458096833e-04 6.092275521887013934e-03
1.000000000000000000e+01 2.500000000000000000e-01 7.500000000000000000e-01 0.000000000000000000e+00 2.380952380952380820e-02 5.540842901161298073e-01 7.500000000000000000e-01 5.510459460891941903e-04 4.105589405336368403e-03
1.100000000000000000e+01 2.738095238095238360e-01 7.261904761904761640e-01 0.000000000000000000e+00 2.380952380952380820e-02 5.568346151480623174e-01 7.261904761904761640e-01 2.266826441396271039e-04 1.689670066265788750e-03
1.200000000000000000e+01 2.976190476190476164e-01 7.023809523809523281e-01 0.000000000000000000e+00 2.380952380952380820e-02 5.587511967403390178e-01 7.023809523809523281e-01 3.982438015235738055e-04 2.969509601130189413e-03
1.300000000000000000e+01 3.214285714285714524e-01 6.785714285714286031e-01 0.000000000000000000e+00 2.380952380952380820e-02 5.640346424016098315e-01 6.785714285714286031e-01 1.042120103104017623e-03 7.779265703361397388e-03
1.400000000000000000e+01 3.452380952380952328e-01 6.547619047619047672e-01 0.000000000000000000e+00 2.380952380952380820e-02 5.733637050869773155e-01 6.547619047619047672e-01 1.307964191718500018e-03 9.788329966850719405e-03
1.500000000000000000e+01 3.690476190476190688e-01 6.309523809523809312e-01 0.000000000000000000e+00 2.380952380952380820e-02 5.808445534559782963e-01 6.309523809523809312e-01 5.112761605967574251e-04 3.835832647087242253e-03
1.600000000000000000e+01 3.928571428571428492e-01 6.071428571428572063e-01 0.000000000000000000e+00 2.380952380952380820e-02 5.794505349120004922e-01 6.071428571428572063e-01 -8.865652415360820082e-04 -6.648090922684701809e-03
1.700000000000000000e+01 4.166666666666666852e-01 5.833333333333332593e-01 0.000000000000000000e+00 2.380952380952380820e-02 5.690958284801039824e-01 5.833333333333332593e-01 -1.697202076502217190e-03 -1.268555808702410970e-02
1.800000000000000000e+01 4.404761904761904656e-01 5.595238095238095344e-01 0.000000000000000000e+00 2.380952380952380820e-02 5.570036538742255683e-01 5.595238095238095344e-01 -1.387630788968920951e-03 -1.034357022966325701e-02
1.900000000000000000e+01 4.642857142857143016e-01 5.357142857142856984e-01 0.000000000000000000e+00 2.380952380952380820e-02 5.492115380978260797e-01 5.357142857142856984e-01 -7.669413601158273910e-04 -5.710410104845450863e-03
2.000000000000000000e+01 4.880952380952380820e-01 5.119047619047618625e-01 0.000000000000000000e+00 2.380952380952380820e-02 5.432169009105681790e-01 5.119047619047618625e-01 -1.058443927811937146e-03 -7.876600831190763014e-03
2.100000000000000000e+01 5.119047619047618625e-01 4.880952380952381375e-01 0.000000000000000000e+00 2.380952380952380820e-02 5.305998818409958240e-01 4.880952380952381375e-01 -2.451391011516896624e-03 -1.823897477568973968e-02
2.200000000000000000e+01 5.357142857142856984e-01 4.642857142857143016e-01 0.000000000000000000e+00 2.380952380952380820e-02 5.068266245038367535e-01 4.642857142857143016e-01 -3.787549141115738316e-03 -2.826815544801682123e-02
2.300000000000000000e+01 5.595238095238095344e-01 4.404761904761904656e-01 0.000000000000000000e+00 2.380952380952380820e-02 4.777672771825149378e-01 4.404761904761904656e-01 -3.643809385018926487e-03 -2.746593792099556036e-02
2.400000000000000000e+01 5.833333333333333703e-01 4.166666666666666297e-01 0.000000000000000000e+00 2.380952380952380820e-02 4.566596176083418390e-01 4.166666666666666297e-01 -1.670252908629487080e-03 -1.273284409425007313e-02
2.500000000000000000e+01 6.071428571428570953e-01 3.928571428571429047e-01 0.000000000000000000e+00 2.380952380952380820e-02 4.547354258509186398e-01 3.928571428571429047e-01 1.196393890016789457e-03 9.131395173887432715e-03
2.600000000000000000e+01 6.309523809523809312e-01 3.690476190476190688e-01 0.000000000000000000e+00 2.380952380952380820e-02 4.734139953027642900e-01 3.690476190476190688e-01 3.521861648859083045e-03 2.660122976532746514e-02
2.700000000000000000e+01 6.547619047619047672e-01 3.452380952380952328e-01 0.000000000000000000e+00 2.380952380952380820e-02 5.037221325160634589e-01 3.452380952380952328e-01 4.253692827304554613e-03 3.177068664923084901e-02
2.800000000000000000e+01 6.785714285714286031e-01 3.214285714285713969e-01 0.000000000000000000e+00 2.380952380952380820e-02 5.332788644353334551e-01 3.214285714285713969e-01 3.524330335495839440e-03 2.622017719655646978e-02
2.900000000000000000e+01 7.023809523809523281e-01 2.976190476190476719e-01 0.000000000000000000e+00 2.380952380952380820e-02 5.558637952759405421e-01 2.976190476190476719e-01 2.651655965195183050e-03 1.976189800483980213e-02
3.000000000000000000e+01 7.261904761904761640e-01 2.738095238095238360e-01 0.000000000000000000e+00 2.380952380952380820e-02 5.757329131830968283e-01 2.738095238095238360e-01 2.901882010691918864e-03 2.173288739619631121e-02
3.100000000000000000e+01 7.500000000000000000e-01 2.500000000000000000e-01 0.000000000000000000e+00 2.380952380952380820e-02 6.021933218645436625e-01 2.500000000000000000e-01 4.216546999074669184e-03 3.193869587482670025e-02
3.200000000000000000e+01 7.738095238095238360e-01 2.261904761904761640e-01 0.000000000000000000e+00 2.380952380952380820e-02 6.392148025611767981e-01 2.261904761904761640e-01 5.282009763148777515e-03 4.101130277608502211e-02
3.300000000000000000e+01 7.976190476190476719e-01 2.023809523809523281e-01 0.000000000000000000e+00 2.380952380952380820e-02 6.810567676549392768e-01 2.023809523809523281e-01 5.078943219551289301e-03 4.102491099812686365e-02
3.400000000000000000e+01 8.214285714285713969e-01 1.785714285714286031e-01 0.000000000000000000e+00 2.380952380952380820e-02 7.190750051745854465e-01 1.785714285714286031e-01 4.112280813870784410e-03 3.476006867303158693e-02
3.500000000000000000e+01 8.452380952380952328e-01 1.547619047619047672e-01 0.000000000000000000e+00 2.380952380952380820e-02 7.519373477771482683e-01 1.547619047619047672e-01 3.660861048351605335e-03 3.238692675101820240e-02
3.600000000000000000e+01 8.690476190476190688e-01 1.309523809523809312e-01 0.000000000000000000e+00 2.380952380952380820e-02 7.870750061341650339e-01 1.309523809523809312e-01 4.202800931099925051e-03 3.925249341503690703e-02
3.700000000000000000e+01 8.928571428571429047e-01 1.071428571428570953e-01 0.000000000000000000e+00 2.380952380952380820e-02 8.316079402534728438e-01 1.071428571428570953e-01 4.909325493070690154e-03 4.943823636333505994e-02
3.800000000000000000e+01 9.166666666666666297e-01 8.333333333333337034e-02 0.000000000000000000e+00 2.380952380952380820e-02 8.834376982846521287e-01 8.333333333333337034e-02 4.727584840150321661e-03 5.233446178627581408e-02
3.900000000000000000e+01 9.404761904761904656e-01 5.952380952380953438e-02 0.000000000000000000e+00 2.380952380952380820e-02 9.323097348573946563e-01 5.952380952380953438e-02 3.593431636908233848e-03 4.369576315879196426e-02
4.000000000000000000e+01 9.642857142857143016e-01 3.571428571428569843e-02 0.000000000000000000e+00 2.380952380952380820e-02 9.687659959200252136e-01 3.571428571428569843e-02 2.220209461204603052e-03 2.900908896596799888e-02
4.100000000000000000e+01 9.880952380952381375e-01 1.190476190476186247e-02 0.000000000000000000e+00 2.380952380952380820e-02 9.915763365090484172e-01 1.190476190476186247e-02 1.313730426026902707e-03 1.796295835383872330e-02

Residual energy after optimization is 0.001496112530650635
Optimization procedure took 65.72901773452759 seconds