### PARAMETERS OF THE TIME EVOLUTION ### 
Total time tau = 36
Timestep dt = 1
P = tau/dt = 36
Number of Fourier coefficients Nc = 36

gamma(t) = t/T*(delta_t + \sum_i^Nc gamma_i*f_i(wi, t) 
beta(t) = (1-t/T)*(delta_t + \sum_i^Nc beta_i*f_i(wi, t)

CRAB coefficient   Cz_start// Cx_start// Cxz_start // pulses//  Cz_opt // Cx_opt // Cxz_opt  
0.000000000000000000e+00 0.000000000000000000e+00 0.000000000000000000e+00 1.467015130033302084e+00 8.252788944868521881e+00 6.699293099327872980e+00 0.000000000000000000e+00
0.000000000000000000e+00 0.000000000000000000e+00 0.000000000000000000e+00 6.498091633448110471e+00 -2.552245163981448073e-02 1.800302359652212658e+01 0.000000000000000000e+00
0.000000000000000000e+00 0.000000000000000000e+00 0.000000000000000000e+00 2.091622151005809016e+01 -6.092652329395199969e-04 3.305966582533233266e-04 0.000000000000000000e+00
0.000000000000000000e+00 0.000000000000000000e+00 0.000000000000000000e+00 7.577948027949094723e+00 8.362543927516000508e+00 6.098207657209766097e+00 0.000000000000000000e+00
0.000000000000000000e+00 0.000000000000000000e+00 0.000000000000000000e+00 1.064906550771989480e+00 2.905695882840130473e+00 -2.611329431522837474e-01 0.000000000000000000e+00
0.000000000000000000e+00 0.000000000000000000e+00 0.000000000000000000e+00 8.723384277707291190e-01 -6.986070356176648843e+00 -3.994567170813206669e+00 0.000000000000000000e+00
0.000000000000000000e+00 0.000000000000000000e+00 0.000000000000000000e+00 6.665053142835775546e+00 -9.812135554893897549e+00 4.809682276388839384e+00 0.000000000000000000e+00
0.000000000000000000e+00 0.000000000000000000e+00 0.000000000000000000e+00 1.131364388105839058e+00 5.572229679919545653e+00 1.182980753321876577e+00 0.000000000000000000e+00
0.000000000000000000e+00 0.000000000000000000e+00 0.000000000000000000e+00 1.162442575446032045e+01 -1.573692330511696214e-01 1.261074300647141211e+00 0.000000000000000000e+00
0.000000000000000000e+00 0.000000000000000000e+00 0.000000000000000000e+00 1.709963731386519914e+00 6.003992680454822706e-01 6.035558629857966650e+00 0.000000000000000000e+00
0.000000000000000000e+00 0.000000000000000000e+00 0.000000000000000000e+00 3.115843021946665292e+00 3.297595963277271114e+00 9.631428428383337348e+00 0.000000000000000000e+00
0.000000000000000000e+00 0.000000000000000000e+00 0.000000000000000000e+00 1.140851592653694091e+01 6.184087892365545264e-02 -2.028331609663373669e+00 0.000000000000000000e+00
0.000000000000000000e+00 0.000000000000000000e+00 0.000000000000000000e+00 3.712493205275984920e+00 -1.458658722498546112e+01 -9.321955421678602249e+00 0.000000000000000000e+00
0.000000000000000000e+00 0.000000000000000000e+00 0.000000000000000000e+00 1.021559764212758514e+00 8.891103485937584816e-01 -1.182486172906840549e+00 0.000000000000000000e+00
0.000000000000000000e+00 0.000000000000000000e+00 0.000000000000000000e+00 5.353874002900007589e+00 -1.324816425570922540e+01 -7.716084023908447165e+00 0.000000000000000000e+00
0.000000000000000000e+00 0.000000000000000000e+00 0.000000000000000000e+00 4.800780285330484176e+00 3.641593797351504236e+00 1.474808582395099421e+01 0.000000000000000000e+00
0.000000000000000000e+00 0.000000000000000000e+00 0.000000000000000000e+00 2.327677501936259219e+00 -5.929748368223976662e+00 -6.366398508810423351e+00 0.000000000000000000e+00
0.000000000000000000e+00 0.000000000000000000e+00 0.000000000000000000e+00 1.048727118882975873e+01 3.792358402359408687e-01 2.876100353669778897e+00 0.000000000000000000e+00
0.000000000000000000e+00 0.000000000000000000e+00 0.000000000000000000e+00 8.308043663541576862e+00 -6.206887997214046493e+00 -4.262401506850176247e+01 0.000000000000000000e+00
0.000000000000000000e+00 0.000000000000000000e+00 0.000000000000000000e+00 2.690299320364997193e+00 5.712909540707473255e+00 -2.020071421236182108e+00 0.000000000000000000e+00
0.000000000000000000e+00 0.000000000000000000e+00 0.000000000000000000e+00 1.924411816753016780e+01 -4.828237222134868639e-03 9.307121891042996129e-03 0.000000000000000000e+00
0.000000000000000000e+00 0.000000000000000000e+00 0.000000000000000000e+00 6.268614069659902199e+00 1.267922984460941471e+01 1.454219733675586212e+01 0.000000000000000000e+00
0.000000000000000000e+00 0.000000000000000000e+00 0.000000000000000000e+00 4.281993969842761594e+00 6.669777984099747314e+00 -1.600294858737518666e+01 0.000000000000000000e+00
0.000000000000000000e+00 0.000000000000000000e+00 0.000000000000000000e+00 2.608681866687134199e-01 -1.573914305235032352e+01 -4.243132760799414704e+00 0.000000000000000000e+00
0.000000000000000000e+00 0.000000000000000000e+00 0.000000000000000000e+00 2.789323627725974752e+00 7.502274576354603042e+00 1.061203644353384767e+00 0.000000000000000000e+00
0.000000000000000000e+00 0.000000000000000000e+00 0.000000000000000000e+00 9.275319424368429821e+00 7.769413413094008902e+00 4.247717743707742244e+01 0.000000000000000000e+00
0.000000000000000000e+00 0.000000000000000000e+00 0.000000000000000000e+00 2.384788445385343181e+00 -4.220078720882585621e+00 -6.611302614514925402e+00 0.000000000000000000e+00
0.000000000000000000e+00 0.000000000000000000e+00 0.000000000000000000e+00 4.806940104784210632e+00 3.356203064386187318e+00 1.492375409927711516e+01 0.000000000000000000e+00
0.000000000000000000e+00 0.000000000000000000e+00 0.000000000000000000e+00 7.213411374333317916e+00 -5.338540916536837599e+00 -5.082249235379447327e+01 0.000000000000000000e+00
0.000000000000000000e+00 0.000000000000000000e+00 0.000000000000000000e+00 3.127529974864799556e+00 2.884023021186687075e+00 9.750365661597172107e+00 0.000000000000000000e+00
0.000000000000000000e+00 0.000000000000000000e+00 0.000000000000000000e+00 9.470695041852568608e+00 -6.131849912107246503e+00 -3.384064141617528776e+01 0.000000000000000000e+00
0.000000000000000000e+00 0.000000000000000000e+00 0.000000000000000000e+00 1.479335452301105214e+01 2.736893176224071758e-02 3.267930921493884117e-02 0.000000000000000000e+00
0.000000000000000000e+00 0.000000000000000000e+00 0.000000000000000000e+00 5.721484170324783847e+00 2.775219182607676416e+00 -2.391797536785631095e+01 0.000000000000000000e+00
0.000000000000000000e+00 0.000000000000000000e+00 0.000000000000000000e+00 1.831025995312772636e+01 4.525288452656614155e-03 3.898208918648374613e-03 0.000000000000000000e+00
0.000000000000000000e+00 0.000000000000000000e+00 0.000000000000000000e+00 2.158837978385534484e+00 -8.976906168498402394e+00 -3.864988717833484522e+00 0.000000000000000000e+00
0.000000000000000000e+00 0.000000000000000000e+00 0.000000000000000000e+00 7.838280750852482548e+00 2.067393465732398017e+00 5.626232812073661904e+01 0.000000000000000000e+00

Amplitudes vs time: t // theta_tt_old // theta_mt_old // alpha_cdt_old// theta_tt_opt // theta_mt_opt// alpha_cdt_opt  
0.000000000000000000e+00 1.388888888888888812e-02 9.861111111111111605e-01 0.000000000000000000e+00 1.616054725588980945e-01 7.907852180517255247e-01 0.000000000000000000e+00
1.000000000000000000e+00 4.166666666666666435e-02 9.583333333333333703e-01 0.000000000000000000e+00 4.396102837161577348e-01 7.774014228961561024e-01 0.000000000000000000e+00
2.000000000000000000e+00 6.944444444444444753e-02 9.305555555555555802e-01 0.000000000000000000e+00 6.294615314818841068e-01 7.520265614299928014e-01 0.000000000000000000e+00
3.000000000000000000e+00 9.722222222222222376e-02 9.027777777777777901e-01 0.000000000000000000e+00 7.365244485876100144e-01 7.362321396988538158e-01 0.000000000000000000e+00
4.000000000000000000e+00 1.250000000000000000e-01 8.750000000000000000e-01 0.000000000000000000e+00 7.925426464760181311e-01 7.277233116540169355e-01 0.000000000000000000e+00
5.000000000000000000e+00 1.527777777777777901e-01 8.472222222222222099e-01 0.000000000000000000e+00 8.226722695599161250e-01 7.158633579451099127e-01 0.000000000000000000e+00
6.000000000000000000e+00 1.805555555555555525e-01 8.194444444444444198e-01 0.000000000000000000e+00 8.391535774462479669e-01 7.058933320557964075e-01 0.000000000000000000e+00
7.000000000000000000e+00 2.083333333333333426e-01 7.916666666666666297e-01 0.000000000000000000e+00 8.506386231284611688e-01 6.975350915178460953e-01 0.000000000000000000e+00
8.000000000000000000e+00 2.361111111111111049e-01 7.638888888888888395e-01 0.000000000000000000e+00 8.616501900960290561e-01 6.895427940049174698e-01 0.000000000000000000e+00
9.000000000000000000e+00 2.638888888888888951e-01 7.361111111111111605e-01 0.000000000000000000e+00 8.715273419696267787e-01 6.819336779670934767e-01 0.000000000000000000e+00
1.000000000000000000e+01 2.916666666666666852e-01 7.083333333333332593e-01 0.000000000000000000e+00 8.825383612946132716e-01 6.690053105257479649e-01 0.000000000000000000e+00
1.100000000000000000e+01 3.194444444444444198e-01 6.805555555555555802e-01 0.000000000000000000e+00 8.971626380151872526e-01 6.543815098756308180e-01 0.000000000000000000e+00
1.200000000000000000e+01 3.472222222222222099e-01 6.527777777777777901e-01 0.000000000000000000e+00 9.048444137099873608e-01 6.550191382140053697e-01 0.000000000000000000e+00
1.300000000000000000e+01 3.750000000000000000e-01 6.250000000000000000e-01 0.000000000000000000e+00 8.915219886581164932e-01 6.716218746967497211e-01 0.000000000000000000e+00
1.400000000000000000e+01 4.027777777777777901e-01 5.972222222222222099e-01 0.000000000000000000e+00 8.639023648435887326e-01 6.847295247937967844e-01 0.000000000000000000e+00
1.500000000000000000e+01 4.305555555555555802e-01 5.694444444444444198e-01 0.000000000000000000e+00 8.370528386606124194e-01 6.875405485636056913e-01 0.000000000000000000e+00
1.600000000000000000e+01 4.583333333333333148e-01 5.416666666666667407e-01 0.000000000000000000e+00 7.952767977472565697e-01 6.835936585756613448e-01 0.000000000000000000e+00
1.700000000000000000e+01 4.861111111111111049e-01 5.138888888888888395e-01 0.000000000000000000e+00 7.018428222447227194e-01 6.574972467523939601e-01 0.000000000000000000e+00
1.800000000000000000e+01 5.138888888888888395e-01 4.861111111111111605e-01 0.000000000000000000e+00 5.619933053240231402e-01 5.990701475128726861e-01 0.000000000000000000e+00
1.900000000000000000e+01 5.416666666666666297e-01 4.583333333333333703e-01 0.000000000000000000e+00 4.448430614467762112e-01 5.463621521488550847e-01 0.000000000000000000e+00
2.000000000000000000e+01 5.694444444444444198e-01 4.305555555555555802e-01 0.000000000000000000e+00 4.221524633047440966e-01 5.480147627614339045e-01 0.000000000000000000e+00
2.100000000000000000e+01 5.972222222222222099e-01 4.027777777777777901e-01 0.000000000000000000e+00 5.009886291845524475e-01 5.924480912287631851e-01 0.000000000000000000e+00
2.200000000000000000e+01 6.250000000000000000e-01 3.750000000000000000e-01 0.000000000000000000e+00 6.240807302782152011e-01 6.249283584380711520e-01 0.000000000000000000e+00
2.300000000000000000e+01 6.527777777777777901e-01 3.472222222222222099e-01 0.000000000000000000e+00 7.226302460340862099e-01 6.190934724838869085e-01 0.000000000000000000e+00
2.400000000000000000e+01 6.805555555555555802e-01 3.194444444444444198e-01 0.000000000000000000e+00 7.692743827541743684e-01 5.856325941264461932e-01 0.000000000000000000e+00
2.500000000000000000e+01 7.083333333333333703e-01 2.916666666666666297e-01 0.000000000000000000e+00 7.886157262764648124e-01 5.314149178456053502e-01 0.000000000000000000e+00
2.600000000000000000e+01 7.361111111111111605e-01 2.638888888888888395e-01 0.000000000000000000e+00 8.096010898466778904e-01 4.553276617750980915e-01 0.000000000000000000e+00
2.700000000000000000e+01 7.638888888888888395e-01 2.361111111111111605e-01 0.000000000000000000e+00 8.160144669649086469e-01 3.703907751289940986e-01 0.000000000000000000e+00
2.800000000000000000e+01 7.916666666666666297e-01 2.083333333333333703e-01 0.000000000000000000e+00 7.771548714174268957e-01 2.979863255233925479e-01 0.000000000000000000e+00
2.900000000000000000e+01 8.194444444444444198e-01 1.805555555555555802e-01 0.000000000000000000e+00 7.202647399220416524e-01 2.489333091351588201e-01 0.000000000000000000e+00
3.000000000000000000e+01 8.472222222222222099e-01 1.527777777777777901e-01 0.000000000000000000e+00 7.188836134582332615e-01 2.209289980878547943e-01 0.000000000000000000e+00
3.100000000000000000e+01 8.750000000000000000e-01 1.250000000000000000e-01 0.000000000000000000e+00 8.013202276729933793e-01 2.005852979627729682e-01 0.000000000000000000e+00
3.200000000000000000e+01 9.027777777777777901e-01 9.722222222222220989e-02 0.000000000000000000e+00 9.174033020728632470e-01 1.687171737117439951e-01 0.000000000000000000e+00
3.300000000000000000e+01 9.305555555555555802e-01 6.944444444444441977e-02 0.000000000000000000e+00 1.001234542352685830e+00 1.190479810822756834e-01 0.000000000000000000e+00
3.400000000000000000e+01 9.583333333333333703e-01 4.166666666666662966e-02 0.000000000000000000e+00 1.027167989383631852e+00 6.499307387554090210e-02 0.000000000000000000e+00
3.500000000000000000e+01 9.861111111111111605e-01 1.388888888888883955e-02 0.000000000000000000e+00 1.006100380796991267e+00 1.932079429460094658e-02 0.000000000000000000e+00

Residual energy after optimization is 0.0009089218543849978 C0x=1.3182420128895136 C0z=0.9860633138056651 C0xz=1.0
Optimization procedure took 67.86792492866516 seconds