### PARAMETERS OF THE TIME EVOLUTION ### 
Total time tau = 81
Timestep dt = 1
P = tau/dt = 81
Number of Fourier coefficients Nc = 81

gamma(t) = t/T*(delta_t + \sum_i^Nc gamma_i*f_i(wi, t) 
beta(t) = (1-t/T)*(delta_t + \sum_i^Nc beta_i*f_i(wi, t)

CRAB coefficient   Cz_start// Cx_start// Cxz_start // pulses//  Cz_opt // Cx_opt // Cxz_opt  
0.000000000000000000e+00 0.000000000000000000e+00 0.000000000000000000e+00 7.441818572975427593e+00 1.061408394987971571e-01 3.800884533805929388e-01 0.000000000000000000e+00
0.000000000000000000e+00 0.000000000000000000e+00 0.000000000000000000e+00 1.010048862562876870e+01 -4.969839984305425840e-01 -1.721538547641070227e-01 0.000000000000000000e+00
0.000000000000000000e+00 0.000000000000000000e+00 0.000000000000000000e+00 3.708846895054693338e+00 -8.917731425069906903e-01 -6.761153731180870839e-03 0.000000000000000000e+00
0.000000000000000000e+00 0.000000000000000000e+00 0.000000000000000000e+00 5.178457796494359222e+00 -3.608648984294037243e-01 -9.068297881109271819e-02 0.000000000000000000e+00
0.000000000000000000e+00 0.000000000000000000e+00 0.000000000000000000e+00 1.426668570313271900e+01 9.984609947491009940e-01 -1.560736948380715694e-01 0.000000000000000000e+00
0.000000000000000000e+00 0.000000000000000000e+00 0.000000000000000000e+00 4.359942994585310316e+00 4.931908028689371282e-01 3.317755996152792122e-03 0.000000000000000000e+00
0.000000000000000000e+00 0.000000000000000000e+00 0.000000000000000000e+00 1.059711977786872428e+00 -3.317131339273176605e-01 -1.955218524678463965e-01 0.000000000000000000e+00
0.000000000000000000e+00 0.000000000000000000e+00 0.000000000000000000e+00 2.012471298739280101e+00 2.613674147952835258e-01 8.554557123436105914e-02 0.000000000000000000e+00
0.000000000000000000e+00 0.000000000000000000e+00 0.000000000000000000e+00 1.490939658276743573e+00 -9.957785249382958837e-01 -1.607025283729418275e-01 0.000000000000000000e+00
0.000000000000000000e+00 0.000000000000000000e+00 0.000000000000000000e+00 9.268475123775598234e+00 2.768080379515369116e-01 1.678357246787761936e-01 0.000000000000000000e+00
0.000000000000000000e+00 0.000000000000000000e+00 0.000000000000000000e+00 1.049936395313637583e+01 -9.046059383642831575e-01 3.261427101000246576e-01 0.000000000000000000e+00
0.000000000000000000e+00 0.000000000000000000e+00 0.000000000000000000e+00 1.376176452801664141e+01 -1.631839716032633447e+00 3.952813815094823324e-01 0.000000000000000000e+00
0.000000000000000000e+00 0.000000000000000000e+00 0.000000000000000000e+00 1.307145301072034371e+01 1.493753289213867408e+00 -8.186364643172993061e-01 0.000000000000000000e+00
0.000000000000000000e+00 0.000000000000000000e+00 0.000000000000000000e+00 1.842662956687973752e+00 -2.791171044742106200e-01 3.052522702938092330e-02 0.000000000000000000e+00
0.000000000000000000e+00 0.000000000000000000e+00 0.000000000000000000e+00 8.641295457968269034e+00 -5.013439133866094410e-01 -1.464144097603312655e-01 0.000000000000000000e+00
0.000000000000000000e+00 0.000000000000000000e+00 0.000000000000000000e+00 4.155741363230000651e+00 2.379406070779958859e-01 1.093623267155441336e-01 0.000000000000000000e+00
0.000000000000000000e+00 0.000000000000000000e+00 0.000000000000000000e+00 4.079602960340656281e+00 7.437081363905867493e-02 1.276020957544893863e-01 0.000000000000000000e+00
0.000000000000000000e+00 0.000000000000000000e+00 0.000000000000000000e+00 4.436711962709865453e+00 5.104667424034933232e-01 -4.774091758807219588e-02 0.000000000000000000e+00
0.000000000000000000e+00 0.000000000000000000e+00 0.000000000000000000e+00 8.208773921623638614e+00 3.811742555939013483e-02 -1.879047421501975068e-01 0.000000000000000000e+00
0.000000000000000000e+00 0.000000000000000000e+00 0.000000000000000000e+00 1.558659848389109293e+01 -3.943092355253882131e-01 7.807602827861083450e-02 0.000000000000000000e+00
0.000000000000000000e+00 0.000000000000000000e+00 0.000000000000000000e+00 9.268276769099250245e+00 2.764732936091837678e-01 1.678984636791730767e-01 0.000000000000000000e+00
0.000000000000000000e+00 0.000000000000000000e+00 0.000000000000000000e+00 9.040413873996728356e+00 -1.492962534632556737e-01 1.525181472571661423e-01 0.000000000000000000e+00
0.000000000000000000e+00 0.000000000000000000e+00 0.000000000000000000e+00 9.662294765920103501e+00 4.704186508703369074e-01 -1.186461810168016190e-01 0.000000000000000000e+00
0.000000000000000000e+00 0.000000000000000000e+00 0.000000000000000000e+00 4.374997500768667891e+00 5.000088389249730536e-01 -6.525505674948408816e-03 0.000000000000000000e+00
0.000000000000000000e+00 0.000000000000000000e+00 0.000000000000000000e+00 1.186710765841655757e+01 -3.986458495298844107e-01 -3.021571013049285659e-01 0.000000000000000000e+00
0.000000000000000000e+00 0.000000000000000000e+00 0.000000000000000000e+00 1.680579820144183500e+01 -5.891980198209951780e-01 8.054031281993097313e-02 0.000000000000000000e+00
0.000000000000000000e+00 0.000000000000000000e+00 0.000000000000000000e+00 5.780087412394413482e-01 9.226064317935469550e-01 2.311036299670261515e-02 0.000000000000000000e+00
0.000000000000000000e+00 0.000000000000000000e+00 0.000000000000000000e+00 1.670551396596316129e+00 -7.470054829259025198e-01 -6.347696728258929444e-02 0.000000000000000000e+00
0.000000000000000000e+00 0.000000000000000000e+00 0.000000000000000000e+00 3.098152143364269473e-01 8.283648566103607447e-01 6.611072389535357918e-02 0.000000000000000000e+00
0.000000000000000000e+00 0.000000000000000000e+00 0.000000000000000000e+00 4.321419030763568259e+00 4.680309396750901296e-01 2.774703143484827036e-02 0.000000000000000000e+00
0.000000000000000000e+00 0.000000000000000000e+00 0.000000000000000000e+00 1.207684977062200682e+00 -7.317401269603648339e-01 -2.232954063704525316e-01 0.000000000000000000e+00
0.000000000000000000e+00 0.000000000000000000e+00 0.000000000000000000e+00 4.374105262615908707e+00 4.996535485156242684e-01 -5.938318605617619143e-03 0.000000000000000000e+00
0.000000000000000000e+00 0.000000000000000000e+00 0.000000000000000000e+00 1.104564034950225704e+00 -4.652736420562470498e-01 -2.080189355244957961e-01 0.000000000000000000e+00
0.000000000000000000e+00 0.000000000000000000e+00 0.000000000000000000e+00 5.096485316661049758e+00 -2.993768540239187814e-01 -1.415238839488550671e-01 0.000000000000000000e+00
0.000000000000000000e+00 0.000000000000000000e+00 0.000000000000000000e+00 8.835993456420130343e-01 2.291448812049194927e-01 -1.214363579677428806e-01 0.000000000000000000e+00
0.000000000000000000e+00 0.000000000000000000e+00 0.000000000000000000e+00 5.209946165544327989e+00 -3.749181031192601599e-01 -6.937919061250295838e-02 0.000000000000000000e+00
0.000000000000000000e+00 0.000000000000000000e+00 0.000000000000000000e+00 5.126174837945588258e+00 -3.256445649193598912e-01 -1.240720011043994347e-01 0.000000000000000000e+00
0.000000000000000000e+00 0.000000000000000000e+00 0.000000000000000000e+00 8.260329889865813513e+00 -4.618676972195804448e-02 -2.164225214105046091e-01 0.000000000000000000e+00
0.000000000000000000e+00 0.000000000000000000e+00 0.000000000000000000e+00 5.664622483794935270e+00 -3.073451741644370877e-02 1.533058400411754230e-01 0.000000000000000000e+00
0.000000000000000000e+00 0.000000000000000000e+00 0.000000000000000000e+00 5.959526560857703714e+00 3.574951475134503509e-01 4.234667562754647341e-02 0.000000000000000000e+00
0.000000000000000000e+00 0.000000000000000000e+00 0.000000000000000000e+00 5.446350119479951957e+00 -3.052913170838553736e-01 8.676003920444516626e-02 0.000000000000000000e+00
0.000000000000000000e+00 0.000000000000000000e+00 0.000000000000000000e+00 2.050681294273452693e+00 3.770297710472327313e-01 8.960943737100375561e-02 0.000000000000000000e+00
0.000000000000000000e+00 0.000000000000000000e+00 0.000000000000000000e+00 2.701016663195322298e+00 5.361054794144438640e-01 -2.964896491606081597e-01 0.000000000000000000e+00
0.000000000000000000e+00 0.000000000000000000e+00 0.000000000000000000e+00 7.032692808634066317e+00 -2.747797890021569933e-01 4.761508143476363142e-02 0.000000000000000000e+00
0.000000000000000000e+00 0.000000000000000000e+00 0.000000000000000000e+00 2.785847256930514604e+00 2.852162760808780728e-01 -3.616481813310389870e-01 0.000000000000000000e+00
0.000000000000000000e+00 0.000000000000000000e+00 0.000000000000000000e+00 8.817224414939987653e+00 -4.577392370430489743e-01 -1.626974404758041969e-03 0.000000000000000000e+00
0.000000000000000000e+00 0.000000000000000000e+00 0.000000000000000000e+00 4.822604264403390850e+00 9.064332107792520687e-02 -2.186160211225270655e-01 0.000000000000000000e+00
0.000000000000000000e+00 0.000000000000000000e+00 0.000000000000000000e+00 5.760952983722475551e+00 1.123912915914080241e-01 1.423262778576949439e-01 0.000000000000000000e+00
0.000000000000000000e+00 0.000000000000000000e+00 0.000000000000000000e+00 8.050800397020118737e+00 2.641152950699171553e-01 -5.436153130731360278e-02 0.000000000000000000e+00
0.000000000000000000e+00 0.000000000000000000e+00 0.000000000000000000e+00 1.652196501213962776e+01 7.695234053155811660e-01 -5.113309291355053188e-02 0.000000000000000000e+00
0.000000000000000000e+00 0.000000000000000000e+00 0.000000000000000000e+00 6.703756178568840873e+00 -8.888736234565768057e-02 -2.711846624700297581e-01 0.000000000000000000e+00
0.000000000000000000e+00 0.000000000000000000e+00 0.000000000000000000e+00 7.943469787166666407e+00 3.647623248379930350e-01 6.062766661680785152e-02 0.000000000000000000e+00
0.000000000000000000e+00 0.000000000000000000e+00 0.000000000000000000e+00 5.959334799108114922e+00 3.573185239852418316e-01 4.248453204277210377e-02 0.000000000000000000e+00
0.000000000000000000e+00 0.000000000000000000e+00 0.000000000000000000e+00 5.507480826678783359e+00 -2.426599307541913164e-01 1.165767146954271305e-01 0.000000000000000000e+00
0.000000000000000000e+00 0.000000000000000000e+00 0.000000000000000000e+00 6.389820534196989366e-01 8.418741153780099351e-01 -8.751903114804640083e-04 0.000000000000000000e+00
0.000000000000000000e+00 0.000000000000000000e+00 0.000000000000000000e+00 1.795993362656808756e+01 6.116712099284958570e-02 4.146003180663424860e-03 0.000000000000000000e+00
0.000000000000000000e+00 0.000000000000000000e+00 0.000000000000000000e+00 4.175710005172032169e+00 2.754474247019873534e-01 1.022649773957257091e-01 0.000000000000000000e+00
0.000000000000000000e+00 0.000000000000000000e+00 0.000000000000000000e+00 7.568171955286251418e-01 5.939913901034197252e-01 -5.666859299243119652e-02 0.000000000000000000e+00
0.000000000000000000e+00 0.000000000000000000e+00 0.000000000000000000e+00 3.810087234220426833e+00 -6.414847750839604013e-01 6.468667230804227286e-02 0.000000000000000000e+00
0.000000000000000000e+00 0.000000000000000000e+00 0.000000000000000000e+00 2.191697664847761740e+00 7.379984750662650361e-01 7.314016218539963476e-02 0.000000000000000000e+00
0.000000000000000000e+00 0.000000000000000000e+00 0.000000000000000000e+00 6.175661661193892371e+00 4.431350959526569877e-01 -1.356058728022110638e-01 0.000000000000000000e+00
0.000000000000000000e+00 0.000000000000000000e+00 0.000000000000000000e+00 1.152572852873744447e+00 -5.975607465960047771e-01 -2.175918420668557229e-01 0.000000000000000000e+00
0.000000000000000000e+00 0.000000000000000000e+00 0.000000000000000000e+00 2.005344124303534148e+00 2.392573308129146981e-01 8.440870344236732492e-02 0.000000000000000000e+00
0.000000000000000000e+00 0.000000000000000000e+00 0.000000000000000000e+00 9.428972703436560465e+00 4.871687804133576494e-01 7.913559428075483959e-02 0.000000000000000000e+00
0.000000000000000000e+00 0.000000000000000000e+00 0.000000000000000000e+00 2.351478727606957086e+00 9.539825826361414407e-01 -4.645557123068579444e-03 0.000000000000000000e+00
0.000000000000000000e+00 0.000000000000000000e+00 0.000000000000000000e+00 9.824210771661904928e+00 2.069703149796774944e-01 -2.210584331798882418e-01 0.000000000000000000e+00
0.000000000000000000e+00 0.000000000000000000e+00 0.000000000000000000e+00 4.725184528504297710e+00 2.479397411233720538e-01 -2.019089789250691769e-01 0.000000000000000000e+00
0.000000000000000000e+00 0.000000000000000000e+00 0.000000000000000000e+00 1.015700937091267297e+00 -1.941067762358901772e-01 -1.802920153510452761e-01 0.000000000000000000e+00
0.000000000000000000e+00 0.000000000000000000e+00 0.000000000000000000e+00 1.108642540880411786e+01 1.083283320817162165e+00 1.979108989348575265e-01 0.000000000000000000e+00
0.000000000000000000e+00 0.000000000000000000e+00 0.000000000000000000e+00 5.420508541218249654e+00 -3.270135804768238841e-01 7.214498853491953245e-02 0.000000000000000000e+00
0.000000000000000000e+00 0.000000000000000000e+00 0.000000000000000000e+00 3.645221183369959927e+00 -1.023105398670745458e+00 -6.095579920351653497e-02 0.000000000000000000e+00
0.000000000000000000e+00 0.000000000000000000e+00 0.000000000000000000e+00 1.267229174147689186e+01 -7.072520834989161065e-01 7.788303776087385222e-01 0.000000000000000000e+00
0.000000000000000000e+00 0.000000000000000000e+00 0.000000000000000000e+00 6.651355736572918786e+00 -2.458770267020943603e-02 -2.970277278243992902e-01 0.000000000000000000e+00
0.000000000000000000e+00 0.000000000000000000e+00 0.000000000000000000e+00 3.490786446946862576e+00 -1.217984959758149355e+00 -2.064229652940634263e-01 0.000000000000000000e+00
0.000000000000000000e+00 0.000000000000000000e+00 0.000000000000000000e+00 1.432484702108347552e+00 -1.007555942043074193e+00 -1.851945765405168809e-01 0.000000000000000000e+00
0.000000000000000000e+00 0.000000000000000000e+00 0.000000000000000000e+00 2.548902617727045339e+01 -8.957214014657848087e-04 2.926635433649689855e-04 0.000000000000000000e+00
0.000000000000000000e+00 0.000000000000000000e+00 0.000000000000000000e+00 2.211447588439399325e+01 2.842961237152811464e-03 -4.503589875609980038e-03 0.000000000000000000e+00
0.000000000000000000e+00 0.000000000000000000e+00 0.000000000000000000e+00 7.049699545115500676e+00 -2.709848208326329777e-01 6.748539271479857271e-02 0.000000000000000000e+00
0.000000000000000000e+00 0.000000000000000000e+00 0.000000000000000000e+00 2.174367079290635996e+00 7.008565122169467809e-01 7.789541043671610598e-02 0.000000000000000000e+00
0.000000000000000000e+00 0.000000000000000000e+00 0.000000000000000000e+00 8.926633974458173526e+00 -3.351977001023214719e-01 8.545111887411675766e-02 0.000000000000000000e+00
0.000000000000000000e+00 0.000000000000000000e+00 0.000000000000000000e+00 3.994769557041730756e-01 9.414457949401402459e-01 6.410229991323732057e-02 0.000000000000000000e+00

Amplitudes vs time: t // theta_tt_old // theta_mt_old // alpha_cdt_old// theta_tt_opt // theta_mt_opt// alpha_cdt_opt  
0.000000000000000000e+00 6.172839506172839164e-03 9.938271604938271331e-01 0.000000000000000000e+00 -9.017876251027283352e-02 8.061649869197536900e-01 0.000000000000000000e+00
1.000000000000000000e+00 1.851851851851851749e-02 9.814814814814815103e-01 0.000000000000000000e+00 -2.618755135872768425e-01 8.205118182415097605e-01 0.000000000000000000e+00
2.000000000000000000e+00 3.086419753086419582e-02 9.691358024691357764e-01 0.000000000000000000e+00 -4.093011829638997789e-01 8.309139261218368988e-01 0.000000000000000000e+00
3.000000000000000000e+00 4.320987654320987414e-02 9.567901234567901536e-01 0.000000000000000000e+00 -5.225681191226336786e-01 8.409546683840309900e-01 0.000000000000000000e+00
4.000000000000000000e+00 5.555555555555555247e-02 9.444444444444444198e-01 0.000000000000000000e+00 -6.003959345681643134e-01 8.496200625116994143e-01 0.000000000000000000e+00
5.000000000000000000e+00 6.790123456790123080e-02 9.320987654320987970e-01 0.000000000000000000e+00 -6.480059444628555321e-01 8.536712218692003029e-01 0.000000000000000000e+00
6.000000000000000000e+00 8.024691358024690913e-02 9.197530864197530631e-01 0.000000000000000000e+00 -6.718083440075390822e-01 8.504568926467058754e-01 0.000000000000000000e+00
7.000000000000000000e+00 9.259259259259258745e-02 9.074074074074074403e-01 0.000000000000000000e+00 -6.742423855477494010e-01 8.399499186151964114e-01 0.000000000000000000e+00
8.000000000000000000e+00 1.049382716049382658e-01 8.950617283950617065e-01 0.000000000000000000e+00 -6.515982590547069186e-01 8.250259836216697895e-01 0.000000000000000000e+00
9.000000000000000000e+00 1.172839506172839441e-01 8.827160493827160836e-01 0.000000000000000000e+00 -5.958257425640830496e-01 8.099827443698488505e-01 0.000000000000000000e+00
1.000000000000000000e+01 1.296296296296296224e-01 8.703703703703703498e-01 0.000000000000000000e+00 -4.992592311467927146e-01 7.983236883657789384e-01 0.000000000000000000e+00
1.100000000000000000e+01 1.419753086419753008e-01 8.580246913580247270e-01 0.000000000000000000e+00 -3.598425334132418496e-01 7.911795565459320834e-01 0.000000000000000000e+00
1.200000000000000000e+01 1.543209876543209791e-01 8.456790123456789932e-01 0.000000000000000000e+00 -1.843243322256292727e-01 7.871967368476106008e-01 0.000000000000000000e+00
1.300000000000000000e+01 1.666666666666666574e-01 8.333333333333333703e-01 0.000000000000000000e+00 1.207755848362973561e-02 7.837137687257171859e-01 0.000000000000000000e+00
1.400000000000000000e+01 1.790123456790123357e-01 8.209876543209876365e-01 0.000000000000000000e+00 2.094284588479021769e-01 7.782951580400725433e-01 0.000000000000000000e+00
1.500000000000000000e+01 1.913580246913580141e-01 8.086419753086420137e-01 0.000000000000000000e+00 3.886544033506809659e-01 7.696707732984890971e-01 0.000000000000000000e+00
1.600000000000000000e+01 2.037037037037036924e-01 7.962962962962962798e-01 0.000000000000000000e+00 5.366350415496723425e-01 7.577464031053096072e-01 0.000000000000000000e+00
1.700000000000000000e+01 2.160493827160493707e-01 7.839506172839506570e-01 0.000000000000000000e+00 6.488197526974461837e-01 7.430680326539345071e-01 0.000000000000000000e+00
1.800000000000000000e+01 2.283950617283950490e-01 7.716049382716049232e-01 0.000000000000000000e+00 7.285594417353915553e-01 7.263960236435683671e-01 0.000000000000000000e+00
1.900000000000000000e+01 2.407407407407407274e-01 7.592592592592593004e-01 0.000000000000000000e+00 7.838362258437682195e-01 7.087347661842477997e-01 0.000000000000000000e+00
2.000000000000000000e+01 2.530864197530864335e-01 7.469135802469135665e-01 0.000000000000000000e+00 8.231557088880627759e-01 6.915984749094115092e-01 0.000000000000000000e+00
2.100000000000000000e+01 2.654320987654321118e-01 7.345679012345678327e-01 0.000000000000000000e+00 8.525260168271893146e-01 6.769798445316599356e-01 0.000000000000000000e+00
2.200000000000000000e+01 2.777777777777777901e-01 7.222222222222222099e-01 0.000000000000000000e+00 8.746464255440957736e-01 6.666964768432215305e-01 0.000000000000000000e+00
2.300000000000000000e+01 2.901234567901234684e-01 7.098765432098765871e-01 0.000000000000000000e+00 8.901413307026535549e-01 6.613535146057317737e-01 0.000000000000000000e+00
2.400000000000000000e+01 3.024691358024691468e-01 6.975308641975308532e-01 0.000000000000000000e+00 8.996267179181993701e-01 6.596185274512823549e-01 0.000000000000000000e+00
2.500000000000000000e+01 3.148148148148148251e-01 6.851851851851851194e-01 0.000000000000000000e+00 9.051393929588200660e-01 6.584643717597621349e-01 0.000000000000000000e+00
2.600000000000000000e+01 3.271604938271605034e-01 6.728395061728394966e-01 0.000000000000000000e+00 9.100603711907196969e-01 6.544754146197186984e-01 0.000000000000000000e+00
2.700000000000000000e+01 3.395061728395061817e-01 6.604938271604938738e-01 0.000000000000000000e+00 9.176927036255975167e-01 6.455993263007340222e-01 0.000000000000000000e+00
2.800000000000000000e+01 3.518518518518518601e-01 6.481481481481481399e-01 0.000000000000000000e+00 9.294767068498015483e-01 6.323540491428469856e-01 0.000000000000000000e+00
2.900000000000000000e+01 3.641975308641975384e-01 6.358024691358024061e-01 0.000000000000000000e+00 9.439956131494527947e-01 6.177416010354146447e-01 0.000000000000000000e+00
3.000000000000000000e+01 3.765432098765432167e-01 6.234567901234567833e-01 0.000000000000000000e+00 9.574179327052216859e-01 6.058460724855232460e-01 0.000000000000000000e+00
3.100000000000000000e+01 3.888888888888888951e-01 6.111111111111111605e-01 0.000000000000000000e+00 9.651917180170973554e-01 5.998567847942652964e-01 0.000000000000000000e+00
3.200000000000000000e+01 4.012345679012345734e-01 5.987654320987654266e-01 0.000000000000000000e+00 9.641270763333227301e-01 6.005894846990863511e-01 0.000000000000000000e+00
3.300000000000000000e+01 4.135802469135802517e-01 5.864197530864196928e-01 0.000000000000000000e+00 9.538080466236245059e-01 6.062790814512493132e-01 0.000000000000000000e+00
3.400000000000000000e+01 4.259259259259259300e-01 5.740740740740740700e-01 0.000000000000000000e+00 9.366161889809871965e-01 6.136721470145429791e-01 0.000000000000000000e+00
3.500000000000000000e+01 4.382716049382716084e-01 5.617283950617284471e-01 0.000000000000000000e+00 9.163303500647798083e-01 6.197046455388898201e-01 0.000000000000000000e+00
3.600000000000000000e+01 4.506172839506172867e-01 5.493827160493827133e-01 0.000000000000000000e+00 8.959672662712394597e-01 6.227490916754460093e-01 0.000000000000000000e+00
3.700000000000000000e+01 4.629629629629629650e-01 5.370370370370369795e-01 0.000000000000000000e+00 8.759285256642639350e-01 6.227271657970733232e-01 0.000000000000000000e+00
3.800000000000000000e+01 4.753086419753086433e-01 5.246913580246913567e-01 0.000000000000000000e+00 8.534223103137034139e-01 6.201163092042095704e-01 0.000000000000000000e+00
3.900000000000000000e+01 4.876543209876543217e-01 5.123456790123457338e-01 0.000000000000000000e+00 8.235431643868493801e-01 6.145904891531683845e-01 0.000000000000000000e+00
4.000000000000000000e+01 5.000000000000000000e-01 5.000000000000000000e-01 0.000000000000000000e+00 7.815726696233696869e-01 6.042945666718064768e-01 0.000000000000000000e+00
4.100000000000000000e+01 5.123456790123457338e-01 4.876543209876542662e-01 0.000000000000000000e+00 7.254246513801538843e-01 5.863920038403646062e-01 0.000000000000000000e+00
4.200000000000000000e+01 5.246913580246913567e-01 4.753086419753086433e-01 0.000000000000000000e+00 6.570709239398097035e-01 5.587486245267883067e-01 0.000000000000000000e+00
4.300000000000000000e+01 5.370370370370370905e-01 4.629629629629629095e-01 0.000000000000000000e+00 5.823293193328912265e-01 5.218765773055114021e-01 0.000000000000000000e+00
4.400000000000000000e+01 5.493827160493827133e-01 4.506172839506172867e-01 0.000000000000000000e+00 5.092667532384380635e-01 4.800034763418384864e-01 0.000000000000000000e+00
4.500000000000000000e+01 5.617283950617284471e-01 4.382716049382715529e-01 0.000000000000000000e+00 4.461297758464076169e-01 4.405137058149657392e-01 0.000000000000000000e+00
4.600000000000000000e+01 5.740740740740740700e-01 4.259259259259259300e-01 0.000000000000000000e+00 3.997539657837686500e-01 4.118187506495555317e-01 0.000000000000000000e+00
4.700000000000000000e+01 5.864197530864198038e-01 4.135802469135801962e-01 0.000000000000000000e+00 3.748425702808570459e-01 4.004968387685516884e-01 0.000000000000000000e+00
4.800000000000000000e+01 5.987654320987654266e-01 4.012345679012345734e-01 0.000000000000000000e+00 3.737979946717410740e-01 4.088820368956538887e-01 0.000000000000000000e+00
4.900000000000000000e+01 6.111111111111111605e-01 3.888888888888888395e-01 0.000000000000000000e+00 3.964910655364165537e-01 4.340410816774385450e-01 0.000000000000000000e+00
5.000000000000000000e+01 6.234567901234567833e-01 3.765432098765432167e-01 0.000000000000000000e+00 4.396857410463066995e-01 4.684454546889663118e-01 0.000000000000000000e+00
5.100000000000000000e+01 6.358024691358025171e-01 3.641975308641974829e-01 0.000000000000000000e+00 4.965073380186570406e-01 5.019925488123081481e-01 0.000000000000000000e+00
5.200000000000000000e+01 6.481481481481481399e-01 3.518518518518518601e-01 0.000000000000000000e+00 5.567629296235182546e-01 5.246491726032280756e-01 0.000000000000000000e+00
5.300000000000000000e+01 6.604938271604938738e-01 3.395061728395061262e-01 0.000000000000000000e+00 6.086818168174865651e-01 5.289536959237564062e-01 0.000000000000000000e+00
5.400000000000000000e+01 6.728395061728394966e-01 3.271604938271605034e-01 0.000000000000000000e+00 6.418467613897145263e-01 5.117915674209347898e-01 0.000000000000000000e+00
5.500000000000000000e+01 6.851851851851852304e-01 3.148148148148147696e-01 0.000000000000000000e+00 6.502842414504834689e-01 4.750832779201353828e-01 0.000000000000000000e+00
5.600000000000000000e+01 6.975308641975308532e-01 3.024691358024691468e-01 0.000000000000000000e+00 6.344440181400552436e-01 4.252275226595473856e-01 0.000000000000000000e+00
5.700000000000000000e+01 7.098765432098765871e-01 2.901234567901234129e-01 0.000000000000000000e+00 6.012765189182811554e-01 3.713746730502318627e-01 0.000000000000000000e+00
5.800000000000000000e+01 7.222222222222222099e-01 2.777777777777777901e-01 0.000000000000000000e+00 5.624550182172313173e-01 3.229188347210125154e-01 0.000000000000000000e+00
5.900000000000000000e+01 7.345679012345679437e-01 2.654320987654320563e-01 0.000000000000000000e+00 5.314413538704126916e-01 2.869236636662029216e-01 0.000000000000000000e+00
6.000000000000000000e+01 7.469135802469135665e-01 2.530864197530864335e-01 0.000000000000000000e+00 5.202598611448041588e-01 2.663463762905390886e-01 0.000000000000000000e+00
6.100000000000000000e+01 7.592592592592593004e-01 2.407407407407406996e-01 0.000000000000000000e+00 5.366563313306709215e-01 2.597155460123732884e-01 0.000000000000000000e+00
6.200000000000000000e+01 7.716049382716049232e-01 2.283950617283950768e-01 0.000000000000000000e+00 5.821275882703479398e-01 2.623532936377843128e-01 0.000000000000000000e+00
6.300000000000000000e+01 7.839506172839506570e-01 2.160493827160493430e-01 0.000000000000000000e+00 6.512921363948426245e-01 2.685556157652453368e-01 0.000000000000000000e+00
6.400000000000000000e+01 7.962962962962962798e-01 2.037037037037037202e-01 0.000000000000000000e+00 7.330527383194379576e-01 2.737211131859956237e-01 0.000000000000000000e+00
6.500000000000000000e+01 8.086419753086420137e-01 1.913580246913579863e-01 0.000000000000000000e+00 8.136389262352730078e-01 2.755034303865321332e-01 0.000000000000000000e+00
6.600000000000000000e+01 8.209876543209876365e-01 1.790123456790123635e-01 0.000000000000000000e+00 8.808262918601043046e-01 2.736230846421270346e-01 0.000000000000000000e+00
6.700000000000000000e+01 8.333333333333333703e-01 1.666666666666666297e-01 0.000000000000000000e+00 9.278029594883050457e-01 2.686945924778694761e-01 0.000000000000000000e+00
6.800000000000000000e+01 8.456790123456789932e-01 1.543209876543210068e-01 0.000000000000000000e+00 9.549435475224746783e-01 2.608990193375336220e-01 0.000000000000000000e+00
6.900000000000000000e+01 8.580246913580247270e-01 1.419753086419752730e-01 0.000000000000000000e+00 9.685393547989332719e-01 2.493123346264789486e-01 0.000000000000000000e+00
7.000000000000000000e+01 8.703703703703703498e-01 1.296296296296296502e-01 0.000000000000000000e+00 9.770320497031733664e-01 2.322366915080920358e-01 0.000000000000000000e+00
7.100000000000000000e+01 8.827160493827160836e-01 1.172839506172839164e-01 0.000000000000000000e+00 9.866436961687532481e-01 2.082726077834020362e-01 0.000000000000000000e+00
7.200000000000000000e+01 8.950617283950617065e-01 1.049382716049382935e-01 0.000000000000000000e+00 9.986209117829035753e-01 1.774646970982190208e-01 0.000000000000000000e+00
7.300000000000000000e+01 9.074074074074074403e-01 9.259259259259255970e-02 0.000000000000000000e+00 1.009368412193287323e+00 1.418496066514647602e-01 0.000000000000000000e+00
7.400000000000000000e+01 9.197530864197530631e-01 8.024691358024693688e-02 0.000000000000000000e+00 1.013108401665281377e+00 1.050878541737945149e-01 0.000000000000000000e+00
7.500000000000000000e+01 9.320987654320987970e-01 6.790123456790120304e-02 0.000000000000000000e+00 1.005370644244660161e+00 7.134525523355848831e-02 0.000000000000000000e+00
7.600000000000000000e+01 9.444444444444444198e-01 5.555555555555558023e-02 0.000000000000000000e+00 9.853528725529114851e-01 4.394588559263436223e-02 0.000000000000000000e+00
7.700000000000000000e+01 9.567901234567901536e-01 4.320987654320984639e-02 0.000000000000000000e+00 9.560396565828350735e-01 2.439312278070412954e-02 0.000000000000000000e+00
7.800000000000000000e+01 9.691358024691357764e-01 3.086419753086422357e-02 0.000000000000000000e+00 9.223145109196710933e-01 1.215333683578469215e-02 0.000000000000000000e+00
7.900000000000000000e+01 9.814814814814815103e-01 1.851851851851848973e-02 0.000000000000000000e+00 8.883355537612417363e-01 5.245845220233153611e-03 0.000000000000000000e+00
8.000000000000000000e+01 9.938271604938271331e-01 6.172839506172866919e-03 0.000000000000000000e+00 8.556721563545259812e-01 1.349132423283111101e-03 0.000000000000000000e+00

Residual energy after optimization is 1.3062712031007643e-07 C0x=0.194710029535656 C0z=0.8395381451797221 C0xz=1.0
Optimization procedure took 441.7898292541504 seconds