### PARAMETERS OF THE TIME EVOLUTION ### 
Total time tau = 72
Timestep dt = 1
P = tau/dt = 72
Number of Fourier coefficients Nc = 72

gamma(t) = t/T*(delta_t + \sum_i^Nc gamma_i*f_i(wi, t) 
beta(t) = (1-t/T)*(delta_t + \sum_i^Nc beta_i*f_i(wi, t)

CRAB coefficient   Cz_start// Cx_start// Cxz_start // pulses//  Cz_opt // Cx_opt // Cxz_opt  
0.000000000000000000e+00 0.000000000000000000e+00 0.000000000000000000e+00 5.054352750129869065e+00 9.577458425156991362e-02 3.275545512923562497e-02 0.000000000000000000e+00
0.000000000000000000e+00 0.000000000000000000e+00 0.000000000000000000e+00 4.091608468397921250e+00 -1.245819744142052932e-01 -4.411311288528541735e-02 0.000000000000000000e+00
0.000000000000000000e+00 0.000000000000000000e+00 0.000000000000000000e+00 4.288058654037354422e+00 -2.276585291152792567e-01 -4.691637398164765632e-02 0.000000000000000000e+00
0.000000000000000000e+00 0.000000000000000000e+00 0.000000000000000000e+00 3.849671738001380294e+00 4.256281681407701051e-02 -2.250820953566838589e-02 0.000000000000000000e+00
0.000000000000000000e+00 0.000000000000000000e+00 0.000000000000000000e+00 1.659641695234096659e+00 4.184690298283641474e-01 -1.016801224697483352e-02 0.000000000000000000e+00
0.000000000000000000e+00 0.000000000000000000e+00 0.000000000000000000e+00 3.531764190923859292e+00 1.377719310925634433e-01 1.618223037796377153e-03 0.000000000000000000e+00
0.000000000000000000e+00 0.000000000000000000e+00 0.000000000000000000e+00 3.265946192641895340e+00 6.310097654708139020e-03 -1.306556030163534554e-02 0.000000000000000000e+00
0.000000000000000000e+00 0.000000000000000000e+00 0.000000000000000000e+00 7.246011196540291799e+00 6.528210152792715548e-02 1.263971866728433313e-02 0.000000000000000000e+00
0.000000000000000000e+00 0.000000000000000000e+00 0.000000000000000000e+00 7.264409892718608930e+00 6.702222040194444341e-02 8.891183489227138387e-03 0.000000000000000000e+00
0.000000000000000000e+00 0.000000000000000000e+00 0.000000000000000000e+00 1.240603852990426681e+01 -5.878587503197668651e-03 -5.261518991652321640e-03 0.000000000000000000e+00
0.000000000000000000e+00 0.000000000000000000e+00 0.000000000000000000e+00 1.630419263462678847e+00 4.237819287709274074e-01 -1.110981298770635957e-02 0.000000000000000000e+00
0.000000000000000000e+00 0.000000000000000000e+00 0.000000000000000000e+00 4.875012224355422141e+00 -3.706699550281552374e-02 1.898079928292515164e-02 0.000000000000000000e+00
0.000000000000000000e+00 0.000000000000000000e+00 0.000000000000000000e+00 1.501314355512158638e+00 3.956934513932044983e-01 -2.595244020890927206e-02 0.000000000000000000e+00
0.000000000000000000e+00 0.000000000000000000e+00 0.000000000000000000e+00 7.629936113033400247e+00 1.541870776480802055e-04 -2.294976569357204746e-02 0.000000000000000000e+00
0.000000000000000000e+00 0.000000000000000000e+00 0.000000000000000000e+00 8.794355935909386801e+00 2.592356642526862792e-02 -3.454863726733723578e-02 0.000000000000000000e+00
0.000000000000000000e+00 0.000000000000000000e+00 0.000000000000000000e+00 1.533628629874466576e+01 4.318161356539216601e-03 -7.821511845983427692e-05 0.000000000000000000e+00
0.000000000000000000e+00 0.000000000000000000e+00 0.000000000000000000e+00 3.699871391793002839e+00 1.173517496195483067e-01 -7.601780876840754340e-03 0.000000000000000000e+00
0.000000000000000000e+00 0.000000000000000000e+00 0.000000000000000000e+00 8.780860274805247556e+00 2.623254241868307537e-02 -2.648079974120583213e-02 0.000000000000000000e+00
0.000000000000000000e+00 0.000000000000000000e+00 0.000000000000000000e+00 6.804752065836816577e+00 -1.274029063668788708e-01 8.758226934683781273e-02 0.000000000000000000e+00
0.000000000000000000e+00 0.000000000000000000e+00 0.000000000000000000e+00 1.637845899310745068e+01 -1.799804951811284637e-02 9.963436647987841330e-03 0.000000000000000000e+00
0.000000000000000000e+00 0.000000000000000000e+00 0.000000000000000000e+00 2.258974448561795967e+00 -2.533284158855439450e-01 -1.038938071402384644e-01 0.000000000000000000e+00
0.000000000000000000e+00 0.000000000000000000e+00 0.000000000000000000e+00 3.132858483391974591e+00 -1.177803793949259575e-01 -3.413360210533374073e-02 0.000000000000000000e+00
0.000000000000000000e+00 0.000000000000000000e+00 0.000000000000000000e+00 2.740303801186187993e-01 -5.718242866891246612e-01 -1.853081238922158480e-01 0.000000000000000000e+00
0.000000000000000000e+00 0.000000000000000000e+00 0.000000000000000000e+00 3.715189053986631240e+00 1.117903757463778597e-01 -8.942838581346536711e-03 0.000000000000000000e+00
0.000000000000000000e+00 0.000000000000000000e+00 0.000000000000000000e+00 2.689278848121747778e+00 -4.786569029112555107e-01 -1.168778599255235473e-01 0.000000000000000000e+00
0.000000000000000000e+00 0.000000000000000000e+00 0.000000000000000000e+00 1.678340962178299378e+01 3.033460766208860848e-01 -2.039044547713873556e-01 0.000000000000000000e+00
0.000000000000000000e+00 0.000000000000000000e+00 0.000000000000000000e+00 5.533664586236199057e+00 1.705014483201054698e-01 8.443514274455601529e-03 0.000000000000000000e+00
0.000000000000000000e+00 0.000000000000000000e+00 0.000000000000000000e+00 4.687072701517044138e+00 -1.695729386080289669e-01 -5.673991836011691922e-03 0.000000000000000000e+00
0.000000000000000000e+00 0.000000000000000000e+00 0.000000000000000000e+00 1.396849224567301873e+00 3.119452948093465738e-01 -5.052724329794638924e-02 0.000000000000000000e+00
0.000000000000000000e+00 0.000000000000000000e+00 0.000000000000000000e+00 8.567338928107361085e+00 -2.771315223886895458e-03 7.729542565692930356e-02 0.000000000000000000e+00
0.000000000000000000e+00 0.000000000000000000e+00 0.000000000000000000e+00 8.649146760368498832e+00 1.491836104065354975e-02 4.402491353339040014e-02 0.000000000000000000e+00
0.000000000000000000e+00 0.000000000000000000e+00 0.000000000000000000e+00 4.699396525435116878e+00 -1.621569588753089264e-01 -3.919191569116534102e-03 0.000000000000000000e+00
0.000000000000000000e+00 0.000000000000000000e+00 0.000000000000000000e+00 1.960132299868718730e+00 1.584467702043785287e-01 -4.255933085744274813e-02 0.000000000000000000e+00
0.000000000000000000e+00 0.000000000000000000e+00 0.000000000000000000e+00 2.020346906129071751e+00 7.619483868889059819e-02 -5.503084357636473661e-02 0.000000000000000000e+00
0.000000000000000000e+00 0.000000000000000000e+00 0.000000000000000000e+00 1.815616272413434595e+00 3.239504463624832131e-01 -1.878544056879929980e-02 0.000000000000000000e+00
0.000000000000000000e+00 0.000000000000000000e+00 0.000000000000000000e+00 8.019775392522591417e+00 -1.054454086533739704e-01 5.849784823256522909e-02 0.000000000000000000e+00
0.000000000000000000e+00 0.000000000000000000e+00 0.000000000000000000e+00 7.881410372540998743e+00 -8.209414098905674917e-02 2.053443688876773268e-02 0.000000000000000000e+00
0.000000000000000000e+00 0.000000000000000000e+00 0.000000000000000000e+00 3.289208144665964451e+00 2.498581164333753615e-02 -1.022278857385880424e-02 0.000000000000000000e+00
0.000000000000000000e+00 0.000000000000000000e+00 0.000000000000000000e+00 3.585649056728437589e+00 1.398597419037808098e-01 -4.601652442693136618e-05 0.000000000000000000e+00
0.000000000000000000e+00 0.000000000000000000e+00 0.000000000000000000e+00 8.354746103398134061e-01 -6.120354374223375693e-01 -2.628776232655415379e-01 0.000000000000000000e+00
0.000000000000000000e+00 0.000000000000000000e+00 0.000000000000000000e+00 5.186061128118196528e+00 1.692129190546116102e-01 3.390814579839016019e-02 0.000000000000000000e+00
0.000000000000000000e+00 0.000000000000000000e+00 0.000000000000000000e+00 1.330846652843552969e+00 2.334125226421057131e-01 -7.122420890218825185e-02 0.000000000000000000e+00
0.000000000000000000e+00 0.000000000000000000e+00 0.000000000000000000e+00 7.134858906445704640e+00 4.207076206607088253e-02 3.643368958224974669e-02 0.000000000000000000e+00
0.000000000000000000e+00 0.000000000000000000e+00 0.000000000000000000e+00 8.695753434657076397e+00 2.169387028386023791e-02 2.111775922666175517e-02 0.000000000000000000e+00
0.000000000000000000e+00 0.000000000000000000e+00 0.000000000000000000e+00 2.642152082463256946e+00 -4.879519844193084821e-01 -1.217572067080685133e-01 0.000000000000000000e+00
0.000000000000000000e+00 0.000000000000000000e+00 0.000000000000000000e+00 3.494751235486999175e+00 1.313610241793690125e-01 1.919266640181071550e-03 0.000000000000000000e+00
0.000000000000000000e+00 0.000000000000000000e+00 0.000000000000000000e+00 3.860213502253165618e+00 3.589950424003374163e-02 -2.363130780348345408e-02 0.000000000000000000e+00
0.000000000000000000e+00 0.000000000000000000e+00 0.000000000000000000e+00 7.845687720894399808e-01 -6.796510860892330808e-01 -2.753244115866567698e-01 0.000000000000000000e+00
0.000000000000000000e+00 0.000000000000000000e+00 0.000000000000000000e+00 7.598360933071973022e+00 1.107334237445932804e-02 -2.459302921706349107e-02 0.000000000000000000e+00
0.000000000000000000e+00 0.000000000000000000e+00 0.000000000000000000e+00 9.926430188297876711e+00 -3.433294212066831386e-02 6.380577958786319559e-02 0.000000000000000000e+00
0.000000000000000000e+00 0.000000000000000000e+00 0.000000000000000000e+00 9.833389381762002168e-01 -3.674083298740148940e-01 -2.123088091213543305e-01 0.000000000000000000e+00
0.000000000000000000e+00 0.000000000000000000e+00 0.000000000000000000e+00 6.873020330318021509e-01 -7.754375676047985388e-01 -2.896884575974949527e-01 0.000000000000000000e+00
0.000000000000000000e+00 0.000000000000000000e+00 0.000000000000000000e+00 1.951045057609629430e+00 1.703726820359975636e-01 -4.076707329705498567e-02 0.000000000000000000e+00
0.000000000000000000e+00 0.000000000000000000e+00 0.000000000000000000e+00 5.067547535981715257e+00 1.044309145611700962e-01 3.322820583999876176e-02 0.000000000000000000e+00
0.000000000000000000e+00 0.000000000000000000e+00 0.000000000000000000e+00 7.443113389833441396e+00 5.470511610785455670e-02 -1.931904461268451473e-02 0.000000000000000000e+00
0.000000000000000000e+00 0.000000000000000000e+00 0.000000000000000000e+00 7.118107545663165503e+00 3.672567752888086789e-02 4.002919921102269379e-02 0.000000000000000000e+00
0.000000000000000000e+00 0.000000000000000000e+00 0.000000000000000000e+00 3.567260393733499679e+00 1.401036499001767632e-01 6.773885099775012143e-04 0.000000000000000000e+00
0.000000000000000000e+00 0.000000000000000000e+00 0.000000000000000000e+00 3.506045415168583812e+00 1.337494337786339638e-01 1.903603465037179794e-03 0.000000000000000000e+00
0.000000000000000000e+00 0.000000000000000000e+00 0.000000000000000000e+00 3.830205602821206146e+00 5.448640947988848959e-02 -2.043596367318511325e-02 0.000000000000000000e+00
0.000000000000000000e+00 0.000000000000000000e+00 0.000000000000000000e+00 1.109185438826934522e+01 8.893855245796233877e-02 -4.650258603482251146e-02 0.000000000000000000e+00
0.000000000000000000e+00 0.000000000000000000e+00 0.000000000000000000e+00 5.826917556767645223e+00 -2.666204115932507140e-02 -9.195966038253672661e-03 0.000000000000000000e+00
0.000000000000000000e+00 0.000000000000000000e+00 0.000000000000000000e+00 1.679921515249254682e+01 -2.877448937514985872e-01 1.967577987635648062e-01 0.000000000000000000e+00
0.000000000000000000e+00 0.000000000000000000e+00 0.000000000000000000e+00 7.472310373430237185e+00 4.829386605570026858e-02 -2.191765356352307764e-02 0.000000000000000000e+00
0.000000000000000000e+00 0.000000000000000000e+00 0.000000000000000000e+00 6.340570701614770321e+00 -3.067368497277069839e-01 4.819153308976185934e-02 0.000000000000000000e+00
0.000000000000000000e+00 0.000000000000000000e+00 0.000000000000000000e+00 2.355134075677114858e+00 -3.599018659602561954e-01 -1.177696038330456746e-01 0.000000000000000000e+00
0.000000000000000000e+00 0.000000000000000000e+00 0.000000000000000000e+00 5.615304097340395373e+00 1.284618548068350574e-01 1.046893544059597416e-03 0.000000000000000000e+00
0.000000000000000000e+00 0.000000000000000000e+00 0.000000000000000000e+00 1.406354067770966276e+00 3.217016153281135882e-01 -4.785668051037752363e-02 0.000000000000000000e+00
0.000000000000000000e+00 0.000000000000000000e+00 0.000000000000000000e+00 1.118105830032329528e+01 -7.975117889156192741e-02 4.643711589229614078e-02 0.000000000000000000e+00
0.000000000000000000e+00 0.000000000000000000e+00 0.000000000000000000e+00 4.827583899560525360e+00 -7.329616238297514963e-02 1.341508443178685527e-02 0.000000000000000000e+00
0.000000000000000000e+00 0.000000000000000000e+00 0.000000000000000000e+00 2.986008141980106334e+00 -2.682756532768478253e-01 -6.362507178890577930e-02 0.000000000000000000e+00
0.000000000000000000e+00 0.000000000000000000e+00 0.000000000000000000e+00 5.762203387558211709e+00 2.523955512664733530e-02 -7.963944118787364204e-03 0.000000000000000000e+00
0.000000000000000000e+00 0.000000000000000000e+00 0.000000000000000000e+00 4.347020343672457265e+00 -2.436796475337309476e-01 -4.429484476686837424e-02 0.000000000000000000e+00

Amplitudes vs time: t // theta_tt_old // theta_mt_old // alpha_cdt_old// theta_tt_opt // theta_mt_opt// alpha_cdt_opt  
0.000000000000000000e+00 6.944444444444444059e-03 9.930555555555555802e-01 0.000000000000000000e+00 6.036415560177445933e-02 7.673179623922561365e-01 0.000000000000000000e+00
1.000000000000000000e+00 2.083333333333333218e-02 9.791666666666666297e-01 0.000000000000000000e+00 1.784237538531081024e-01 7.541661466145617165e-01 0.000000000000000000e+00
2.000000000000000000e+00 3.472222222222222376e-02 9.652777777777777901e-01 0.000000000000000000e+00 2.895341032025848804e-01 7.458808668015299848e-01 0.000000000000000000e+00
3.000000000000000000e+00 4.861111111111111188e-02 9.513888888888888395e-01 0.000000000000000000e+00 3.908782849876173415e-01 7.404278055752447907e-01 0.000000000000000000e+00
4.000000000000000000e+00 6.250000000000000000e-02 9.375000000000000000e-01 0.000000000000000000e+00 4.808459426238555490e-01 7.367186026455990744e-01 0.000000000000000000e+00
5.000000000000000000e+00 7.638888888888889506e-02 9.236111111111111605e-01 0.000000000000000000e+00 5.587453264673977182e-01 7.341680933465892789e-01 0.000000000000000000e+00
6.000000000000000000e+00 9.027777777777777624e-02 9.097222222222222099e-01 0.000000000000000000e+00 6.245772013484710561e-01 7.322484847047648904e-01 0.000000000000000000e+00
7.000000000000000000e+00 1.041666666666666713e-01 8.958333333333333703e-01 0.000000000000000000e+00 6.788992091481553803e-01 7.302880709823951211e-01 0.000000000000000000e+00
8.000000000000000000e+00 1.180555555555555525e-01 8.819444444444444198e-01 0.000000000000000000e+00 7.227368265445031081e-01 7.275596687312948507e-01 0.000000000000000000e+00
9.000000000000000000e+00 1.319444444444444475e-01 8.680555555555555802e-01 0.000000000000000000e+00 7.574756146074044239e-01 7.235277171443846855e-01 0.000000000000000000e+00
1.000000000000000000e+01 1.458333333333333426e-01 8.541666666666666297e-01 0.000000000000000000e+00 7.847009356562868465e-01 7.180548852282380157e-01 0.000000000000000000e+00
1.100000000000000000e+01 1.597222222222222099e-01 8.402777777777777901e-01 0.000000000000000000e+00 8.060062994420039706e-01 7.114230334343391027e-01 0.000000000000000000e+00
1.200000000000000000e+01 1.736111111111111049e-01 8.263888888888888395e-01 0.000000000000000000e+00 8.228298143009556975e-01 7.041495715381546061e-01 0.000000000000000000e+00
1.300000000000000000e+01 1.875000000000000000e-01 8.125000000000000000e-01 0.000000000000000000e+00 8.363737739384511372e-01 6.967001034050491759e-01 0.000000000000000000e+00
1.400000000000000000e+01 2.013888888888888951e-01 7.986111111111111605e-01 0.000000000000000000e+00 8.476179648879850204e-01 6.892489897138686095e-01 0.000000000000000000e+00
1.500000000000000000e+01 2.152777777777777901e-01 7.847222222222222099e-01 0.000000000000000000e+00 8.573813512019886618e-01 6.816037941605141981e-01 0.000000000000000000e+00
1.600000000000000000e+01 2.291666666666666574e-01 7.708333333333333703e-01 0.000000000000000000e+00 8.663555680546850546e-01 6.733176377997931450e-01 0.000000000000000000e+00
1.700000000000000000e+01 2.430555555555555525e-01 7.569444444444444198e-01 0.000000000000000000e+00 8.750490177964724836e-01 6.639200637277212769e-01 0.000000000000000000e+00
1.800000000000000000e+01 2.569444444444444198e-01 7.430555555555555802e-01 0.000000000000000000e+00 8.836367698450877661e-01 6.531494692120862755e-01 0.000000000000000000e+00
1.900000000000000000e+01 2.708333333333333148e-01 7.291666666666667407e-01 0.000000000000000000e+00 8.917788432227007345e-01 6.410850977777032833e-01 0.000000000000000000e+00
2.000000000000000000e+01 2.847222222222222099e-01 7.152777777777777901e-01 0.000000000000000000e+00 8.985099777415462841e-01 6.281362381186811339e-01 0.000000000000000000e+00
2.100000000000000000e+01 2.986111111111111049e-01 7.013888888888888395e-01 0.000000000000000000e+00 9.022930709523788728e-01 6.149135522171285118e-01 0.000000000000000000e+00
2.200000000000000000e+01 3.125000000000000000e-01 6.875000000000000000e-01 0.000000000000000000e+00 9.012681635118702239e-01 6.020486922708160327e-01 0.000000000000000000e+00
2.300000000000000000e+01 3.263888888888888951e-01 6.736111111111111605e-01 0.000000000000000000e+00 8.936469069806762811e-01 5.900303668963268189e-01 0.000000000000000000e+00
2.400000000000000000e+01 3.402777777777777901e-01 6.597222222222222099e-01 0.000000000000000000e+00 8.781376318462150721e-01 5.790979295923340819e-01 0.000000000000000000e+00
2.500000000000000000e+01 3.541666666666666852e-01 6.458333333333332593e-01 0.000000000000000000e+00 8.542685275307786430e-01 5.692002978439254512e-01 0.000000000000000000e+00
2.600000000000000000e+01 3.680555555555555802e-01 6.319444444444444198e-01 0.000000000000000000e+00 8.225129508630559805e-01 5.600083496722153553e-01 0.000000000000000000e+00
2.700000000000000000e+01 3.819444444444444198e-01 6.180555555555555802e-01 0.000000000000000000e+00 7.841931809811861775e-01 5.509683823841537986e-01 0.000000000000000000e+00
2.800000000000000000e+01 3.958333333333333148e-01 6.041666666666667407e-01 0.000000000000000000e+00 7.412140517271426088e-01 5.413934900114867332e-01 0.000000000000000000e+00
2.900000000000000000e+01 4.097222222222222099e-01 5.902777777777777901e-01 0.000000000000000000e+00 6.957249199125087324e-01 5.305938217674441848e-01 0.000000000000000000e+00
3.000000000000000000e+01 4.236111111111111049e-01 5.763888888888888395e-01 0.000000000000000000e+00 6.498125416996064496e-01 5.180366249852801364e-01 0.000000000000000000e+00
3.100000000000000000e+01 4.375000000000000000e-01 5.625000000000000000e-01 0.000000000000000000e+00 6.052944136912148387e-01 5.035064011726586575e-01 0.000000000000000000e+00
3.200000000000000000e+01 4.513888888888888951e-01 5.486111111111111605e-01 0.000000000000000000e+00 5.636324189182231326e-01 4.872182977395511094e-01 0.000000000000000000e+00
3.300000000000000000e+01 4.652777777777777901e-01 5.347222222222222099e-01 0.000000000000000000e+00 5.259432776257486619e-01 4.698386688899388597e-01 0.000000000000000000e+00
3.400000000000000000e+01 4.791666666666666852e-01 5.208333333333332593e-01 0.000000000000000000e+00 4.930600362900547928e-01 4.523908031345836300e-01 0.000000000000000000e+00
3.500000000000000000e+01 4.930555555555555802e-01 5.069444444444444198e-01 0.000000000000000000e+00 4.655993499784381040e-01 4.360626433835728677e-01 0.000000000000000000e+00
3.600000000000000000e+01 5.069444444444444198e-01 4.930555555555555802e-01 0.000000000000000000e+00 4.440043221032954346e-01 4.219689731745600580e-01 0.000000000000000000e+00
3.700000000000000000e+01 5.208333333333333703e-01 4.791666666666666297e-01 0.000000000000000000e+00 4.285511888402416258e-01 4.109357843661169407e-01 0.000000000000000000e+00
3.800000000000000000e+01 5.347222222222222099e-01 4.652777777777777901e-01 0.000000000000000000e+00 4.193231273087829059e-01 4.033626998547074072e-01 0.000000000000000000e+00
3.900000000000000000e+01 5.486111111111111605e-01 4.513888888888888395e-01 0.000000000000000000e+00 4.161648833576711559e-01 3.991878077757227139e-01 0.000000000000000000e+00
4.000000000000000000e+01 5.625000000000000000e-01 4.375000000000000000e-01 0.000000000000000000e+00 4.186399337588015412e-01 3.979448061427032779e-01 0.000000000000000000e+00
4.100000000000000000e+01 5.763888888888888395e-01 4.236111111111111605e-01 0.000000000000000000e+00 4.260182095065950247e-01 3.988810155684545666e-01 0.000000000000000000e+00
4.200000000000000000e+01 5.902777777777777901e-01 4.097222222222222099e-01 0.000000000000000000e+00 4.373235660909841060e-01 4.011028836130813846e-01 0.000000000000000000e+00
4.300000000000000000e+01 6.041666666666666297e-01 3.958333333333333703e-01 0.000000000000000000e+00 4.514603174101750604e-01 4.037269135033524359e-01 0.000000000000000000e+00
4.400000000000000000e+01 6.180555555555555802e-01 3.819444444444444198e-01 0.000000000000000000e+00 4.674140722306240336e-01 4.060250661882015555e-01 0.000000000000000000e+00
4.500000000000000000e+01 6.319444444444444198e-01 3.680555555555555802e-01 0.000000000000000000e+00 4.844882944818341142e-01 4.075535611489838339e-01 0.000000000000000000e+00
4.600000000000000000e+01 6.458333333333333703e-01 3.541666666666666297e-01 0.000000000000000000e+00 5.025074286133462964e-01 4.082419563851619193e-01 0.000000000000000000e+00
4.700000000000000000e+01 6.597222222222222099e-01 3.402777777777777901e-01 0.000000000000000000e+00 5.219067066253727516e-01 4.084062278785476341e-01 0.000000000000000000e+00
4.800000000000000000e+01 6.736111111111111605e-01 3.263888888888888395e-01 0.000000000000000000e+00 5.436494851395967665e-01 4.086508746090334876e-01 0.000000000000000000e+00
4.900000000000000000e+01 6.875000000000000000e-01 3.125000000000000000e-01 0.000000000000000000e+00 5.689639257965135588e-01 4.096505393023086583e-01 0.000000000000000000e+00
5.000000000000000000e+01 7.013888888888888395e-01 2.986111111111111605e-01 0.000000000000000000e+00 5.989557888441209288e-01 4.118469678360585084e-01 0.000000000000000000e+00
5.100000000000000000e+01 7.152777777777777901e-01 2.847222222222222099e-01 0.000000000000000000e+00 6.342072937551621603e-01 4.151438287361663981e-01 0.000000000000000000e+00
5.200000000000000000e+01 7.291666666666666297e-01 2.708333333333333703e-01 0.000000000000000000e+00 6.744892918266623960e-01 4.187057408139115422e-01 0.000000000000000000e+00
5.300000000000000000e+01 7.430555555555555802e-01 2.569444444444444198e-01 0.000000000000000000e+00 7.186844855927666531e-01 4.209517518621206378e-01 0.000000000000000000e+00
5.400000000000000000e+01 7.569444444444444198e-01 2.430555555555555802e-01 0.000000000000000000e+00 7.649515503792321258e-01 4.197778424595194902e-01 0.000000000000000000e+00
5.500000000000000000e+01 7.708333333333333703e-01 2.291666666666666297e-01 0.000000000000000000e+00 8.110788875221243144e-01 4.129672501827399977e-01 0.000000000000000000e+00
5.600000000000000000e+01 7.847222222222222099e-01 2.152777777777777901e-01 0.000000000000000000e+00 8.549137186585730186e-01 3.986817663284640267e-01 0.000000000000000000e+00
5.700000000000000000e+01 7.986111111111111605e-01 2.013888888888888395e-01 0.000000000000000000e+00 8.947314491670204095e-01 3.758985173933066526e-01 0.000000000000000000e+00
5.800000000000000000e+01 8.125000000000000000e-01 1.875000000000000000e-01 0.000000000000000000e+00 9.294384328280018703e-01 3.446758891172542194e-01 0.000000000000000000e+00
5.900000000000000000e+01 8.263888888888888395e-01 1.736111111111111605e-01 0.000000000000000000e+00 9.585655228445160159e-01 3.061892193330494893e-01 0.000000000000000000e+00
6.000000000000000000e+01 8.402777777777777901e-01 1.597222222222222099e-01 0.000000000000000000e+00 9.820837914027349402e-01 2.625466136444808418e-01 0.000000000000000000e+00
6.100000000000000000e+01 8.541666666666666297e-01 1.458333333333333703e-01 0.000000000000000000e+00 1.000129501937869758e+00 2.164502594528530388e-01 0.000000000000000000e+00
6.200000000000000000e+01 8.680555555555555802e-01 1.319444444444444198e-01 0.000000000000000000e+00 1.012744498379436919e+00 1.707919464828249467e-01 0.000000000000000000e+00
6.300000000000000000e+01 8.819444444444444198e-01 1.180555555555555802e-01 0.000000000000000000e+00 1.019718303039566232e+00 1.282630581296476668e-01 0.000000000000000000e+00
6.400000000000000000e+01 8.958333333333333703e-01 1.041666666666666297e-01 0.000000000000000000e+00 1.020572004533095045e+00 9.103298816203087007e-02 0.000000000000000000e+00
6.500000000000000000e+01 9.097222222222222099e-01 9.027777777777779011e-02 0.000000000000000000e+00 1.014671983255906795e+00 6.052383985371769665e-02 0.000000000000000000e+00
6.600000000000000000e+01 9.236111111111111605e-01 7.638888888888883955e-02 0.000000000000000000e+00 1.001422845412096585e+00 3.729489016262114293e-02 0.000000000000000000e+00
6.700000000000000000e+01 9.375000000000000000e-01 6.250000000000000000e-02 0.000000000000000000e+00 9.804742693919497043e-01 2.104708732645500791e-02 0.000000000000000000e+00
6.800000000000000000e+01 9.513888888888888395e-01 4.861111111111116045e-02 0.000000000000000000e+00 9.518854463446320135e-01 1.075564748112507567e-02 0.000000000000000000e+00
6.900000000000000000e+01 9.652777777777777901e-01 3.472222222222220989e-02 0.000000000000000000e+00 9.162144513541878865e-01 4.926328919448033986e-03 0.000000000000000000e+00
7.000000000000000000e+01 9.791666666666666297e-01 2.083333333333337034e-02 0.000000000000000000e+00 8.745260250664600443e-01 1.944661041798279337e-03 0.000000000000000000e+00
7.100000000000000000e+01 9.930555555555555802e-01 6.944444444444419773e-03 0.000000000000000000e+00 8.283300402513457117e-01 4.553146789189676602e-04 0.000000000000000000e+00

Residual energy after optimization is 1.9739996931173877e-08 C0x=0.05533535315043853 C0z=0.8041086226744516 C0xz=1.0
Optimization procedure took 286.32695508003235 seconds