### PARAMETERS OF THE TIME EVOLUTION ### 
Total time tau = 81
Timestep dt = 1
P = tau/dt = 81
Number of Fourier coefficients Nc = 81

gamma(t) = t/T*(delta_t + \sum_i^Nc gamma_i*f_i(wi, t) 
beta(t) = (1-t/T)*(delta_t + \sum_i^Nc beta_i*f_i(wi, t)

CRAB coefficient   Cz_start// pulses//  Cz_opt  
0.000000000000000000e+00 4.611639440220900887e+00 1.370404616322783653e+01
0.000000000000000000e+00 1.149715975316329875e+01 1.952263202797549724e+01
0.000000000000000000e+00 4.689227401054741229e+00 1.457957615225876324e+01
0.000000000000000000e+00 4.348293725804652787e+00 5.925947108012995512e-01
0.000000000000000000e+00 3.582457021928099117e+00 -1.368315783548353082e+01
0.000000000000000000e+00 1.070505562271345035e+01 -4.206686750010152309e+01
0.000000000000000000e+00 2.371358042950644673e+00 -1.160919654810372492e+01
0.000000000000000000e+00 6.117223936612076862e+00 9.395446683822353151e+00
0.000000000000000000e+00 9.778956853392731574e+00 1.694288536317325722e+01
0.000000000000000000e+00 8.897277721166897635e+00 -2.866018160042905905e+01
0.000000000000000000e+00 2.471738421890283277e+01 -1.208019741647866230e-03
0.000000000000000000e+00 3.296367702334423999e-01 -1.671614199749319951e+01
0.000000000000000000e+00 2.928544157692148264e+00 1.594344753463743203e+01
0.000000000000000000e+00 3.354197685840512921e+00 1.850423805470584604e+00
0.000000000000000000e+00 6.023096575732091118e+00 -3.540431009196777223e-01
0.000000000000000000e+00 8.858150533923014436e+00 -2.550673017546570165e+01
0.000000000000000000e+00 1.166876757403703380e+01 -1.751066374329803566e+01
0.000000000000000000e+00 1.077103789081024887e+00 9.999973191383766391e+00
0.000000000000000000e+00 2.362921604376292350e+01 -1.082263341002384074e-03
0.000000000000000000e+00 6.720251990953016730e+00 1.727823654796866393e+01
0.000000000000000000e+00 5.849467661417137698e+00 -1.781514261352296913e+01
0.000000000000000000e+00 1.102105591418214203e+01 2.095436434885157517e+00
0.000000000000000000e+00 2.356526982468724718e+00 -1.227594635902762654e+01
0.000000000000000000e+00 8.601035771673620545e+00 6.057616268100779244e+00
0.000000000000000000e+00 2.045251385579647696e+00 -1.611089904941681894e+01
0.000000000000000000e+00 1.135071550405950092e+01 3.247979456233745310e+01
0.000000000000000000e+00 8.464343442826281816e+00 2.438803794692585569e+01
0.000000000000000000e+00 7.191870875477910374e+00 -2.179005971364324878e+01
0.000000000000000000e+00 1.274255357634496022e+01 2.057646879644156002e+01
0.000000000000000000e+00 4.362346205191405701e+00 1.551321743020331212e+00
0.000000000000000000e+00 7.708441295799035586e+00 8.614588160851717191e+00
0.000000000000000000e+00 1.155276134412110700e+01 9.752293768204939539e+00
0.000000000000000000e+00 1.451757404461181622e+00 1.255119228966364098e+01
0.000000000000000000e+00 8.636749525344587397e+00 1.059473609493640334e+00
0.000000000000000000e+00 6.884150139972873284e+00 1.884813832238558362e+00
0.000000000000000000e+00 8.433901644135858078e+00 2.800974368225620381e+01
0.000000000000000000e+00 3.795141339438464101e+00 -2.234164082257892758e+01
0.000000000000000000e+00 1.426150866374829018e+00 1.331813676313025141e+01
0.000000000000000000e+00 6.074202611209868152e+00 5.019752972430755023e+00
0.000000000000000000e+00 7.606691393584847027e+00 -3.436298118041098526e+00
0.000000000000000000e+00 1.377459921766132034e+01 -2.855199935537327605e+01
0.000000000000000000e+00 4.130878594353278643e+00 -1.416711620603478750e+01
0.000000000000000000e+00 2.639246445142895414e+00 3.944645101941399279e+00
0.000000000000000000e+00 2.973500015283534914e+00 1.633240097448445027e+01
0.000000000000000000e+00 1.900861390309488641e+00 -1.102217183041652682e+01
0.000000000000000000e+00 4.148947120132846500e+00 -1.307006375708571078e+01
0.000000000000000000e+00 3.065262890029508025e+00 1.561179086479844713e+01
0.000000000000000000e+00 7.212633704244238331e+00 -2.244403795900661436e+01
0.000000000000000000e+00 1.173907173552501959e+01 -3.700646743809781469e+01
0.000000000000000000e+00 1.565360815054128940e+00 7.793785312267041299e+00
0.000000000000000000e+00 5.117158197379897189e+00 -7.749374989192439500e+00
0.000000000000000000e+00 2.844813963317961658e+00 1.398594940444012735e+01
0.000000000000000000e+00 3.285838553868311696e+00 6.296266723443843638e+00
0.000000000000000000e+00 1.417350713274206697e+00 1.355221602425701910e+01
0.000000000000000000e+00 9.784169403879410254e+00 1.699295892179457823e+01
0.000000000000000000e+00 1.107535647673005919e+01 1.075255500976598100e+01
0.000000000000000000e+00 4.251644672400055391e+00 -6.198473088603871695e+00
0.000000000000000000e+00 4.845840614065805241e+00 1.115576350000273997e+01
0.000000000000000000e+00 6.054863664371760379e+00 3.000534466636617825e+00
0.000000000000000000e+00 1.781323144446639262e+01 -3.138895469906425022e-03
0.000000000000000000e+00 1.372624961990868542e+01 3.491947871340893528e+01
0.000000000000000000e+00 5.704703670840213015e+00 -2.817428026204980185e+01
0.000000000000000000e+00 5.503699926239392637e-01 -1.680670543404684736e+01
0.000000000000000000e+00 4.893799653410490613e+00 8.789662107048494377e+00
0.000000000000000000e+00 2.874697302036788571e+01 3.397272928499108337e-04
0.000000000000000000e+00 1.706414187939290228e-01 -1.035473036953420412e+01
0.000000000000000000e+00 8.754871954595417449e+00 -1.456372161356140538e+01
0.000000000000000000e+00 5.245449531076316951e+00 -1.844258448081588853e+01
0.000000000000000000e+00 1.316151348983115277e+01 -1.906935111659203486e+01
0.000000000000000000e+00 2.368588892599660767e+00 -1.173631519352784025e+01
0.000000000000000000e+00 9.557219897784596796e+00 4.368689032480837398e+00
0.000000000000000000e+00 7.266064587034178901e-01 -9.778855658536778961e+00
0.000000000000000000e+00 4.704080624285296608e+00 1.455382632594116821e+01
0.000000000000000000e+00 4.461989954307186146e+00 7.752459896755882873e+00
0.000000000000000000e+00 1.011223019521229816e+01 -4.127981579729932626e+00
0.000000000000000000e+00 4.279134660479876118e+00 -4.258236646842908257e+00
0.000000000000000000e+00 4.950365811306977726e+00 5.326335790409471471e+00
0.000000000000000000e+00 1.122553142049772523e+00 1.182872375411397314e+01
0.000000000000000000e+00 2.318487325743861849e+00 -1.381779729822027036e+01
0.000000000000000000e+00 6.370839568633714478e+00 2.740156095892792720e+01
0.000000000000000000e+00 7.320869254912625301e-01 -9.486920986359244523e+00

Amplitudes vs time: t // theta_tt_old // theta_mt_old // alpha_cdt_old//theta_ttdot_old // theta_tt_opt // theta_mt_opt// alpha_cdt_opt// theta_ttdot_opt //  
0.000000000000000000e+00 6.172839506172839164e-03 9.938271604938271331e-01 0.000000000000000000e+00 1.234567901234567833e-02 1.093709552096529258e-02 9.938271604938271331e-01 0.000000000000000000e+00 0.000000000000000000e+00
1.000000000000000000e+00 1.851851851851851749e-02 9.814814814814815103e-01 0.000000000000000000e+00 1.234567901234567833e-02 4.463071166845182514e-02 9.814814814814815103e-01 0.000000000000000000e+00 0.000000000000000000e+00
2.000000000000000000e+00 3.086419753086419582e-02 9.691358024691357764e-01 0.000000000000000000e+00 1.234567901234567833e-02 1.037173789403925683e-01 9.691358024691357764e-01 0.000000000000000000e+00 0.000000000000000000e+00
3.000000000000000000e+00 4.320987654320987414e-02 9.567901234567901536e-01 0.000000000000000000e+00 1.234567901234567833e-02 1.806033144625754649e-01 9.567901234567901536e-01 0.000000000000000000e+00 0.000000000000000000e+00
4.000000000000000000e+00 5.555555555555555247e-02 9.444444444444444198e-01 0.000000000000000000e+00 1.234567901234567833e-02 2.606053283549001343e-01 9.444444444444444198e-01 0.000000000000000000e+00 0.000000000000000000e+00
5.000000000000000000e+00 6.790123456790123080e-02 9.320987654320987970e-01 0.000000000000000000e+00 1.234567901234567833e-02 3.314977145864592689e-01 9.320987654320987970e-01 0.000000000000000000e+00 0.000000000000000000e+00
6.000000000000000000e+00 8.024691358024690913e-02 9.197530864197530631e-01 0.000000000000000000e+00 1.234567901234567833e-02 3.869648465938040349e-01 9.197530864197530631e-01 0.000000000000000000e+00 0.000000000000000000e+00
7.000000000000000000e+00 9.259259259259258745e-02 9.074074074074074403e-01 0.000000000000000000e+00 1.234567901234567833e-02 4.262046417174758517e-01 9.074074074074074403e-01 0.000000000000000000e+00 0.000000000000000000e+00
8.000000000000000000e+00 1.049382716049382658e-01 8.950617283950617065e-01 0.000000000000000000e+00 1.234567901234567833e-02 4.518619121889847490e-01 8.950617283950617065e-01 0.000000000000000000e+00 0.000000000000000000e+00
9.000000000000000000e+00 1.172839506172839441e-01 8.827160493827160836e-01 0.000000000000000000e+00 1.234567901234567833e-02 4.678541733594216989e-01 8.827160493827160836e-01 0.000000000000000000e+00 0.000000000000000000e+00
1.000000000000000000e+01 1.296296296296296224e-01 8.703703703703703498e-01 0.000000000000000000e+00 1.234567901234567833e-02 4.778603761241863035e-01 8.703703703703703498e-01 0.000000000000000000e+00 0.000000000000000000e+00
1.100000000000000000e+01 1.419753086419753008e-01 8.580246913580247270e-01 0.000000000000000000e+00 1.234567901234567833e-02 4.846018717546516363e-01 8.580246913580247270e-01 0.000000000000000000e+00 0.000000000000000000e+00
1.200000000000000000e+01 1.543209876543209791e-01 8.456790123456789932e-01 0.000000000000000000e+00 1.234567901234567833e-02 4.897202000330002081e-01 8.456790123456789932e-01 0.000000000000000000e+00 0.000000000000000000e+00
1.300000000000000000e+01 1.666666666666666574e-01 8.333333333333333703e-01 0.000000000000000000e+00 1.234567901234567833e-02 4.940039859507905362e-01 8.333333333333333703e-01 0.000000000000000000e+00 0.000000000000000000e+00
1.400000000000000000e+01 1.790123456790123357e-01 8.209876543209876365e-01 0.000000000000000000e+00 1.234567901234567833e-02 4.977692977781075223e-01 8.209876543209876365e-01 0.000000000000000000e+00 0.000000000000000000e+00
1.500000000000000000e+01 1.913580246913580141e-01 8.086419753086420137e-01 0.000000000000000000e+00 1.234567901234567833e-02 5.012277466899736078e-01 8.086419753086420137e-01 0.000000000000000000e+00 0.000000000000000000e+00
1.600000000000000000e+01 2.037037037037036924e-01 7.962962962962962798e-01 0.000000000000000000e+00 1.234567901234567833e-02 5.046933283123730130e-01 7.962962962962962798e-01 0.000000000000000000e+00 0.000000000000000000e+00
1.700000000000000000e+01 2.160493827160493707e-01 7.839506172839506570e-01 0.000000000000000000e+00 1.234567901234567833e-02 5.085597389004780089e-01 7.839506172839506570e-01 0.000000000000000000e+00 0.000000000000000000e+00
1.800000000000000000e+01 2.283950617283950490e-01 7.716049382716049232e-01 0.000000000000000000e+00 1.234567901234567833e-02 5.131272685966410396e-01 7.716049382716049232e-01 0.000000000000000000e+00 0.000000000000000000e+00
1.900000000000000000e+01 2.407407407407407274e-01 7.592592592592593004e-01 0.000000000000000000e+00 1.234567901234567833e-02 5.184580588562486270e-01 7.592592592592593004e-01 0.000000000000000000e+00 0.000000000000000000e+00
2.000000000000000000e+01 2.530864197530864335e-01 7.469135802469135665e-01 0.000000000000000000e+00 1.234567901234567833e-02 5.243808787008876759e-01 7.469135802469135665e-01 0.000000000000000000e+00 0.000000000000000000e+00
2.100000000000000000e+01 2.654320987654321118e-01 7.345679012345678327e-01 0.000000000000000000e+00 1.234567901234567833e-02 5.305948985559729714e-01 7.345679012345678327e-01 0.000000000000000000e+00 0.000000000000000000e+00
2.200000000000000000e+01 2.777777777777777901e-01 7.222222222222222099e-01 0.000000000000000000e+00 1.234567901234567833e-02 5.367172656690912813e-01 7.222222222222222099e-01 0.000000000000000000e+00 0.000000000000000000e+00
2.300000000000000000e+01 2.901234567901234684e-01 7.098765432098765871e-01 0.000000000000000000e+00 1.234567901234567833e-02 5.422094051924716274e-01 7.098765432098765871e-01 0.000000000000000000e+00 0.000000000000000000e+00
2.400000000000000000e+01 3.024691358024691468e-01 6.975308641975308532e-01 0.000000000000000000e+00 1.234567901234567833e-02 5.463144384549003529e-01 6.975308641975308532e-01 0.000000000000000000e+00 0.000000000000000000e+00
2.500000000000000000e+01 3.148148148148148251e-01 6.851851851851851194e-01 0.000000000000000000e+00 1.234567901234567833e-02 5.482092905840392216e-01 6.851851851851851194e-01 0.000000000000000000e+00 0.000000000000000000e+00
2.600000000000000000e+01 3.271604938271605034e-01 6.728395061728394966e-01 0.000000000000000000e+00 1.234567901234567833e-02 5.473945617890417781e-01 6.728395061728394966e-01 0.000000000000000000e+00 0.000000000000000000e+00
2.700000000000000000e+01 3.395061728395061817e-01 6.604938271604938738e-01 0.000000000000000000e+00 1.234567901234567833e-02 5.440635595501238653e-01 6.604938271604938738e-01 0.000000000000000000e+00 0.000000000000000000e+00
2.800000000000000000e+01 3.518518518518518601e-01 6.481481481481481399e-01 0.000000000000000000e+00 1.234567901234567833e-02 5.391090892933052547e-01 6.481481481481481399e-01 0.000000000000000000e+00 0.000000000000000000e+00
2.900000000000000000e+01 3.641975308641975384e-01 6.358024691358024061e-01 0.000000000000000000e+00 1.234567901234567833e-02 5.336777415793345636e-01 6.358024691358024061e-01 0.000000000000000000e+00 0.000000000000000000e+00
3.000000000000000000e+01 3.765432098765432167e-01 6.234567901234567833e-01 0.000000000000000000e+00 1.234567901234567833e-02 5.285649745656506582e-01 6.234567901234567833e-01 0.000000000000000000e+00 0.000000000000000000e+00
3.100000000000000000e+01 3.888888888888888951e-01 6.111111111111111605e-01 0.000000000000000000e+00 1.234567901234567833e-02 5.238977168820520003e-01 6.111111111111111605e-01 0.000000000000000000e+00 0.000000000000000000e+00
3.200000000000000000e+01 4.012345679012345734e-01 5.987654320987654266e-01 0.000000000000000000e+00 1.234567901234567833e-02 5.193128894039886756e-01 5.987654320987654266e-01 0.000000000000000000e+00 0.000000000000000000e+00
3.300000000000000000e+01 4.135802469135802517e-01 5.864197530864196928e-01 0.000000000000000000e+00 1.234567901234567833e-02 5.144242731284006664e-01 5.864197530864196928e-01 0.000000000000000000e+00 0.000000000000000000e+00
3.400000000000000000e+01 4.259259259259259300e-01 5.740740740740740700e-01 0.000000000000000000e+00 1.234567901234567833e-02 5.091622937253501568e-01 5.740740740740740700e-01 0.000000000000000000e+00 0.000000000000000000e+00
3.500000000000000000e+01 4.382716049382716084e-01 5.617283950617284471e-01 0.000000000000000000e+00 1.234567901234567833e-02 5.037489552786607039e-01 5.617283950617284471e-01 0.000000000000000000e+00 0.000000000000000000e+00
3.600000000000000000e+01 4.506172839506172867e-01 5.493827160493827133e-01 0.000000000000000000e+00 1.234567901234567833e-02 4.984358676002947908e-01 5.493827160493827133e-01 0.000000000000000000e+00 0.000000000000000000e+00
3.700000000000000000e+01 4.629629629629629650e-01 5.370370370370369795e-01 0.000000000000000000e+00 1.234567901234567833e-02 4.933268902020586655e-01 5.370370370370369795e-01 0.000000000000000000e+00 0.000000000000000000e+00
3.800000000000000000e+01 4.753086419753086433e-01 5.246913580246913567e-01 0.000000000000000000e+00 1.234567901234567833e-02 4.884668289858382084e-01 5.246913580246913567e-01 0.000000000000000000e+00 0.000000000000000000e+00
3.900000000000000000e+01 4.876543209876543217e-01 5.123456790123457338e-01 0.000000000000000000e+00 1.234567901234567833e-02 4.840789605227919234e-01 5.123456790123457338e-01 0.000000000000000000e+00 0.000000000000000000e+00
4.000000000000000000e+01 5.000000000000000000e-01 5.000000000000000000e-01 0.000000000000000000e+00 1.234567901234567833e-02 4.806822068754286192e-01 5.000000000000000000e-01 0.000000000000000000e+00 0.000000000000000000e+00
4.100000000000000000e+01 5.123456790123457338e-01 4.876543209876542662e-01 0.000000000000000000e+00 1.234567901234567833e-02 4.789386168077616746e-01 4.876543209876542662e-01 0.000000000000000000e+00 0.000000000000000000e+00
4.200000000000000000e+01 5.246913580246913567e-01 4.753086419753086433e-01 0.000000000000000000e+00 1.234567901234567833e-02 4.793264549589494883e-01 4.753086419753086433e-01 0.000000000000000000e+00 0.000000000000000000e+00
4.300000000000000000e+01 5.370370370370370905e-01 4.629629629629629095e-01 0.000000000000000000e+00 1.234567901234567833e-02 4.818714042020055266e-01 4.629629629629629095e-01 0.000000000000000000e+00 0.000000000000000000e+00
4.400000000000000000e+01 5.493827160493827133e-01 4.506172839506172867e-01 0.000000000000000000e+00 1.234567901234567833e-02 4.861113956029939898e-01 4.506172839506172867e-01 0.000000000000000000e+00 0.000000000000000000e+00
4.500000000000000000e+01 5.617283950617284471e-01 4.382716049382715529e-01 0.000000000000000000e+00 1.234567901234567833e-02 4.913129245421020697e-01 4.382716049382715529e-01 0.000000000000000000e+00 0.000000000000000000e+00
4.600000000000000000e+01 5.740740740740740700e-01 4.259259259259259300e-01 0.000000000000000000e+00 1.234567901234567833e-02 4.968256048297000627e-01 4.259259259259259300e-01 0.000000000000000000e+00 0.000000000000000000e+00
4.700000000000000000e+01 5.864197530864198038e-01 4.135802469135801962e-01 0.000000000000000000e+00 1.234567901234567833e-02 5.023992099004793710e-01 4.135802469135801962e-01 0.000000000000000000e+00 0.000000000000000000e+00
4.800000000000000000e+01 5.987654320987654266e-01 4.012345679012345734e-01 0.000000000000000000e+00 1.234567901234567833e-02 5.082841477354897997e-01 4.012345679012345734e-01 0.000000000000000000e+00 0.000000000000000000e+00
4.900000000000000000e+01 6.111111111111111605e-01 3.888888888888888395e-01 0.000000000000000000e+00 1.234567901234567833e-02 5.150157939334885082e-01 3.888888888888888395e-01 0.000000000000000000e+00 0.000000000000000000e+00
5.000000000000000000e+01 6.234567901234567833e-01 3.765432098765432167e-01 0.000000000000000000e+00 1.234567901234567833e-02 5.229732285778766476e-01 3.765432098765432167e-01 0.000000000000000000e+00 0.000000000000000000e+00
5.100000000000000000e+01 6.358024691358025171e-01 3.641975308641974829e-01 0.000000000000000000e+00 1.234567901234567833e-02 5.320161407243843010e-01 3.641975308641974829e-01 0.000000000000000000e+00 0.000000000000000000e+00
5.200000000000000000e+01 6.481481481481481399e-01 3.518518518518518601e-01 0.000000000000000000e+00 1.234567901234567833e-02 5.415285481838943982e-01 3.518518518518518601e-01 0.000000000000000000e+00 0.000000000000000000e+00
5.300000000000000000e+01 6.604938271604938738e-01 3.395061728395061262e-01 0.000000000000000000e+00 1.234567901234567833e-02 5.509054888882792822e-01 3.395061728395061262e-01 0.000000000000000000e+00 0.000000000000000000e+00
5.400000000000000000e+01 6.728395061728394966e-01 3.271604938271605034e-01 0.000000000000000000e+00 1.234567901234567833e-02 5.600883015670058418e-01 3.271604938271605034e-01 0.000000000000000000e+00 0.000000000000000000e+00
5.500000000000000000e+01 6.851851851851852304e-01 3.148148148148147696e-01 0.000000000000000000e+00 1.234567901234567833e-02 5.696034033322397994e-01 3.148148148148147696e-01 0.000000000000000000e+00 0.000000000000000000e+00
5.600000000000000000e+01 6.975308641975308532e-01 3.024691358024691468e-01 0.000000000000000000e+00 1.234567901234567833e-02 5.799433069036229460e-01 3.024691358024691468e-01 0.000000000000000000e+00 0.000000000000000000e+00
5.700000000000000000e+01 7.098765432098765871e-01 2.901234567901234129e-01 0.000000000000000000e+00 1.234567901234567833e-02 5.907881518879216642e-01 2.901234567901234129e-01 0.000000000000000000e+00 0.000000000000000000e+00
5.800000000000000000e+01 7.222222222222222099e-01 2.777777777777777901e-01 0.000000000000000000e+00 1.234567901234567833e-02 6.008684409210702793e-01 2.777777777777777901e-01 0.000000000000000000e+00 0.000000000000000000e+00
5.900000000000000000e+01 7.345679012345679437e-01 2.654320987654320563e-01 0.000000000000000000e+00 1.234567901234567833e-02 6.088089299613982375e-01 2.654320987654320563e-01 0.000000000000000000e+00 0.000000000000000000e+00
6.000000000000000000e+01 7.469135802469135665e-01 2.530864197530864335e-01 0.000000000000000000e+00 1.234567901234567833e-02 6.143804954673455221e-01 2.530864197530864335e-01 0.000000000000000000e+00 0.000000000000000000e+00
6.100000000000000000e+01 7.592592592592593004e-01 2.407407407407406996e-01 0.000000000000000000e+00 1.234567901234567833e-02 6.190621617211629069e-01 2.407407407407406996e-01 0.000000000000000000e+00 0.000000000000000000e+00
6.200000000000000000e+01 7.716049382716049232e-01 2.283950617283950768e-01 0.000000000000000000e+00 1.234567901234567833e-02 6.252674853879808259e-01 2.283950617283950768e-01 0.000000000000000000e+00 0.000000000000000000e+00
6.300000000000000000e+01 7.839506172839506570e-01 2.160493827160493430e-01 0.000000000000000000e+00 1.234567901234567833e-02 6.347163115211862383e-01 2.160493827160493430e-01 0.000000000000000000e+00 0.000000000000000000e+00
6.400000000000000000e+01 7.962962962962962798e-01 2.037037037037037202e-01 0.000000000000000000e+00 1.234567901234567833e-02 6.472376255086529362e-01 2.037037037037037202e-01 0.000000000000000000e+00 0.000000000000000000e+00
6.500000000000000000e+01 8.086419753086420137e-01 1.913580246913579863e-01 0.000000000000000000e+00 1.234567901234567833e-02 6.609965685198317953e-01 1.913580246913579863e-01 0.000000000000000000e+00 0.000000000000000000e+00
6.600000000000000000e+01 8.209876543209876365e-01 1.790123456790123635e-01 0.000000000000000000e+00 1.234567901234567833e-02 6.739637344121833795e-01 1.790123456790123635e-01 0.000000000000000000e+00 0.000000000000000000e+00
6.700000000000000000e+01 8.333333333333333703e-01 1.666666666666666297e-01 0.000000000000000000e+00 1.234567901234567833e-02 6.854315567991638991e-01 1.666666666666666297e-01 0.000000000000000000e+00 0.000000000000000000e+00
6.800000000000000000e+01 8.456790123456789932e-01 1.543209876543210068e-01 0.000000000000000000e+00 1.234567901234567833e-02 6.964303632516947173e-01 1.543209876543210068e-01 0.000000000000000000e+00 0.000000000000000000e+00
6.900000000000000000e+01 8.580246913580247270e-01 1.419753086419752730e-01 0.000000000000000000e+00 1.234567901234567833e-02 7.089133896809829416e-01 1.419753086419752730e-01 0.000000000000000000e+00 0.000000000000000000e+00
7.000000000000000000e+01 8.703703703703703498e-01 1.296296296296296502e-01 0.000000000000000000e+00 1.234567901234567833e-02 7.245911915329971142e-01 1.296296296296296502e-01 0.000000000000000000e+00 0.000000000000000000e+00
7.100000000000000000e+01 8.827160493827160836e-01 1.172839506172839164e-01 0.000000000000000000e+00 1.234567901234567833e-02 7.443947465701018507e-01 1.172839506172839164e-01 0.000000000000000000e+00 0.000000000000000000e+00
7.200000000000000000e+01 8.950617283950617065e-01 1.049382716049382935e-01 0.000000000000000000e+00 1.234567901234567833e-02 7.687429635371677561e-01 1.049382716049382935e-01 0.000000000000000000e+00 0.000000000000000000e+00
7.300000000000000000e+01 9.074074074074074403e-01 9.259259259259255970e-02 0.000000000000000000e+00 1.234567901234567833e-02 7.979411006543442042e-01 9.259259259259255970e-02 0.000000000000000000e+00 0.000000000000000000e+00
7.400000000000000000e+01 9.197530864197530631e-01 8.024691358024693688e-02 0.000000000000000000e+00 1.234567901234567833e-02 8.319719778498955165e-01 8.024691358024693688e-02 0.000000000000000000e+00 0.000000000000000000e+00
7.500000000000000000e+01 9.320987654320987970e-01 6.790123456790120304e-02 0.000000000000000000e+00 1.234567901234567833e-02 8.696784531275806307e-01 6.790123456790120304e-02 0.000000000000000000e+00 0.000000000000000000e+00
7.600000000000000000e+01 9.444444444444444198e-01 5.555555555555558023e-02 0.000000000000000000e+00 1.234567901234567833e-02 9.081216050354805613e-01 5.555555555555558023e-02 0.000000000000000000e+00 0.000000000000000000e+00
7.700000000000000000e+01 9.567901234567901536e-01 4.320987654320984639e-02 0.000000000000000000e+00 1.234567901234567833e-02 9.429748233362272858e-01 4.320987654320984639e-02 0.000000000000000000e+00 0.000000000000000000e+00
7.800000000000000000e+01 9.691358024691357764e-01 3.086419753086422357e-02 0.000000000000000000e+00 1.234567901234567833e-02 9.701019901214744667e-01 3.086419753086422357e-02 0.000000000000000000e+00 0.000000000000000000e+00
7.900000000000000000e+01 9.814814814814815103e-01 1.851851851851848973e-02 0.000000000000000000e+00 1.234567901234567833e-02 9.875680093093164302e-01 1.851851851851848973e-02 0.000000000000000000e+00 0.000000000000000000e+00
8.000000000000000000e+01 9.938271604938271331e-01 6.172839506172866919e-03 0.000000000000000000e+00 1.234567901234567833e-02 9.969333938150046759e-01 6.172839506172866919e-03 0.000000000000000000e+00 0.000000000000000000e+00

Residual energy after optimization is 0.0009024130562255785
Optimization procedure took 882.1264455318451 seconds