### PARAMETERS OF THE TIME EVOLUTION ### 
Total time tau = 72
Timestep dt = 1
P = tau/dt = 72
Number of Fourier coefficients Nc = 72

gamma(t) = t/T*(delta_t + \sum_i^Nc gamma_i*f_i(wi, t) 
beta(t) = (1-t/T)*(delta_t + \sum_i^Nc beta_i*f_i(wi, t)

CRAB coefficient   Cz_start// pulses//  Cz_opt  
0.000000000000000000e+00 1.906571569402589361e+01 2.772370785236519383e-04
0.000000000000000000e+00 1.801427773088662976e+00 1.334364653321987448e-01
0.000000000000000000e+00 6.814487052904805608e+00 1.588891702193322708e-01
0.000000000000000000e+00 2.297496431724060706e+00 -2.664179024110781002e-01
0.000000000000000000e+00 1.784908383592637549e+01 -5.582849692857217751e-03
0.000000000000000000e+00 2.362571382318164659e+00 -2.594249820186260158e-01
0.000000000000000000e+00 6.788377690238506901e+00 2.016569233640988779e-01
0.000000000000000000e+00 5.489616121490922040e+00 -3.787325540620523762e-02
0.000000000000000000e+00 2.058191641451274201e+00 -1.440989443858024521e-01
0.000000000000000000e+00 1.803955138107322398e+01 -1.869039659228194459e-03
0.000000000000000000e+00 9.329319367687542552e+00 -8.991516457563505371e-01
0.000000000000000000e+00 1.219490285510855365e+00 7.546213690830724796e-02
0.000000000000000000e+00 2.740754485153381825e+00 6.168515481501975206e-02
0.000000000000000000e+00 6.462758447637387604e+00 3.051904829853625545e-01
0.000000000000000000e+00 1.099841926614612753e+01 2.486725512415656758e-01
0.000000000000000000e+00 3.623353893558368899e+00 -1.872055859325025273e-02
0.000000000000000000e+00 7.607596202020967091e+00 -8.088654368228891389e-01
0.000000000000000000e+00 5.657190742586444721e+00 -3.062355365716213362e-01
0.000000000000000000e+00 6.905850248434321159e+00 -2.335951593217112238e-02
0.000000000000000000e+00 4.255793583768431532e+00 -1.015954281845705444e-02
0.000000000000000000e+00 2.816181305357068343e+00 1.477374332287026693e-01
0.000000000000000000e+00 8.783633328042252941e+00 1.074420757341932209e+00
0.000000000000000000e+00 1.803968204330634251e+01 6.570941389277571397e-03
0.000000000000000000e+00 1.865562553179133998e+00 6.284103540200614013e-02
0.000000000000000000e+00 1.878238843184243390e+00 4.848738123142679046e-02
0.000000000000000000e+00 1.623592420393055624e+00 2.807572732562638174e-01
0.000000000000000000e+00 3.832304322795242246e+00 -2.112243814813034304e-01
0.000000000000000000e+00 5.499857459846054786e-01 -9.204052972761264106e-01
0.000000000000000000e+00 3.214015236862625802e+00 3.509656857750340087e-01
0.000000000000000000e+00 5.740378774627363789e+00 -3.833524616454077050e-01
0.000000000000000000e+00 1.044003060232355828e+01 -1.203485377029044123e+00
0.000000000000000000e+00 3.638807598900958507e+00 -3.636552772314163157e-02
0.000000000000000000e+00 2.186981175748413886e+00 -2.369099617142031988e-01
0.000000000000000000e+00 1.032379910600989881e+01 7.779690579384976323e-02
0.000000000000000000e+00 1.399417882369805177e+01 4.492287451659720231e-03
0.000000000000000000e+00 6.858648905639519455e+00 7.662360850758881403e-02
0.000000000000000000e+00 2.266619015705171591e+01 3.326165740496892279e-04
0.000000000000000000e+00 1.324345902465523528e+00 2.101077016182011648e-01
0.000000000000000000e+00 6.974384419963715942e+00 -1.853959951010513973e-01
0.000000000000000000e+00 1.242453855064328705e+00 1.092152205548470728e-01
0.000000000000000000e+00 3.961253151958298524e+00 -2.472064523718335016e-01
0.000000000000000000e+00 1.568906551210189804e+01 -3.245018304367628011e-03
0.000000000000000000e+00 1.390037881557101951e+00 2.665830206705241401e-01
0.000000000000000000e+00 4.961141138883567336e+00 8.288877685756181890e-01
0.000000000000000000e+00 3.661918738395824935e+00 -6.215738155386952429e-02
0.000000000000000000e+00 1.635853535818799331e+00 2.740921577803539511e-01
0.000000000000000000e+00 2.137892199489683520e+01 4.157624497418206975e-05
0.000000000000000000e+00 3.210416596727849736e+00 3.519495427976529478e-01
0.000000000000000000e+00 1.904273085618111150e+00 1.889623391933793750e-02
0.000000000000000000e+00 6.560786614597422073e+00 3.577898368423675923e-01
0.000000000000000000e+00 6.653332503113405849e+00 3.429863071815564823e-01
0.000000000000000000e+00 1.613291901001070627e+01 1.568289475980071167e-03
0.000000000000000000e+00 8.000951308302425957e+00 8.137862063692843373e-01
0.000000000000000000e+00 3.822004679067359856e+00 -2.050357397574673057e-01
0.000000000000000000e+00 1.289788765713683460e+01 -1.474002060200028941e-02
0.000000000000000000e+00 4.182187322268176466e+00 -1.086300262817336271e-01
0.000000000000000000e+00 6.201294303020956633e+00 -5.382883383017438711e-02
0.000000000000000000e+00 3.645440641818649130e+00 -4.384810293084600435e-02
0.000000000000000000e+00 9.847123482188994137e-01 -3.567910866263123704e-01
0.000000000000000000e+00 7.670972694322804486e+00 -6.392674905201981561e-01
0.000000000000000000e+00 4.353127191667078399e+00 1.483141548927411901e-01
0.000000000000000000e+00 2.305941855566473464e+00 -2.665401582420949822e-01
0.000000000000000000e+00 9.233799477972274516e+00 -8.671649571720305705e-01
0.000000000000000000e+00 1.311141460148563143e+00 1.960382368910315587e-01
0.000000000000000000e+00 1.479949821602717597e+00 3.059813326811424150e-01
0.000000000000000000e+00 2.744485634209397062e+00 6.602456387225724699e-02
0.000000000000000000e+00 6.079956771494562595e+00 -2.365431618735192587e-01
0.000000000000000000e+00 9.638196893615417205e-01 -3.983645610226241862e-01
0.000000000000000000e+00 4.195668678178697597e+00 -9.227848722523505909e-02
0.000000000000000000e+00 6.104507843689424895e+00 -2.024423064290815921e-01
0.000000000000000000e+00 1.000510389316892201e+01 1.680772621632595998e+00
0.000000000000000000e+00 5.492332351465154083e+00 -4.311873918203733974e-02

Amplitudes vs time: t // theta_tt_old // theta_mt_old // alpha_cdt_old//theta_ttdot_old // theta_tt_opt // theta_mt_opt// alpha_cdt_opt// theta_ttdot_opt //  
0.000000000000000000e+00 6.944444444444444059e-03 9.930555555555555802e-01 0.000000000000000000e+00 1.388888888888888812e-02 2.319610660762911995e-03 9.930555555555555802e-01 0.000000000000000000e+00 0.000000000000000000e+00
1.000000000000000000e+00 2.083333333333333218e-02 9.791666666666666297e-01 0.000000000000000000e+00 1.388888888888888812e-02 1.292291507933833461e-02 9.791666666666666297e-01 0.000000000000000000e+00 0.000000000000000000e+00
2.000000000000000000e+00 3.472222222222222376e-02 9.652777777777777901e-01 0.000000000000000000e+00 1.388888888888888812e-02 3.815175118142988958e-02 9.652777777777777901e-01 0.000000000000000000e+00 0.000000000000000000e+00
3.000000000000000000e+00 4.861111111111111188e-02 9.513888888888888395e-01 0.000000000000000000e+00 1.388888888888888812e-02 8.039134211534730567e-02 9.513888888888888395e-01 0.000000000000000000e+00 0.000000000000000000e+00
4.000000000000000000e+00 6.250000000000000000e-02 9.375000000000000000e-01 0.000000000000000000e+00 1.388888888888888812e-02 1.367377848772654558e-01 9.375000000000000000e-01 0.000000000000000000e+00 0.000000000000000000e+00
5.000000000000000000e+00 7.638888888888889506e-02 9.236111111111111605e-01 0.000000000000000000e+00 1.388888888888888812e-02 2.011044437822173681e-01 9.236111111111111605e-01 0.000000000000000000e+00 0.000000000000000000e+00
6.000000000000000000e+00 9.027777777777777624e-02 9.097222222222222099e-01 0.000000000000000000e+00 1.388888888888888812e-02 2.665560995290966462e-01 9.097222222222222099e-01 0.000000000000000000e+00 0.000000000000000000e+00
7.000000000000000000e+00 1.041666666666666713e-01 8.958333333333333703e-01 0.000000000000000000e+00 1.388888888888888812e-02 3.272075802035957492e-01 8.958333333333333703e-01 0.000000000000000000e+00 0.000000000000000000e+00
8.000000000000000000e+00 1.180555555555555525e-01 8.819444444444444198e-01 0.000000000000000000e+00 1.388888888888888812e-02 3.792941152739481847e-01 8.819444444444444198e-01 0.000000000000000000e+00 0.000000000000000000e+00
9.000000000000000000e+00 1.319444444444444475e-01 8.680555555555555802e-01 0.000000000000000000e+00 1.388888888888888812e-02 4.213662282887202792e-01 8.680555555555555802e-01 0.000000000000000000e+00 0.000000000000000000e+00
1.000000000000000000e+01 1.458333333333333426e-01 8.541666666666666297e-01 0.000000000000000000e+00 1.388888888888888812e-02 4.538406029899594296e-01 8.541666666666666297e-01 0.000000000000000000e+00 0.000000000000000000e+00
1.100000000000000000e+01 1.597222222222222099e-01 8.402777777777777901e-01 0.000000000000000000e+00 1.388888888888888812e-02 4.782606046803651867e-01 8.402777777777777901e-01 0.000000000000000000e+00 0.000000000000000000e+00
1.200000000000000000e+01 1.736111111111111049e-01 8.263888888888888395e-01 0.000000000000000000e+00 1.388888888888888812e-02 4.965841947773061982e-01 8.263888888888888395e-01 0.000000000000000000e+00 0.000000000000000000e+00
1.300000000000000000e+01 1.875000000000000000e-01 8.125000000000000000e-01 0.000000000000000000e+00 1.388888888888888812e-02 5.106877568664112133e-01 8.125000000000000000e-01 0.000000000000000000e+00 0.000000000000000000e+00
1.400000000000000000e+01 2.013888888888888951e-01 7.986111111111111605e-01 0.000000000000000000e+00 1.388888888888888812e-02 5.221313783319382340e-01 7.986111111111111605e-01 0.000000000000000000e+00 0.000000000000000000e+00
1.500000000000000000e+01 2.152777777777777901e-01 7.847222222222222099e-01 0.000000000000000000e+00 1.388888888888888812e-02 5.321269375490419451e-01 7.847222222222222099e-01 0.000000000000000000e+00 0.000000000000000000e+00
1.600000000000000000e+01 2.291666666666666574e-01 7.708333333333333703e-01 0.000000000000000000e+00 1.388888888888888812e-02 5.416021836211891705e-01 7.708333333333333703e-01 0.000000000000000000e+00 0.000000000000000000e+00
1.700000000000000000e+01 2.430555555555555525e-01 7.569444444444444198e-01 0.000000000000000000e+00 1.388888888888888812e-02 5.512585029395976610e-01 7.569444444444444198e-01 0.000000000000000000e+00 0.000000000000000000e+00
1.800000000000000000e+01 2.569444444444444198e-01 7.430555555555555802e-01 0.000000000000000000e+00 1.388888888888888812e-02 5.615656436439474541e-01 7.430555555555555802e-01 0.000000000000000000e+00 0.000000000000000000e+00
1.900000000000000000e+01 2.708333333333333148e-01 7.291666666666667407e-01 0.000000000000000000e+00 1.388888888888888812e-02 5.727022233022391884e-01 7.291666666666667407e-01 0.000000000000000000e+00 0.000000000000000000e+00
2.000000000000000000e+01 2.847222222222222099e-01 7.152777777777777901e-01 0.000000000000000000e+00 1.388888888888888812e-02 5.845030062178129260e-01 7.152777777777777901e-01 0.000000000000000000e+00 0.000000000000000000e+00
2.100000000000000000e+01 2.986111111111111049e-01 7.013888888888888395e-01 0.000000000000000000e+00 1.388888888888888812e-02 5.964798566289324366e-01 7.013888888888888395e-01 0.000000000000000000e+00 0.000000000000000000e+00
2.200000000000000000e+01 3.125000000000000000e-01 6.875000000000000000e-01 0.000000000000000000e+00 1.388888888888888812e-02 6.079363890090371259e-01 6.875000000000000000e-01 0.000000000000000000e+00 0.000000000000000000e+00
2.300000000000000000e+01 3.263888888888888951e-01 6.736111111111111605e-01 0.000000000000000000e+00 1.388888888888888812e-02 6.181302245491040459e-01 6.736111111111111605e-01 0.000000000000000000e+00 0.000000000000000000e+00
2.400000000000000000e+01 3.402777777777777901e-01 6.597222222222222099e-01 0.000000000000000000e+00 1.388888888888888812e-02 6.264052393790784379e-01 6.597222222222222099e-01 0.000000000000000000e+00 0.000000000000000000e+00
2.500000000000000000e+01 3.541666666666666852e-01 6.458333333333332593e-01 0.000000000000000000e+00 1.388888888888888812e-02 6.322485395860488744e-01 6.458333333333332593e-01 0.000000000000000000e+00 0.000000000000000000e+00
2.600000000000000000e+01 3.680555555555555802e-01 6.319444444444444198e-01 0.000000000000000000e+00 1.388888888888888812e-02 6.352968099013844849e-01 6.319444444444444198e-01 0.000000000000000000e+00 0.000000000000000000e+00
2.700000000000000000e+01 3.819444444444444198e-01 6.180555555555555802e-01 0.000000000000000000e+00 1.388888888888888812e-02 6.353589661628455953e-01 6.180555555555555802e-01 0.000000000000000000e+00 0.000000000000000000e+00
2.800000000000000000e+01 3.958333333333333148e-01 6.041666666666667407e-01 0.000000000000000000e+00 1.388888888888888812e-02 6.324901160938145583e-01 6.041666666666667407e-01 0.000000000000000000e+00 0.000000000000000000e+00
2.900000000000000000e+01 4.097222222222222099e-01 5.902777777777777901e-01 0.000000000000000000e+00 1.388888888888888812e-02 6.270669131146542341e-01 5.902777777777777901e-01 0.000000000000000000e+00 0.000000000000000000e+00
3.000000000000000000e+01 4.236111111111111049e-01 5.763888888888888395e-01 0.000000000000000000e+00 1.388888888888888812e-02 6.197567227422948744e-01 5.763888888888888395e-01 0.000000000000000000e+00 0.000000000000000000e+00
3.100000000000000000e+01 4.375000000000000000e-01 5.625000000000000000e-01 0.000000000000000000e+00 1.388888888888888812e-02 6.113138420418617880e-01 5.625000000000000000e-01 0.000000000000000000e+00 0.000000000000000000e+00
3.200000000000000000e+01 4.513888888888888951e-01 5.486111111111111605e-01 0.000000000000000000e+00 1.388888888888888812e-02 6.022659528864231504e-01 5.486111111111111605e-01 0.000000000000000000e+00 0.000000000000000000e+00
3.300000000000000000e+01 4.652777777777777901e-01 5.347222222222222099e-01 0.000000000000000000e+00 1.388888888888888812e-02 5.926755817338690280e-01 5.347222222222222099e-01 0.000000000000000000e+00 0.000000000000000000e+00
3.400000000000000000e+01 4.791666666666666852e-01 5.208333333333332593e-01 0.000000000000000000e+00 1.388888888888888812e-02 5.821624832903647961e-01 5.208333333333332593e-01 0.000000000000000000e+00 0.000000000000000000e+00
3.500000000000000000e+01 4.930555555555555802e-01 5.069444444444444198e-01 0.000000000000000000e+00 1.388888888888888812e-02 5.702251901372773490e-01 5.069444444444444198e-01 0.000000000000000000e+00 0.000000000000000000e+00
3.600000000000000000e+01 5.069444444444444198e-01 4.930555555555555802e-01 0.000000000000000000e+00 1.388888888888888812e-02 5.566963816423732281e-01 4.930555555555555802e-01 0.000000000000000000e+00 0.000000000000000000e+00
3.700000000000000000e+01 5.208333333333333703e-01 4.791666666666666297e-01 0.000000000000000000e+00 1.388888888888888812e-02 5.420579635299185295e-01 4.791666666666666297e-01 0.000000000000000000e+00 0.000000000000000000e+00
3.800000000000000000e+01 5.347222222222222099e-01 4.652777777777777901e-01 0.000000000000000000e+00 1.388888888888888812e-02 5.274176421368965695e-01 4.652777777777777901e-01 0.000000000000000000e+00 0.000000000000000000e+00
3.900000000000000000e+01 5.486111111111111605e-01 4.513888888888888395e-01 0.000000000000000000e+00 1.388888888888888812e-02 5.141618027102260458e-01 4.513888888888888395e-01 0.000000000000000000e+00 0.000000000000000000e+00
4.000000000000000000e+01 5.625000000000000000e-01 4.375000000000000000e-01 0.000000000000000000e+00 1.388888888888888812e-02 5.034975147555165176e-01 4.375000000000000000e-01 0.000000000000000000e+00 0.000000000000000000e+00
4.100000000000000000e+01 5.763888888888888395e-01 4.236111111111111605e-01 0.000000000000000000e+00 1.388888888888888812e-02 4.961408740889853841e-01 4.236111111111111605e-01 0.000000000000000000e+00 0.000000000000000000e+00
4.200000000000000000e+01 5.902777777777777901e-01 4.097222222222222099e-01 0.000000000000000000e+00 1.388888888888888812e-02 4.922813232480031109e-01 4.097222222222222099e-01 0.000000000000000000e+00 0.000000000000000000e+00
4.300000000000000000e+01 6.041666666666666297e-01 3.958333333333333703e-01 0.000000000000000000e+00 1.388888888888888812e-02 4.917615868133370927e-01 3.958333333333333703e-01 0.000000000000000000e+00 0.000000000000000000e+00
4.400000000000000000e+01 6.180555555555555802e-01 3.819444444444444198e-01 0.000000000000000000e+00 1.388888888888888812e-02 4.943028676148574774e-01 3.819444444444444198e-01 0.000000000000000000e+00 0.000000000000000000e+00
4.500000000000000000e+01 6.319444444444444198e-01 3.680555555555555802e-01 0.000000000000000000e+00 1.388888888888888812e-02 4.996362710112158823e-01 3.680555555555555802e-01 0.000000000000000000e+00 0.000000000000000000e+00
4.600000000000000000e+01 6.458333333333333703e-01 3.541666666666666297e-01 0.000000000000000000e+00 1.388888888888888812e-02 5.075170365573961062e-01 3.541666666666666297e-01 0.000000000000000000e+00 0.000000000000000000e+00
4.700000000000000000e+01 6.597222222222222099e-01 3.402777777777777901e-01 0.000000000000000000e+00 1.388888888888888812e-02 5.176875191660575970e-01 3.402777777777777901e-01 0.000000000000000000e+00 0.000000000000000000e+00
4.800000000000000000e+01 6.736111111111111605e-01 3.263888888888888395e-01 0.000000000000000000e+00 1.388888888888888812e-02 5.298555946504246439e-01 3.263888888888888395e-01 0.000000000000000000e+00 0.000000000000000000e+00
4.900000000000000000e+01 6.875000000000000000e-01 3.125000000000000000e-01 0.000000000000000000e+00 1.388888888888888812e-02 5.436984377040656735e-01 3.125000000000000000e-01 0.000000000000000000e+00 0.000000000000000000e+00
5.000000000000000000e+01 7.013888888888888395e-01 2.986111111111111605e-01 0.000000000000000000e+00 1.388888888888888812e-02 5.588655939458041511e-01 2.986111111111111605e-01 0.000000000000000000e+00 0.000000000000000000e+00
5.100000000000000000e+01 7.152777777777777901e-01 2.847222222222222099e-01 0.000000000000000000e+00 1.388888888888888812e-02 5.749787170894856692e-01 2.847222222222222099e-01 0.000000000000000000e+00 0.000000000000000000e+00
5.200000000000000000e+01 7.291666666666666297e-01 2.708333333333333703e-01 0.000000000000000000e+00 1.388888888888888812e-02 5.916690477353961919e-01 2.708333333333333703e-01 0.000000000000000000e+00 0.000000000000000000e+00
5.300000000000000000e+01 7.430555555555555802e-01 2.569444444444444198e-01 0.000000000000000000e+00 1.388888888888888812e-02 6.086874156798907087e-01 2.569444444444444198e-01 0.000000000000000000e+00 0.000000000000000000e+00
5.400000000000000000e+01 7.569444444444444198e-01 2.430555555555555802e-01 0.000000000000000000e+00 1.388888888888888812e-02 6.260475512189248581e-01 2.430555555555555802e-01 0.000000000000000000e+00 0.000000000000000000e+00
5.500000000000000000e+01 7.708333333333333703e-01 2.291666666666666297e-01 0.000000000000000000e+00 1.388888888888888812e-02 6.440886133971518435e-01 2.291666666666666297e-01 0.000000000000000000e+00 0.000000000000000000e+00
5.600000000000000000e+01 7.847222222222222099e-01 2.152777777777777901e-01 0.000000000000000000e+00 1.388888888888888812e-02 6.633589757678745036e-01 2.152777777777777901e-01 0.000000000000000000e+00 0.000000000000000000e+00
5.700000000000000000e+01 7.986111111111111605e-01 2.013888888888888395e-01 0.000000000000000000e+00 1.388888888888888812e-02 6.843488780324580301e-01 2.013888888888888395e-01 0.000000000000000000e+00 0.000000000000000000e+00
5.800000000000000000e+01 8.125000000000000000e-01 1.875000000000000000e-01 0.000000000000000000e+00 1.388888888888888812e-02 7.072407837194564229e-01 1.875000000000000000e-01 0.000000000000000000e+00 0.000000000000000000e+00
5.900000000000000000e+01 8.263888888888888395e-01 1.736111111111111605e-01 0.000000000000000000e+00 1.388888888888888812e-02 7.318682077842442180e-01 1.736111111111111605e-01 0.000000000000000000e+00 0.000000000000000000e+00
6.000000000000000000e+01 8.402777777777777901e-01 1.597222222222222099e-01 0.000000000000000000e+00 1.388888888888888812e-02 7.579265847272793621e-01 1.597222222222222099e-01 0.000000000000000000e+00 0.000000000000000000e+00
6.100000000000000000e+01 8.541666666666666297e-01 1.458333333333333703e-01 0.000000000000000000e+00 1.388888888888888812e-02 7.852639507495319249e-01 1.458333333333333703e-01 0.000000000000000000e+00 0.000000000000000000e+00
6.200000000000000000e+01 8.680555555555555802e-01 1.319444444444444198e-01 0.000000000000000000e+00 1.388888888888888812e-02 8.139774721456156659e-01 1.319444444444444198e-01 0.000000000000000000e+00 0.000000000000000000e+00
6.300000000000000000e+01 8.819444444444444198e-01 1.180555555555555802e-01 0.000000000000000000e+00 1.388888888888888812e-02 8.441639226420750708e-01 1.180555555555555802e-01 0.000000000000000000e+00 0.000000000000000000e+00
6.400000000000000000e+01 8.958333333333333703e-01 1.041666666666666297e-01 0.000000000000000000e+00 1.388888888888888812e-02 8.754463726434186244e-01 1.041666666666666297e-01 0.000000000000000000e+00 0.000000000000000000e+00
6.500000000000000000e+01 9.097222222222222099e-01 9.027777777777779011e-02 0.000000000000000000e+00 1.388888888888888812e-02 9.066143695351837062e-01 9.027777777777779011e-02 0.000000000000000000e+00 0.000000000000000000e+00
6.600000000000000000e+01 9.236111111111111605e-01 7.638888888888883955e-02 0.000000000000000000e+00 1.388888888888888812e-02 9.356888233760222162e-01 7.638888888888883955e-02 0.000000000000000000e+00 0.000000000000000000e+00
6.700000000000000000e+01 9.375000000000000000e-01 6.250000000000000000e-02 0.000000000000000000e+00 1.388888888888888812e-02 9.604589855124221476e-01 6.250000000000000000e-02 0.000000000000000000e+00 0.000000000000000000e+00
6.800000000000000000e+01 9.513888888888888395e-01 4.861111111111116045e-02 0.000000000000000000e+00 1.388888888888888812e-02 9.792317257002450814e-01 4.861111111111116045e-02 0.000000000000000000e+00 0.000000000000000000e+00
6.900000000000000000e+01 9.652777777777777901e-01 3.472222222222220989e-02 0.000000000000000000e+00 1.388888888888888812e-02 9.914122499443208669e-01 3.472222222222220989e-02 0.000000000000000000e+00 0.000000000000000000e+00
7.000000000000000000e+01 9.791666666666666297e-01 2.083333333333337034e-02 0.000000000000000000e+00 1.388888888888888812e-02 9.976771658988043967e-01 2.083333333333337034e-02 0.000000000000000000e+00 0.000000000000000000e+00
7.100000000000000000e+01 9.930555555555555802e-01 6.944444444444419773e-03 0.000000000000000000e+00 1.388888888888888812e-02 9.997711970906811851e-01 6.944444444444419773e-03 0.000000000000000000e+00 0.000000000000000000e+00

Residual energy after optimization is 2.3343528737726e-06
Optimization procedure took 178.2573926448822 seconds