### PARAMETERS OF THE TIME EVOLUTION ### 
Total time tau = 81
Timestep dt = 1
P = tau/dt = 81
Number of Fourier coefficients Nc = 81

gamma(t) = t/T*(delta_t + \sum_i^Nc gamma_i*f_i(wi, t) 
beta(t) = (1-t/T)*(delta_t + \sum_i^Nc beta_i*f_i(wi, t)

CRAB coefficient   Cz_start// Cx_start// Cxz_start // pulses//  Cz_opt // Cx_opt // Cxz_opt  
0.000000000000000000e+00 0.000000000000000000e+00 0.000000000000000000e+00 5.950374444588229395e+00 9.250210424407926268e+01 1.676217681116871105e+01 0.000000000000000000e+00
0.000000000000000000e+00 0.000000000000000000e+00 0.000000000000000000e+00 2.077900366339699989e+00 5.505871032045481428e+01 -4.814138249340870424e+00 0.000000000000000000e+00
0.000000000000000000e+00 0.000000000000000000e+00 0.000000000000000000e+00 3.431846116295646176e+00 -5.921161002662130812e+01 -4.010318101609420260e+00 0.000000000000000000e+00
0.000000000000000000e+00 0.000000000000000000e+00 0.000000000000000000e+00 6.748382571283548792e+00 -5.093043612274227883e+01 -1.481616508924808073e+01 0.000000000000000000e+00
0.000000000000000000e+00 0.000000000000000000e+00 0.000000000000000000e+00 4.436779410276901814e+00 4.154001679614220421e+01 1.094686812886189742e+01 0.000000000000000000e+00
0.000000000000000000e+00 0.000000000000000000e+00 0.000000000000000000e+00 5.541786124831908467e+00 1.707603407322125975e+02 1.080113587090414384e+00 0.000000000000000000e+00
0.000000000000000000e+00 0.000000000000000000e+00 0.000000000000000000e+00 2.724691159150655739e+00 -4.626515411079710560e+01 6.323283859789869510e+00 0.000000000000000000e+00
0.000000000000000000e+00 0.000000000000000000e+00 0.000000000000000000e+00 2.360071085130322821e+00 1.068215553927459496e+02 3.694294939621192708e-01 0.000000000000000000e+00
0.000000000000000000e+00 0.000000000000000000e+00 0.000000000000000000e+00 1.682996490939805856e+00 -8.800464973868287188e+01 1.076235439909240421e+00 0.000000000000000000e+00
0.000000000000000000e+00 0.000000000000000000e+00 0.000000000000000000e+00 3.898566735141937301e+00 2.181015834813325682e+02 3.328155115919353868e+00 0.000000000000000000e+00
0.000000000000000000e+00 0.000000000000000000e+00 0.000000000000000000e+00 1.802788153341556621e+00 -6.131099485648964986e+01 1.183614826802021680e+00 0.000000000000000000e+00
0.000000000000000000e+00 0.000000000000000000e+00 0.000000000000000000e+00 5.657269668362089554e+00 1.853117007087715820e+02 1.183269370347302996e+01 0.000000000000000000e+00
0.000000000000000000e+00 0.000000000000000000e+00 0.000000000000000000e+00 7.654130131320934893e+00 -9.369694865612079582e+01 4.647446166115769550e+00 0.000000000000000000e+00
0.000000000000000000e+00 0.000000000000000000e+00 0.000000000000000000e+00 4.886245570834070406e+00 -1.375296453897626066e+02 -5.588078394337707699e+00 0.000000000000000000e+00
0.000000000000000000e+00 0.000000000000000000e+00 0.000000000000000000e+00 3.092957347591637873e+00 -1.794295776976169918e+02 2.991513292292763193e+00 0.000000000000000000e+00
0.000000000000000000e+00 0.000000000000000000e+00 0.000000000000000000e+00 7.788994029527866125e+00 -2.783736165727088405e+02 -1.746623115868723630e+01 0.000000000000000000e+00
0.000000000000000000e+00 0.000000000000000000e+00 0.000000000000000000e+00 1.406752638010425294e+01 1.486237245346103464e+02 2.721874462896485625e+01 0.000000000000000000e+00
0.000000000000000000e+00 0.000000000000000000e+00 0.000000000000000000e+00 1.506865787100806919e+01 5.015773947848759917e+02 1.140201738528123627e+02 0.000000000000000000e+00
0.000000000000000000e+00 0.000000000000000000e+00 0.000000000000000000e+00 1.947916557170327190e+00 8.638080371530474366e+00 -4.849130365360583284e+00 0.000000000000000000e+00
0.000000000000000000e+00 0.000000000000000000e+00 0.000000000000000000e+00 1.621440699955997644e+01 2.006971786011674652e+01 5.286395202555675077e+00 0.000000000000000000e+00
0.000000000000000000e+00 0.000000000000000000e+00 0.000000000000000000e+00 3.436069640204582054e+00 -5.766573064994559417e+01 -6.284797043376545211e+00 0.000000000000000000e+00
0.000000000000000000e+00 0.000000000000000000e+00 0.000000000000000000e+00 7.174734530552218992e+00 2.152250658138495680e+02 7.902800927350046578e+00 0.000000000000000000e+00
0.000000000000000000e+00 0.000000000000000000e+00 0.000000000000000000e+00 8.876750075203061030e+00 -3.772285777924574646e+00 -2.932358700270219387e+01 0.000000000000000000e+00
0.000000000000000000e+00 0.000000000000000000e+00 0.000000000000000000e+00 5.184635818741493374e+00 -1.927804864455034295e+00 -8.950183625525985676e+00 0.000000000000000000e+00
0.000000000000000000e+00 0.000000000000000000e+00 0.000000000000000000e+00 2.627922713566956503e+00 3.103587685206748770e+00 3.891518151819149729e+00 0.000000000000000000e+00
0.000000000000000000e+00 0.000000000000000000e+00 0.000000000000000000e+00 1.330919584572672854e+01 -7.389383553407250815e+01 -1.430228705593685490e+01 0.000000000000000000e+00
0.000000000000000000e+00 0.000000000000000000e+00 0.000000000000000000e+00 6.582008277190130485e+00 -9.701688661384127954e+01 -8.194720932950898984e+00 0.000000000000000000e+00
0.000000000000000000e+00 0.000000000000000000e+00 0.000000000000000000e+00 1.246102505377724823e+00 2.098784489569591827e+01 4.745166010477335661e+00 0.000000000000000000e+00
0.000000000000000000e+00 0.000000000000000000e+00 0.000000000000000000e+00 4.873249993665351276e+00 -1.097971833609978916e+02 -2.277745617657013444e+00 0.000000000000000000e+00
0.000000000000000000e+00 0.000000000000000000e+00 0.000000000000000000e+00 1.329995806752116039e+01 -4.402907800884500489e+01 -2.045555584792484005e+00 0.000000000000000000e+00
0.000000000000000000e+00 0.000000000000000000e+00 0.000000000000000000e+00 1.116668659655104179e+01 -3.981999859390774077e+01 1.247748057127410171e+01 0.000000000000000000e+00
0.000000000000000000e+00 0.000000000000000000e+00 0.000000000000000000e+00 1.558480644416563088e+00 -1.088800011587894829e+02 9.092477141113711525e+00 0.000000000000000000e+00
0.000000000000000000e+00 0.000000000000000000e+00 0.000000000000000000e+00 5.152340310250567157e+00 -2.510500860505319665e+01 -8.221543138676437934e+00 0.000000000000000000e+00
0.000000000000000000e+00 0.000000000000000000e+00 0.000000000000000000e+00 4.937214544026962137e+00 -1.222400793787094102e+02 -2.046218254807716935e-02 0.000000000000000000e+00
0.000000000000000000e+00 0.000000000000000000e+00 0.000000000000000000e+00 6.604007796895734472e+00 -1.196694570533588831e+02 -1.262412496828462238e+01 0.000000000000000000e+00
0.000000000000000000e+00 0.000000000000000000e+00 0.000000000000000000e+00 7.100350958581036487e+00 2.246478796994130676e+02 4.808564080657155237e+00 0.000000000000000000e+00
0.000000000000000000e+00 0.000000000000000000e+00 0.000000000000000000e+00 2.564864587586177525e+00 2.638123394797896282e+01 2.347738447738904277e+00 0.000000000000000000e+00
0.000000000000000000e+00 0.000000000000000000e+00 0.000000000000000000e+00 5.388305736917478050e+00 1.003302661561787801e+02 -6.617763293584909334e+00 0.000000000000000000e+00
0.000000000000000000e+00 0.000000000000000000e+00 0.000000000000000000e+00 1.041399847825536185e+01 8.378700945502353647e+01 -1.438460938797554256e+01 0.000000000000000000e+00
0.000000000000000000e+00 0.000000000000000000e+00 0.000000000000000000e+00 1.639369107984463625e+01 -1.103621504011705134e+01 -3.055158586297090029e+00 0.000000000000000000e+00
0.000000000000000000e+00 0.000000000000000000e+00 0.000000000000000000e+00 4.635377717536925957e+00 -6.870800379519309331e+01 7.605814287794602002e+00 0.000000000000000000e+00
0.000000000000000000e+00 0.000000000000000000e+00 0.000000000000000000e+00 1.139359062890251728e+01 -2.658800089826968929e+02 -5.199703678500453208e+01 0.000000000000000000e+00
0.000000000000000000e+00 0.000000000000000000e+00 0.000000000000000000e+00 1.432567428778652641e+01 -1.319693186826274598e+02 -1.347698763684948098e+01 0.000000000000000000e+00
0.000000000000000000e+00 0.000000000000000000e+00 0.000000000000000000e+00 3.397449941042357313e+00 -7.872010820724992186e+01 -3.572146345842064363e+00 0.000000000000000000e+00
0.000000000000000000e+00 0.000000000000000000e+00 0.000000000000000000e+00 5.257796391945836589e+00 3.540609397534593938e+01 -8.885291403013285461e+00 0.000000000000000000e+00
0.000000000000000000e+00 0.000000000000000000e+00 0.000000000000000000e+00 9.242083972787280999e+00 1.093851546130682095e+02 5.378015694138115066e+01 0.000000000000000000e+00
0.000000000000000000e+00 0.000000000000000000e+00 0.000000000000000000e+00 2.775259574867857992e+01 -1.292883540105365910e-03 -5.556526333029645527e-04 0.000000000000000000e+00
0.000000000000000000e+00 0.000000000000000000e+00 0.000000000000000000e+00 4.462661799651453265e+00 1.932544828918175384e+01 1.099387384625274322e+01 0.000000000000000000e+00
0.000000000000000000e+00 0.000000000000000000e+00 0.000000000000000000e+00 1.459941020656653876e+01 -1.461001014398909206e+02 -4.872391634393979132e+01 0.000000000000000000e+00
0.000000000000000000e+00 0.000000000000000000e+00 0.000000000000000000e+00 3.660817755563920528e+00 8.000909880330974033e+01 -1.146788570738062241e+01 0.000000000000000000e+00
0.000000000000000000e+00 0.000000000000000000e+00 0.000000000000000000e+00 2.387807257624962265e+00 1.150905916482806788e+02 -3.633173340688859998e+00 0.000000000000000000e+00
0.000000000000000000e+00 0.000000000000000000e+00 0.000000000000000000e+00 1.952323445624706499e+00 1.360919924191317953e+01 -4.744483108031110952e+00 0.000000000000000000e+00
0.000000000000000000e+00 0.000000000000000000e+00 0.000000000000000000e+00 6.544575939644141194e+00 -1.569128916049971565e+02 -3.178133546675740551e+00 0.000000000000000000e+00
0.000000000000000000e+00 0.000000000000000000e+00 0.000000000000000000e+00 2.273628041703400715e+00 8.707719382049305068e+01 -2.131411678084103478e+00 0.000000000000000000e+00
0.000000000000000000e+00 0.000000000000000000e+00 0.000000000000000000e+00 2.391186819621929249e+00 1.037581174578163825e+02 -6.097607142301960437e+00 0.000000000000000000e+00
0.000000000000000000e+00 0.000000000000000000e+00 0.000000000000000000e+00 1.143614608641807706e+01 -2.875230677081520412e+02 -4.833295948914464191e+01 0.000000000000000000e+00
0.000000000000000000e+00 0.000000000000000000e+00 0.000000000000000000e+00 1.082019561940886199e+01 4.260170999760829318e+02 7.397483774277796442e+01 0.000000000000000000e+00
0.000000000000000000e+00 0.000000000000000000e+00 0.000000000000000000e+00 4.541734569851042735e+00 -2.644772697853005283e+01 1.170549993948521816e+01 0.000000000000000000e+00
0.000000000000000000e+00 0.000000000000000000e+00 0.000000000000000000e+00 1.629774561195016513e+00 -1.018773648906781375e+02 2.121848090856430336e+00 0.000000000000000000e+00
0.000000000000000000e+00 0.000000000000000000e+00 0.000000000000000000e+00 7.562830023284913494e+00 1.604502316882051360e+01 1.291582001162382021e+01 0.000000000000000000e+00
0.000000000000000000e+00 0.000000000000000000e+00 0.000000000000000000e+00 6.908359810894145525e+00 4.651788530003786093e+01 -1.044799109941749116e+01 0.000000000000000000e+00
0.000000000000000000e+00 0.000000000000000000e+00 0.000000000000000000e+00 5.150239715505480653e+00 -2.038187339297221712e+01 -7.739004356882223767e+00 0.000000000000000000e+00
0.000000000000000000e+00 0.000000000000000000e+00 0.000000000000000000e+00 2.074179741915635944e+01 -6.649798319491050970e-03 1.140469349915732098e-03 0.000000000000000000e+00
0.000000000000000000e+00 0.000000000000000000e+00 0.000000000000000000e+00 6.061885000252678068e+00 2.877445528778796913e+01 1.359021543128357479e+01 0.000000000000000000e+00
0.000000000000000000e+00 0.000000000000000000e+00 0.000000000000000000e+00 4.817727456129474284e+00 -1.024955271892929005e+02 -2.713247905000671700e+00 0.000000000000000000e+00
0.000000000000000000e+00 0.000000000000000000e+00 0.000000000000000000e+00 1.446879605804771929e+00 -1.399536983114126656e+02 -8.190174253496415036e-01 0.000000000000000000e+00
0.000000000000000000e+00 0.000000000000000000e+00 0.000000000000000000e+00 1.028256018094632074e+00 2.291247232696626952e+02 -6.062114632676081527e+00 0.000000000000000000e+00
0.000000000000000000e+00 0.000000000000000000e+00 0.000000000000000000e+00 4.084835824399367432e+00 2.132797815177240182e+02 -8.715362496770890033e+00 0.000000000000000000e+00
0.000000000000000000e+00 0.000000000000000000e+00 0.000000000000000000e+00 2.399989721009945232e+00 8.200459683285649248e+01 -2.457786161023305826e+00 0.000000000000000000e+00
0.000000000000000000e+00 0.000000000000000000e+00 0.000000000000000000e+00 1.519939021011271585e+01 -3.669964140540114386e+02 -8.290703524192736040e+01 0.000000000000000000e+00
0.000000000000000000e+00 0.000000000000000000e+00 0.000000000000000000e+00 6.249110085000878279e+00 -8.823122983693616561e+01 8.318481080921264592e+00 0.000000000000000000e+00
0.000000000000000000e+00 0.000000000000000000e+00 0.000000000000000000e+00 6.551563448593276995e+00 -1.596768741197786881e+02 -4.881980075814374764e+00 0.000000000000000000e+00
0.000000000000000000e+00 0.000000000000000000e+00 0.000000000000000000e+00 1.984294260477810568e+01 -5.691136169246767927e-03 -1.787108133735678880e-02 0.000000000000000000e+00
0.000000000000000000e+00 0.000000000000000000e+00 0.000000000000000000e+00 7.303914803598881456e+00 1.953816074237822136e+02 1.659594432961300114e+01 0.000000000000000000e+00
0.000000000000000000e+00 0.000000000000000000e+00 0.000000000000000000e+00 8.945854759982180937e+00 5.809259831209428171e+01 -8.167962859383409935e+00 0.000000000000000000e+00
0.000000000000000000e+00 0.000000000000000000e+00 0.000000000000000000e+00 1.178021088397089500e+01 3.461281247211903747e+02 5.385167847634227911e+01 0.000000000000000000e+00
0.000000000000000000e+00 0.000000000000000000e+00 0.000000000000000000e+00 1.398406272383561166e+01 1.608514460765389629e+02 1.295254996064566200e+01 0.000000000000000000e+00
0.000000000000000000e+00 0.000000000000000000e+00 0.000000000000000000e+00 1.430871020661389359e+01 -9.072986836227428853e+01 3.376198653113667847e-01 0.000000000000000000e+00
0.000000000000000000e+00 0.000000000000000000e+00 0.000000000000000000e+00 2.746692121758623539e+00 -5.117846203968767327e+01 5.000720832274641481e+00 0.000000000000000000e+00
0.000000000000000000e+00 0.000000000000000000e+00 0.000000000000000000e+00 2.934134865856344643e+00 -1.404265287889210185e+02 9.992376686418610987e+00 0.000000000000000000e+00
0.000000000000000000e+00 0.000000000000000000e+00 0.000000000000000000e+00 1.010911196083232255e+01 -3.269259640424323834e+02 -4.060196973972128376e+01 0.000000000000000000e+00

Amplitudes vs time: t // theta_tt_old // theta_mt_old // alpha_cdt_old// theta_tt_opt // theta_mt_opt// alpha_cdt_opt  
0.000000000000000000e+00 6.172839506172839164e-03 9.938271604938271331e-01 0.000000000000000000e+00 1.443276241882916200e-01 7.697725935536003927e-01 0.000000000000000000e+00
1.000000000000000000e+00 1.851851851851851749e-02 9.814814814814815103e-01 0.000000000000000000e+00 3.767409991396240554e-01 7.593773958321603512e-01 0.000000000000000000e+00
2.000000000000000000e+00 3.086419753086419582e-02 9.691358024691357764e-01 0.000000000000000000e+00 5.212554497524979347e-01 7.547455683092152423e-01 0.000000000000000000e+00
3.000000000000000000e+00 4.320987654320987414e-02 9.567901234567901536e-01 0.000000000000000000e+00 6.063521954794587332e-01 7.526676300003438680e-01 0.000000000000000000e+00
4.000000000000000000e+00 5.555555555555555247e-02 9.444444444444444198e-01 0.000000000000000000e+00 6.606297119875201851e-01 7.486047284402068680e-01 0.000000000000000000e+00
5.000000000000000000e+00 6.790123456790123080e-02 9.320987654320987970e-01 0.000000000000000000e+00 6.984003402240468450e-01 7.425886516395112658e-01 0.000000000000000000e+00
6.000000000000000000e+00 8.024691358024690913e-02 9.197530864197530631e-01 0.000000000000000000e+00 7.246228934852737558e-01 7.367066134420610091e-01 0.000000000000000000e+00
7.000000000000000000e+00 9.259259259259258745e-02 9.074074074074074403e-01 0.000000000000000000e+00 7.418129466929348492e-01 7.321176860374669637e-01 0.000000000000000000e+00
8.000000000000000000e+00 1.049382716049382658e-01 8.950617283950617065e-01 0.000000000000000000e+00 7.527921851114950380e-01 7.284152999971420517e-01 0.000000000000000000e+00
9.000000000000000000e+00 1.172839506172839441e-01 8.827160493827160836e-01 0.000000000000000000e+00 7.601669035467683022e-01 7.246608817891113663e-01 0.000000000000000000e+00
1.000000000000000000e+01 1.296296296296296224e-01 8.703703703703703498e-01 0.000000000000000000e+00 7.653689746993428411e-01 7.203383406980248260e-01 0.000000000000000000e+00
1.100000000000000000e+01 1.419753086419753008e-01 8.580246913580247270e-01 0.000000000000000000e+00 7.688086395157577302e-01 7.152617277208928037e-01 0.000000000000000000e+00
1.200000000000000000e+01 1.543209876543209791e-01 8.456790123456789932e-01 0.000000000000000000e+00 7.708137722525192359e-01 7.088385688818734653e-01 0.000000000000000000e+00
1.300000000000000000e+01 1.666666666666666574e-01 8.333333333333333703e-01 0.000000000000000000e+00 7.722722732964366621e-01 6.998003526387659434e-01 0.000000000000000000e+00
1.400000000000000000e+01 1.790123456790123357e-01 8.209876543209876365e-01 0.000000000000000000e+00 7.744043721009521430e-01 6.870389112766295270e-01 0.000000000000000000e+00
1.500000000000000000e+01 1.913580246913580141e-01 8.086419753086420137e-01 0.000000000000000000e+00 7.779941199403247465e-01 6.710267359623569572e-01 0.000000000000000000e+00
1.600000000000000000e+01 2.037037037037036924e-01 7.962962962962962798e-01 0.000000000000000000e+00 7.828285846490740107e-01 6.545280557431940593e-01 0.000000000000000000e+00
1.700000000000000000e+01 2.160493827160493707e-01 7.839506172839506570e-01 0.000000000000000000e+00 7.878253282284169989e-01 6.416770777215812238e-01 0.000000000000000000e+00
1.800000000000000000e+01 2.283950617283950490e-01 7.716049382716049232e-01 0.000000000000000000e+00 7.917680802412776497e-01 6.357699101128517771e-01 0.000000000000000000e+00
1.900000000000000000e+01 2.407407407407407274e-01 7.592592592592593004e-01 0.000000000000000000e+00 7.941869905860793333e-01 6.372349855377226202e-01 0.000000000000000000e+00
2.000000000000000000e+01 2.530864197530864335e-01 7.469135802469135665e-01 0.000000000000000000e+00 7.958738021838392962e-01 6.432513157542451010e-01 0.000000000000000000e+00
2.100000000000000000e+01 2.654320987654321118e-01 7.345679012345678327e-01 0.000000000000000000e+00 7.987059946031919155e-01 6.493392158258926017e-01 0.000000000000000000e+00
2.200000000000000000e+01 2.777777777777777901e-01 7.222222222222222099e-01 0.000000000000000000e+00 8.047466458378231824e-01 6.518681079674746304e-01 0.000000000000000000e+00
2.300000000000000000e+01 2.901234567901234684e-01 7.098765432098765871e-01 0.000000000000000000e+00 8.149491965014368233e-01 6.498765582976853139e-01 0.000000000000000000e+00
2.400000000000000000e+01 3.024691358024691468e-01 6.975308641975308532e-01 0.000000000000000000e+00 8.281297592921172956e-01 6.452144324635834538e-01 0.000000000000000000e+00
2.500000000000000000e+01 3.148148148148148251e-01 6.851851851851851194e-01 0.000000000000000000e+00 8.409197338362328633e-01 6.412006563864786068e-01 0.000000000000000000e+00
2.600000000000000000e+01 3.271604938271605034e-01 6.728395061728394966e-01 0.000000000000000000e+00 8.489611265362013715e-01 6.408151219864363091e-01 0.000000000000000000e+00
2.700000000000000000e+01 3.395061728395061817e-01 6.604938271604938738e-01 0.000000000000000000e+00 8.488064177462348869e-01 6.454329893069363777e-01 0.000000000000000000e+00
2.800000000000000000e+01 3.518518518518518601e-01 6.481481481481481399e-01 0.000000000000000000e+00 8.393974924480580579e-01 6.545092812349346811e-01 0.000000000000000000e+00
2.900000000000000000e+01 3.641975308641975384e-01 6.358024691358024061e-01 0.000000000000000000e+00 8.221730929874992988e-01 6.660192964436160157e-01 0.000000000000000000e+00
3.000000000000000000e+01 3.765432098765432167e-01 6.234567901234567833e-01 0.000000000000000000e+00 7.997722213247020484e-01 6.772243922911378444e-01 0.000000000000000000e+00
3.100000000000000000e+01 3.888888888888888951e-01 6.111111111111111605e-01 0.000000000000000000e+00 7.742792490009776651e-01 6.854079549377408709e-01 0.000000000000000000e+00
3.200000000000000000e+01 4.012345679012345734e-01 5.987654320987654266e-01 0.000000000000000000e+00 7.462037955690657975e-01 6.883753937067046413e-01 0.000000000000000000e+00
3.300000000000000000e+01 4.135802469135802517e-01 5.864197530864196928e-01 0.000000000000000000e+00 7.147279057028722571e-01 6.846321099380575648e-01 0.000000000000000000e+00
3.400000000000000000e+01 4.259259259259259300e-01 5.740740740740740700e-01 0.000000000000000000e+00 6.787975485154708055e-01 6.733073651460154130e-01 0.000000000000000000e+00
3.500000000000000000e+01 4.382716049382716084e-01 5.617283950617284471e-01 0.000000000000000000e+00 6.382052862577493046e-01 6.540873963400974933e-01 0.000000000000000000e+00
3.600000000000000000e+01 4.506172839506172867e-01 5.493827160493827133e-01 0.000000000000000000e+00 5.941545095854929848e-01 6.274803034043224814e-01 0.000000000000000000e+00
3.700000000000000000e+01 4.629629629629629650e-01 5.370370370370369795e-01 0.000000000000000000e+00 5.493980565003984129e-01 5.954697007126065200e-01 0.000000000000000000e+00
3.800000000000000000e+01 4.753086419753086433e-01 5.246913580246913567e-01 0.000000000000000000e+00 5.082176476776872898e-01 5.621206437465767758e-01 0.000000000000000000e+00
3.900000000000000000e+01 4.876543209876543217e-01 5.123456790123457338e-01 0.000000000000000000e+00 4.761442767202431203e-01 5.333998696355973790e-01 0.000000000000000000e+00
4.000000000000000000e+01 5.000000000000000000e-01 5.000000000000000000e-01 0.000000000000000000e+00 4.589859681764766330e-01 5.157563224591232842e-01 0.000000000000000000e+00
4.100000000000000000e+01 5.123456790123457338e-01 4.876543209876542662e-01 0.000000000000000000e+00 4.610225361347408124e-01 5.138159459006055307e-01 0.000000000000000000e+00
4.200000000000000000e+01 5.246913580246913567e-01 4.753086419753086433e-01 0.000000000000000000e+00 4.830398885691062350e-01 5.283077777722463564e-01 0.000000000000000000e+00
4.300000000000000000e+01 5.370370370370370905e-01 4.629629629629629095e-01 0.000000000000000000e+00 5.214189327403252472e-01 5.554195729203021958e-01 0.000000000000000000e+00
4.400000000000000000e+01 5.493827160493827133e-01 4.506172839506172867e-01 0.000000000000000000e+00 5.690857333183624300e-01 5.880343570867170300e-01 0.000000000000000000e+00
4.500000000000000000e+01 5.617283950617284471e-01 4.382716049382715529e-01 0.000000000000000000e+00 6.179547837473748917e-01 6.182272632195131568e-01 0.000000000000000000e+00
4.600000000000000000e+01 5.740740740740740700e-01 4.259259259259259300e-01 0.000000000000000000e+00 6.615092668769647632e-01 6.397559404160231278e-01 0.000000000000000000e+00
4.700000000000000000e+01 5.864197530864198038e-01 4.135802469135801962e-01 0.000000000000000000e+00 6.961901643882579815e-01 6.494561454387964838e-01 0.000000000000000000e+00
4.800000000000000000e+01 5.987654320987654266e-01 4.012345679012345734e-01 0.000000000000000000e+00 7.212232585562999843e-01 6.472283175363069407e-01 0.000000000000000000e+00
4.900000000000000000e+01 6.111111111111111605e-01 3.888888888888888395e-01 0.000000000000000000e+00 7.375152967906648538e-01 6.350714248140462148e-01 0.000000000000000000e+00
5.000000000000000000e+01 6.234567901234567833e-01 3.765432098765432167e-01 0.000000000000000000e+00 7.465108036861015650e-01 6.159217713104312431e-01 0.000000000000000000e+00
5.100000000000000000e+01 6.358024691358025171e-01 3.641975308641974829e-01 0.000000000000000000e+00 7.494582416514328216e-01 5.928532508040605942e-01 0.000000000000000000e+00
5.200000000000000000e+01 6.481481481481481399e-01 3.518518518518518601e-01 0.000000000000000000e+00 7.470709179231891373e-01 5.687826733382332911e-01 0.000000000000000000e+00
5.300000000000000000e+01 6.604938271604938738e-01 3.395061728395061262e-01 0.000000000000000000e+00 7.395653965552696496e-01 5.464979127300337858e-01 0.000000000000000000e+00
5.400000000000000000e+01 6.728395061728394966e-01 3.271604938271605034e-01 0.000000000000000000e+00 7.272606390529361420e-01 5.286980614097139819e-01 0.000000000000000000e+00
5.500000000000000000e+01 6.851851851851852304e-01 3.148148148148147696e-01 0.000000000000000000e+00 7.117154981604589814e-01 5.177727950110735389e-01 0.000000000000000000e+00
5.600000000000000000e+01 6.975308641975308532e-01 3.024691358024691468e-01 0.000000000000000000e+00 6.966795485806382970e-01 5.152156979470576825e-01 0.000000000000000000e+00
5.700000000000000000e+01 7.098765432098765871e-01 2.901234567901234129e-01 0.000000000000000000e+00 6.876699326527915268e-01 5.208413559099955847e-01 0.000000000000000000e+00
5.800000000000000000e+01 7.222222222222222099e-01 2.777777777777777901e-01 0.000000000000000000e+00 6.896058851419863966e-01 5.322575374766957967e-01 0.000000000000000000e+00
5.900000000000000000e+01 7.345679012345679437e-01 2.654320987654320563e-01 0.000000000000000000e+00 7.035167937670849803e-01 5.451207292058697362e-01 0.000000000000000000e+00
6.000000000000000000e+01 7.469135802469135665e-01 2.530864197530864335e-01 0.000000000000000000e+00 7.246193024052404175e-01 5.544039982767122732e-01 0.000000000000000000e+00
6.100000000000000000e+01 7.592592592592593004e-01 2.407407407407406996e-01 0.000000000000000000e+00 7.436762565599137620e-01 5.563119659293007668e-01 0.000000000000000000e+00
6.200000000000000000e+01 7.716049382716049232e-01 2.283950617283950768e-01 0.000000000000000000e+00 7.514430305960680956e-01 5.499562680947640558e-01 0.000000000000000000e+00
6.300000000000000000e+01 7.839506172839506570e-01 2.160493827160493430e-01 0.000000000000000000e+00 7.436985658611461325e-01 5.378642341509430880e-01 0.000000000000000000e+00
6.400000000000000000e+01 7.962962962962962798e-01 2.037037037037037202e-01 0.000000000000000000e+00 7.237298098711982819e-01 5.249415762898743676e-01 0.000000000000000000e+00
6.500000000000000000e+01 8.086419753086420137e-01 1.913580246913579863e-01 0.000000000000000000e+00 7.007610020171233245e-01 5.163296026086467982e-01 0.000000000000000000e+00
6.600000000000000000e+01 8.209876543209876365e-01 1.790123456790123635e-01 0.000000000000000000e+00 6.854310208956401196e-01 5.151684750910777710e-01 0.000000000000000000e+00
6.700000000000000000e+01 8.333333333333333703e-01 1.666666666666666297e-01 0.000000000000000000e+00 6.850491632700774769e-01 5.212627461588154043e-01 0.000000000000000000e+00
6.800000000000000000e+01 8.456790123456789932e-01 1.543209876543210068e-01 0.000000000000000000e+00 7.010107549278297157e-01 5.311144082235975672e-01 0.000000000000000000e+00
6.900000000000000000e+01 8.580246913580247270e-01 1.419753086419752730e-01 0.000000000000000000e+00 7.290947274443296822e-01 5.391185603849497632e-01 0.000000000000000000e+00
7.000000000000000000e+01 8.703703703703703498e-01 1.296296296296296502e-01 0.000000000000000000e+00 7.618530284273932196e-01 5.392860327669224407e-01 0.000000000000000000e+00
7.100000000000000000e+01 8.827160493827160836e-01 1.172839506172839164e-01 0.000000000000000000e+00 7.917820518347769010e-01 5.268108601053320683e-01 0.000000000000000000e+00
7.200000000000000000e+01 8.950617283950617065e-01 1.049382716049382935e-01 0.000000000000000000e+00 8.141571696503058231e-01 4.990397787478906833e-01 0.000000000000000000e+00
7.300000000000000000e+01 9.074074074074074403e-01 9.259259259259255970e-02 0.000000000000000000e+00 8.286338863947627642e-01 4.557326877389663022e-01 0.000000000000000000e+00
7.400000000000000000e+01 9.197530864197530631e-01 8.024691358024693688e-02 0.000000000000000000e+00 8.388719858434119381e-01 3.987751414062715716e-01 0.000000000000000000e+00
7.500000000000000000e+01 9.320987654320987970e-01 6.790123456790120304e-02 0.000000000000000000e+00 8.500347015350546709e-01 3.316385353642488099e-01 0.000000000000000000e+00
7.600000000000000000e+01 9.444444444444444198e-01 5.555555555555558023e-02 0.000000000000000000e+00 8.652600245630385212e-01 2.588550349498539571e-01 0.000000000000000000e+00
7.700000000000000000e+01 9.567901234567901536e-01 4.320987654320984639e-02 0.000000000000000000e+00 8.832996513128549276e-01 1.856105986397026120e-01 0.000000000000000000e+00
7.800000000000000000e+01 9.691358024691357764e-01 3.086419753086422357e-02 0.000000000000000000e+00 8.992182453001811293e-01 1.173630545375844852e-01 0.000000000000000000e+00
7.900000000000000000e+01 9.814814814814815103e-01 1.851851851851848973e-02 0.000000000000000000e+00 9.080252914237791906e-01 5.930801844247846066e-02 0.000000000000000000e+00
8.000000000000000000e+01 9.938271604938271331e-01 6.172839506172866919e-03 0.000000000000000000e+00 9.087315525479187084e-01 1.562562727809744395e-02 0.000000000000000000e+00

Residual energy after optimization is 0.0004495689167535082 C0x=2.183139310084693 C0z=0.9072412924484443 C0xz=1.0
Optimization procedure took 1197.9636898040771 seconds