### PARAMETERS OF THE TIME EVOLUTION ### 
Total time tau = 30
Timestep dt = 1
P = tau/dt = 30
Number of Fourier coefficients Nc = 30

gamma(t) = t/T*(delta_t + \sum_i^Nc gamma_i*f_i(wi, t) 
beta(t) = (1-t/T)*(delta_t + \sum_i^Nc beta_i*f_i(wi, t)

CRAB coefficient   Cz_start// Cx_start// Cxz_start // pulses//  Cz_opt // Cx_opt // Cxz_opt  
0.000000000000000000e+00 0.000000000000000000e+00 0.000000000000000000e+00 9.368999093460725902e+00 2.470202314293107104e+00 -1.059586867398313731e-01 -5.397490930538745957e+00
0.000000000000000000e+00 0.000000000000000000e+00 0.000000000000000000e+00 7.986208728328152873e+00 1.208674775752606179e+00 2.015784289596107559e+00 -1.708051569483911081e+01
0.000000000000000000e+00 0.000000000000000000e+00 0.000000000000000000e+00 1.347277118463208856e+00 -2.156564999288183293e-01 -6.520051660693838569e-01 2.083772672495786793e+00
0.000000000000000000e+00 0.000000000000000000e+00 0.000000000000000000e+00 1.457369816124993456e+01 9.970887846634532772e-03 -9.972271051611617323e-03 7.069215050476198962e-03
0.000000000000000000e+00 0.000000000000000000e+00 0.000000000000000000e+00 5.398141892538655284e+00 -1.011210288195240503e+00 -1.568959244651138007e+00 1.356349626926432350e+01
0.000000000000000000e+00 0.000000000000000000e+00 0.000000000000000000e+00 5.425852993502386035e+00 -1.247456913021340430e+00 -1.842454774830475595e+00 1.623097133669353553e+01
0.000000000000000000e+00 0.000000000000000000e+00 0.000000000000000000e+00 2.703141537294946772e+01 2.442796382711746390e-05 -2.690189149246239691e-05 -1.461638700452703768e-05
0.000000000000000000e+00 0.000000000000000000e+00 0.000000000000000000e+00 1.170141696668563469e+01 3.099595664747929913e+00 -2.448159280379611502e+00 1.324712460800629188e+01
0.000000000000000000e+00 0.000000000000000000e+00 0.000000000000000000e+00 7.006342331208537999e+00 1.721069778811877615e+00 -1.099152538371170218e+00 9.077400474351394744e-01
0.000000000000000000e+00 0.000000000000000000e+00 0.000000000000000000e+00 3.271835844018700978e+00 9.784145462662127146e-01 1.873498590866210067e+00 -1.638835846398570339e+01
0.000000000000000000e+00 0.000000000000000000e+00 0.000000000000000000e+00 8.388688520005267435e+00 4.269049622432011581e+00 -2.220929268743301765e+00 4.087333556221489417e+00
0.000000000000000000e+00 0.000000000000000000e+00 0.000000000000000000e+00 1.314798017480953085e+01 8.688050934680077164e-01 -3.184281934055233076e-01 9.092039737409842726e-01
0.000000000000000000e+00 0.000000000000000000e+00 0.000000000000000000e+00 8.912674145058508302e+00 -2.997192589452330580e+00 9.667113549756894963e-01 3.717785960064018402e-01
0.000000000000000000e+00 0.000000000000000000e+00 0.000000000000000000e+00 8.455885223238885917e-01 -5.234226600356242098e-01 -9.427035465387790802e-01 4.572619976637774641e+00
0.000000000000000000e+00 0.000000000000000000e+00 0.000000000000000000e+00 4.360649207117703874e+00 -4.197570421702824517e-02 -2.445790749409408257e-02 -6.394103777506551234e-01
0.000000000000000000e+00 0.000000000000000000e+00 0.000000000000000000e+00 1.275323899393699723e+00 2.732282813658354903e-01 5.608928697745163561e-01 -7.517979166435056371e+00
0.000000000000000000e+00 0.000000000000000000e+00 0.000000000000000000e+00 5.953514703007255271e+00 -7.057063578839077866e-01 -1.433095312455957004e-01 3.645340881600545480e+00
0.000000000000000000e+00 0.000000000000000000e+00 0.000000000000000000e+00 3.605456233882430084e+00 2.201414804042397533e-01 6.425976441007319462e-01 -4.026223099438166031e+00
0.000000000000000000e+00 0.000000000000000000e+00 0.000000000000000000e+00 1.191526352935849253e+01 -2.459913111770853256e+00 1.573064298471916533e+00 -7.856731356697985724e+00
0.000000000000000000e+00 0.000000000000000000e+00 0.000000000000000000e+00 6.087037163981934285e+00 1.025294802787523718e+00 1.773824786183408220e+00 -1.487514809176372488e+01
0.000000000000000000e+00 0.000000000000000000e+00 0.000000000000000000e+00 3.929307709465578391e+00 -1.429155787911984277e+00 -2.390406177699329504e+00 2.132873414169093707e+01
0.000000000000000000e+00 0.000000000000000000e+00 0.000000000000000000e+00 3.253412491133642614e+00 9.139824276056451868e-01 1.722506026115013800e+00 -1.532041055221623971e+01
0.000000000000000000e+00 0.000000000000000000e+00 0.000000000000000000e+00 8.859272167632065376e+00 -2.321761370422548598e+00 -1.414997553444566070e-01 6.516035020347754170e+00
0.000000000000000000e+00 0.000000000000000000e+00 0.000000000000000000e+00 1.098268518891282497e+01 9.913229220618213766e-02 -6.432933012604741485e+00 4.816698886137738356e+01
0.000000000000000000e+00 0.000000000000000000e+00 0.000000000000000000e+00 3.002037411296675895e+00 -1.343034885346871654e+00 -3.278350118378583478e+00 2.303039636207913787e+01
0.000000000000000000e+00 0.000000000000000000e+00 0.000000000000000000e+00 1.328883629136496580e+01 -6.948982480547966079e-01 2.344005629462261320e-01 -6.590594937433821299e-01
0.000000000000000000e+00 0.000000000000000000e+00 0.000000000000000000e+00 5.030040305292623692e+00 2.208201749331293318e+00 2.954764538790197292e+00 -2.814879556008278172e+01
0.000000000000000000e+00 0.000000000000000000e+00 0.000000000000000000e+00 7.592700142895142612e+00 -3.983780938850130404e+00 -1.781124563773915093e-01 1.220772764586675940e+01
0.000000000000000000e+00 0.000000000000000000e+00 0.000000000000000000e+00 5.280346269263077374e+00 9.996974153438115129e-02 -1.627579612486518834e-01 2.306580951217261088e-01
0.000000000000000000e+00 0.000000000000000000e+00 0.000000000000000000e+00 1.105146321923342612e+01 -1.182522708459194050e+00 7.252892273652450150e+00 -5.272240367256799942e+01

Amplitudes vs time: t // theta_tt_old // theta_mt_old // alpha_cdt_old// theta_tt_opt // theta_mt_opt// alpha_cdt_opt  
0.000000000000000000e+00 1.666666666666666644e-02 9.833333333333332815e-01 0.000000000000000000e+00 -1.262573404415795290e-02 9.024153787653111936e-01 1.730754056190564327e-01
1.000000000000000000e+00 5.000000000000000278e-02 9.499999999999999556e-01 0.000000000000000000e+00 5.334890190049735442e-02 6.983850225577644677e-01 3.565662439418844087e-01
2.000000000000000000e+00 8.333333333333332871e-02 9.166666666666666297e-01 0.000000000000000000e+00 1.368779628343960164e-01 5.338940409800225773e-01 3.659595137172715340e-01
3.000000000000000000e+00 1.166666666666666685e-01 8.833333333333333037e-01 0.000000000000000000e+00 1.825009310522087702e-01 4.179001196354093506e-01 3.773024848568766743e-01
4.000000000000000000e+00 1.499999999999999944e-01 8.499999999999999778e-01 0.000000000000000000e+00 2.030211753949192066e-01 3.342574240388690998e-01 3.857895318063278012e-01
5.000000000000000000e+00 1.833333333333333204e-01 8.166666666666666519e-01 0.000000000000000000e+00 2.163640160552779412e-01 2.765533666281062009e-01 3.904550467807688108e-01
6.000000000000000000e+00 2.166666666666666741e-01 7.833333333333333259e-01 0.000000000000000000e+00 2.320004253554420193e-01 2.401608919773301765e-01 3.921468853025231738e-01
7.000000000000000000e+00 2.500000000000000000e-01 7.500000000000000000e-01 0.000000000000000000e+00 2.558667862815308114e-01 2.187984879193408116e-01 3.920253878773891643e-01
8.000000000000000000e+00 2.833333333333333259e-01 7.166666666666666741e-01 0.000000000000000000e+00 2.916972016465076423e-01 2.074658874663918851e-01 3.902676691007869181e-01
9.000000000000000000e+00 3.166666666666666519e-01 6.833333333333333481e-01 0.000000000000000000e+00 3.475161717696918506e-01 2.051895450089220030e-01 3.851431111306915511e-01
1.000000000000000000e+01 3.499999999999999778e-01 6.500000000000000222e-01 0.000000000000000000e+00 4.293532016651759875e-01 2.137494128264410265e-01 3.771633671111196406e-01
1.100000000000000000e+01 3.833333333333333592e-01 6.166666666666666963e-01 0.000000000000000000e+00 5.192522610772777325e-01 2.324406389778360393e-01 3.706835561669041823e-01
1.200000000000000000e+01 4.166666666666666852e-01 5.833333333333332593e-01 0.000000000000000000e+00 5.812630078129754629e-01 2.536676751091934134e-01 3.690167265553601084e-01
1.300000000000000000e+01 4.500000000000000111e-01 5.500000000000000444e-01 0.000000000000000000e+00 6.013187118544786047e-01 2.687592948317443220e-01 3.721569260596027107e-01
1.400000000000000000e+01 4.833333333333333370e-01 5.166666666666666075e-01 0.000000000000000000e+00 6.035754963386598115e-01 2.743590687673739259e-01 3.777906792538772152e-01
1.500000000000000000e+01 5.166666666666667185e-01 4.833333333333332815e-01 0.000000000000000000e+00 6.167840381842161213e-01 2.722599171681904795e-01 3.838553960903894335e-01
1.600000000000000000e+01 5.500000000000000444e-01 4.499999999999999556e-01 0.000000000000000000e+00 6.444981769756059631e-01 2.671335193743678560e-01 3.887140526709558230e-01
1.700000000000000000e+01 5.833333333333333703e-01 4.166666666666666297e-01 0.000000000000000000e+00 6.787235821172952210e-01 2.661415493872514859e-01 3.888715078142510606e-01
1.800000000000000000e+01 6.166666666666666963e-01 3.833333333333333037e-01 0.000000000000000000e+00 7.220695000880648085e-01 2.735707173646202417e-01 3.792370463675212022e-01
1.900000000000000000e+01 6.500000000000000222e-01 3.499999999999999778e-01 0.000000000000000000e+00 7.795978365162371526e-01 2.830419125905674904e-01 3.590627053029047389e-01
2.000000000000000000e+01 6.833333333333333481e-01 3.166666666666666519e-01 0.000000000000000000e+00 8.402105070619823035e-01 2.819977551847825392e-01 3.358054672648975725e-01
2.100000000000000000e+01 7.166666666666666741e-01 2.833333333333333259e-01 0.000000000000000000e+00 8.841051472694971824e-01 2.644829386872593613e-01 3.154729352796223907e-01
2.200000000000000000e+01 7.500000000000000000e-01 2.500000000000000000e-01 0.000000000000000000e+00 9.042955064366775542e-01 2.350387516894716089e-01 2.920464392972696999e-01
2.300000000000000000e+01 7.833333333333333259e-01 2.166666666666666741e-01 0.000000000000000000e+00 9.130659152197082573e-01 2.014266347970813387e-01 2.535236972760905871e-01
2.400000000000000000e+01 8.166666666666666519e-01 1.833333333333333481e-01 0.000000000000000000e+00 9.278275369748261170e-01 1.710352524904414917e-01 1.996182200826694952e-01
2.500000000000000000e+01 8.499999999999999778e-01 1.500000000000000222e-01 0.000000000000000000e+00 9.558729022106795536e-01 1.488114130628996334e-01 1.440369320931935704e-01
2.600000000000000000e+01 8.833333333333333037e-01 1.166666666666666963e-01 0.000000000000000000e+00 9.873129486326857052e-01 1.290465973403500388e-01 9.902681224558307349e-02
2.700000000000000000e+01 9.166666666666666297e-01 8.333333333333337034e-02 0.000000000000000000e+00 9.981433298011426203e-01 9.569630214583604855e-02 6.516352740686315315e-02
2.800000000000000000e+01 9.499999999999999556e-01 5.000000000000004441e-02 0.000000000000000000e+00 9.642612512926468371e-01 4.540272963521981703e-02 3.720662266680641039e-02
2.900000000000000000e+01 9.833333333333332815e-01 1.666666666666671848e-02 0.000000000000000000e+00 8.800288709710640811e-01 5.008118840188842749e-03 1.207570753601050484e-02

Residual energy after optimization is 0.0008848141955126694 C0x=-0.08953751822948207 C0z=0.8251937531248852 C0xz=1.0
Optimization procedure took 756.6995902061462 seconds