### PARAMETERS OF THE TIME EVOLUTION ### 
Total time tau = 36
Timestep dt = 1
P = tau/dt = 36
Number of Fourier coefficients Nc = 36

gamma(t) = t/T*(delta_t + \sum_i^Nc gamma_i*f_i(wi, t) 
beta(t) = (1-t/T)*(delta_t + \sum_i^Nc beta_i*f_i(wi, t)

CRAB coefficient   Cz_start// Cx_start// Cxz_start // pulses//  Cz_opt // Cx_opt // Cxz_opt  
0.000000000000000000e+00 0.000000000000000000e+00 0.000000000000000000e+00 1.422107887743084387e+00 -8.322822699804839885e+01 2.437166828709602839e+01 0.000000000000000000e+00
0.000000000000000000e+00 0.000000000000000000e+00 0.000000000000000000e+00 8.435693441491032729e+00 3.029417642671475051e+02 -3.850985668090834224e+01 0.000000000000000000e+00
0.000000000000000000e+00 0.000000000000000000e+00 0.000000000000000000e+00 6.533100286421258396e+00 4.250607553397566107e+02 -1.093062679613501444e+02 0.000000000000000000e+00
0.000000000000000000e+00 0.000000000000000000e+00 0.000000000000000000e+00 2.874183295392658710e+00 -1.218101038745343772e+02 3.447858475534879830e+01 0.000000000000000000e+00
0.000000000000000000e+00 0.000000000000000000e+00 0.000000000000000000e+00 2.140497442198279643e+00 1.183732635666534634e+02 -3.531148544358304520e+01 0.000000000000000000e+00
0.000000000000000000e+00 0.000000000000000000e+00 0.000000000000000000e+00 5.632604717083568246e+00 -1.738404361407024226e+02 2.744214563038163490e+01 0.000000000000000000e+00
0.000000000000000000e+00 0.000000000000000000e+00 0.000000000000000000e+00 1.511087812591008550e+01 3.797312811182994574e-01 1.013590990636511757e-01 0.000000000000000000e+00
0.000000000000000000e+00 0.000000000000000000e+00 0.000000000000000000e+00 1.229622245626276866e+00 2.005047731269400515e+02 -5.929400465216858862e+01 0.000000000000000000e+00
0.000000000000000000e+00 0.000000000000000000e+00 0.000000000000000000e+00 1.695571621587504296e+01 -1.824858285471498559e-02 1.747838328700161009e-02 0.000000000000000000e+00
0.000000000000000000e+00 0.000000000000000000e+00 0.000000000000000000e+00 1.378992660166799666e+01 -9.892545594963623179e-01 9.977307198751664274e-02 0.000000000000000000e+00
0.000000000000000000e+00 0.000000000000000000e+00 0.000000000000000000e+00 6.747637946975653556e+00 -2.856705984740104896e+02 6.753696645940863164e+01 0.000000000000000000e+00
0.000000000000000000e+00 0.000000000000000000e+00 0.000000000000000000e+00 1.844579851958959349e+00 -5.110168900003910153e+01 1.785947461689272941e+01 0.000000000000000000e+00
0.000000000000000000e+00 0.000000000000000000e+00 0.000000000000000000e+00 1.217212517500189328e+01 3.175546358380750278e-01 3.904379302757804426e-02 0.000000000000000000e+00
0.000000000000000000e+00 0.000000000000000000e+00 0.000000000000000000e+00 8.483031617017315895e+00 -3.024638277481037676e+02 3.765440699590349993e+01 0.000000000000000000e+00
0.000000000000000000e+00 0.000000000000000000e+00 0.000000000000000000e+00 3.174012515300526083e+00 -1.262915411372514107e+01 9.697837600753219434e+00 0.000000000000000000e+00
0.000000000000000000e+00 0.000000000000000000e+00 0.000000000000000000e+00 3.067051264682355782e+00 -7.973828960878522309e+01 2.736042130445275333e+01 0.000000000000000000e+00
0.000000000000000000e+00 0.000000000000000000e+00 0.000000000000000000e+00 4.342190972069325028e+00 -1.904153403620717881e+02 4.203507198238452958e+01 0.000000000000000000e+00
0.000000000000000000e+00 0.000000000000000000e+00 0.000000000000000000e+00 4.961784950953175510e+00 7.541364313626489491e+01 -1.138159605398059426e+01 0.000000000000000000e+00
0.000000000000000000e+00 0.000000000000000000e+00 0.000000000000000000e+00 1.451968345210420352e+01 -5.644974729494209420e+00 -1.005622639817553843e-01 0.000000000000000000e+00
0.000000000000000000e+00 0.000000000000000000e+00 0.000000000000000000e+00 6.046441406216521486e+00 -1.461180470041391857e+02 5.631571775947277558e+01 0.000000000000000000e+00
0.000000000000000000e+00 0.000000000000000000e+00 0.000000000000000000e+00 2.001705622437088827e+00 5.543037071211574585e+01 -1.458012917610484926e+01 0.000000000000000000e+00
0.000000000000000000e+00 0.000000000000000000e+00 0.000000000000000000e+00 4.703294712745571537e+00 -1.481063729953224311e+02 5.137814212129304536e+01 0.000000000000000000e+00
0.000000000000000000e+00 0.000000000000000000e+00 0.000000000000000000e+00 2.715422696510279454e+00 -7.674031799277187815e+01 1.764337086895771733e+01 0.000000000000000000e+00
0.000000000000000000e+00 0.000000000000000000e+00 0.000000000000000000e+00 1.371588011576854615e+00 -2.886229286239354508e+01 8.095764970404280447e+00 0.000000000000000000e+00
0.000000000000000000e+00 0.000000000000000000e+00 0.000000000000000000e+00 2.192873169330960081e+01 2.555178800748192976e-03 -4.069992513649234073e-04 0.000000000000000000e+00
0.000000000000000000e+00 0.000000000000000000e+00 0.000000000000000000e+00 1.510348753516667530e+00 -1.426077906599579421e+02 4.258546593222146726e+01 0.000000000000000000e+00
0.000000000000000000e+00 0.000000000000000000e+00 0.000000000000000000e+00 1.440601557215149597e+01 6.099168151114003678e+00 3.128696647096931849e-02 0.000000000000000000e+00
0.000000000000000000e+00 0.000000000000000000e+00 0.000000000000000000e+00 1.104265304257259750e+01 -5.157291490966040559e-01 1.065675647343817395e-01 0.000000000000000000e+00
0.000000000000000000e+00 0.000000000000000000e+00 0.000000000000000000e+00 1.794169463863574121e+00 -8.482896259185019971e+01 2.777177720379717130e+01 0.000000000000000000e+00
0.000000000000000000e+00 0.000000000000000000e+00 0.000000000000000000e+00 3.125129622877104829e+00 -4.643830041395643349e+01 1.883126406427555821e+01 0.000000000000000000e+00
0.000000000000000000e+00 0.000000000000000000e+00 0.000000000000000000e+00 5.226515450737960755e+00 1.675727456856704123e+02 -5.395583094822994497e+01 0.000000000000000000e+00
0.000000000000000000e+00 0.000000000000000000e+00 0.000000000000000000e+00 9.094106769098527110e+00 1.101055978656026113e+01 -8.280861306366744667e-01 0.000000000000000000e+00
0.000000000000000000e+00 0.000000000000000000e+00 0.000000000000000000e+00 3.642414827116918996e+00 2.972823011901731434e+02 -9.110540322749315578e+01 0.000000000000000000e+00
0.000000000000000000e+00 0.000000000000000000e+00 0.000000000000000000e+00 2.459832640154653749e+00 6.652390724587816351e+01 -2.544273741934571120e+01 0.000000000000000000e+00
0.000000000000000000e+00 0.000000000000000000e+00 0.000000000000000000e+00 5.041196361373994961e+00 1.300209711321690236e+02 -3.046006205585667814e+01 0.000000000000000000e+00
0.000000000000000000e+00 0.000000000000000000e+00 0.000000000000000000e+00 2.234204102003827686e+00 1.317528166367695519e+02 -4.107873666649222599e+01 0.000000000000000000e+00

Amplitudes vs time: t // theta_tt_old // theta_mt_old // alpha_cdt_old// theta_tt_opt // theta_mt_opt// alpha_cdt_opt  
0.000000000000000000e+00 1.388888888888888812e-02 9.861111111111111605e-01 0.000000000000000000e+00 -1.169349601034442437e-01 7.764534403531180295e-01 0.000000000000000000e+00
1.000000000000000000e+00 4.166666666666666435e-02 9.583333333333333703e-01 0.000000000000000000e+00 -1.487038531708886890e-01 7.437644958703937270e-01 0.000000000000000000e+00
2.000000000000000000e+00 6.944444444444444753e-02 9.305555555555555802e-01 0.000000000000000000e+00 1.346097500267220970e-01 7.884468676183580271e-01 0.000000000000000000e+00
3.000000000000000000e+00 9.722222222222222376e-02 9.027777777777777901e-01 0.000000000000000000e+00 4.696676799638360156e-01 7.764576119053350212e-01 0.000000000000000000e+00
4.000000000000000000e+00 1.250000000000000000e-01 8.750000000000000000e-01 0.000000000000000000e+00 6.567462541870741077e-01 7.517135718181910953e-01 0.000000000000000000e+00
5.000000000000000000e+00 1.527777777777777901e-01 8.472222222222222099e-01 0.000000000000000000e+00 7.245682484665438849e-01 7.285443748800297659e-01 0.000000000000000000e+00
6.000000000000000000e+00 1.805555555555555525e-01 8.194444444444444198e-01 0.000000000000000000e+00 7.630881360137605762e-01 7.192187317527967139e-01 0.000000000000000000e+00
7.000000000000000000e+00 2.083333333333333426e-01 7.916666666666666297e-01 0.000000000000000000e+00 7.929188848156396574e-01 7.272555530425828252e-01 0.000000000000000000e+00
8.000000000000000000e+00 2.361111111111111049e-01 7.638888888888888395e-01 0.000000000000000000e+00 8.087312915293533022e-01 7.263522845537802031e-01 0.000000000000000000e+00
9.000000000000000000e+00 2.638888888888888951e-01 7.361111111111111605e-01 0.000000000000000000e+00 8.308066000109861626e-01 6.944202063413544845e-01 0.000000000000000000e+00
1.000000000000000000e+01 2.916666666666666852e-01 7.083333333333332593e-01 0.000000000000000000e+00 8.685103931720592474e-01 6.502644551550622598e-01 0.000000000000000000e+00
1.100000000000000000e+01 3.194444444444444198e-01 6.805555555555555802e-01 0.000000000000000000e+00 8.955179797587169421e-01 6.295898081217177200e-01 0.000000000000000000e+00
1.200000000000000000e+01 3.472222222222222099e-01 6.527777777777777901e-01 0.000000000000000000e+00 8.883576667343074940e-01 6.413045447107859065e-01 0.000000000000000000e+00
1.300000000000000000e+01 3.750000000000000000e-01 6.250000000000000000e-01 0.000000000000000000e+00 8.500247122291627599e-01 6.652976781778261461e-01 0.000000000000000000e+00
1.400000000000000000e+01 4.027777777777777901e-01 5.972222222222222099e-01 0.000000000000000000e+00 7.936267647519446022e-01 6.790802704276135415e-01 0.000000000000000000e+00
1.500000000000000000e+01 4.305555555555555802e-01 5.694444444444444198e-01 0.000000000000000000e+00 7.313919892043801996e-01 6.751457491364445396e-01 0.000000000000000000e+00
1.600000000000000000e+01 4.583333333333333148e-01 5.416666666666667407e-01 0.000000000000000000e+00 6.689931889293166956e-01 6.604557280804859154e-01 0.000000000000000000e+00
1.700000000000000000e+01 4.861111111111111049e-01 5.138888888888888395e-01 0.000000000000000000e+00 6.022418091333554546e-01 6.442096699072066279e-01 0.000000000000000000e+00
1.800000000000000000e+01 5.138888888888888395e-01 4.861111111111111605e-01 0.000000000000000000e+00 5.380290142013953725e-01 6.282436319217965526e-01 0.000000000000000000e+00
1.900000000000000000e+01 5.416666666666666297e-01 4.583333333333333703e-01 0.000000000000000000e+00 5.075130202416655578e-01 6.146106896482346205e-01 0.000000000000000000e+00
2.000000000000000000e+01 5.694444444444444198e-01 4.305555555555555802e-01 0.000000000000000000e+00 5.384083272307885748e-01 6.135965349849797912e-01 0.000000000000000000e+00
2.100000000000000000e+01 5.972222222222222099e-01 4.027777777777777901e-01 0.000000000000000000e+00 6.271989620171941615e-01 6.281571983911838908e-01 0.000000000000000000e+00
2.200000000000000000e+01 6.250000000000000000e-01 3.750000000000000000e-01 0.000000000000000000e+00 7.407849506248156413e-01 6.381213811162655958e-01 0.000000000000000000e+00
2.300000000000000000e+01 6.527777777777777901e-01 3.472222222222222099e-01 0.000000000000000000e+00 8.361470940364297277e-01 6.201845783654438282e-01 0.000000000000000000e+00
2.400000000000000000e+01 6.805555555555555802e-01 3.194444444444444198e-01 0.000000000000000000e+00 8.937590478383313775e-01 5.803565347379021633e-01 0.000000000000000000e+00
2.500000000000000000e+01 7.083333333333333703e-01 2.916666666666666297e-01 0.000000000000000000e+00 9.293399676033108348e-01 5.466121752511710064e-01 0.000000000000000000e+00
2.600000000000000000e+01 7.361111111111111605e-01 2.638888888888888395e-01 0.000000000000000000e+00 9.579945961444298330e-01 5.286867382089599499e-01 0.000000000000000000e+00
2.700000000000000000e+01 7.638888888888888395e-01 2.361111111111111605e-01 0.000000000000000000e+00 9.772995129271514481e-01 5.064288663107169297e-01 0.000000000000000000e+00
2.800000000000000000e+01 7.916666666666666297e-01 2.083333333333333703e-01 0.000000000000000000e+00 9.918658284169159511e-01 4.647887141611614092e-01 0.000000000000000000e+00
2.900000000000000000e+01 8.194444444444444198e-01 1.805555555555555802e-01 0.000000000000000000e+00 1.003156656977878924e+00 4.160935154901563848e-01 0.000000000000000000e+00
3.000000000000000000e+01 8.472222222222222099e-01 1.527777777777777901e-01 0.000000000000000000e+00 9.924226167143288535e-01 3.715435903043723398e-01 0.000000000000000000e+00
3.100000000000000000e+01 8.750000000000000000e-01 1.250000000000000000e-01 0.000000000000000000e+00 9.708435758034362761e-01 3.159724634049740355e-01 0.000000000000000000e+00
3.200000000000000000e+01 9.027777777777777901e-01 9.722222222222220989e-02 0.000000000000000000e+00 9.934977360810541835e-01 2.366667059421802277e-01 0.000000000000000000e+00
3.300000000000000000e+01 9.305555555555555802e-01 6.944444444444441977e-02 0.000000000000000000e+00 1.064960239543834009e+00 1.546277720615754636e-01 0.000000000000000000e+00
3.400000000000000000e+01 9.583333333333333703e-01 4.166666666666662966e-02 0.000000000000000000e+00 1.100931119928819202e+00 9.434457523382466793e-02 0.000000000000000000e+00
3.500000000000000000e+01 9.861111111111111605e-01 1.388888888888883955e-02 0.000000000000000000e+00 1.034161315696285000e+00 3.875536412618227344e-02 0.000000000000000000e+00

Residual energy after optimization is 0.0013520665391785138 C0x=3.180597857282597 C0z=0.9713457667116042 C0xz=1.0
Optimization procedure took 123.33156490325928 seconds