### PARAMETERS OF THE TIME EVOLUTION ### 
Total time tau = 72
Timestep dt = 1
P = tau/dt = 72
Number of Fourier coefficients Nc = 72

gamma(t) = t/T*(delta_t + \sum_i^Nc gamma_i*f_i(wi, t) 
beta(t) = (1-t/T)*(delta_t + \sum_i^Nc beta_i*f_i(wi, t)

CRAB coefficient   Cz_start// Cx_start// Cxz_start // pulses//  Cz_opt // Cx_opt // Cxz_opt  
0.000000000000000000e+00 0.000000000000000000e+00 0.000000000000000000e+00 5.809549436356000740e+00 4.290509858022735490e-02 -8.885790824295265733e-02 0.000000000000000000e+00
0.000000000000000000e+00 0.000000000000000000e+00 0.000000000000000000e+00 5.498654157579792034e+00 -1.029410395125786607e-03 1.357250347921960072e-03 0.000000000000000000e+00
0.000000000000000000e+00 0.000000000000000000e+00 0.000000000000000000e+00 3.394488735964749093e+00 -1.791213437797607444e-01 4.625615413396171050e-02 0.000000000000000000e+00
0.000000000000000000e+00 0.000000000000000000e+00 0.000000000000000000e+00 9.622357868017221705e+00 1.380459541016826608e-01 -1.500172017380279055e-01 0.000000000000000000e+00
0.000000000000000000e+00 0.000000000000000000e+00 0.000000000000000000e+00 1.038717950120865474e+01 -9.795735975667360651e-02 1.355276866212704878e-01 0.000000000000000000e+00
0.000000000000000000e+00 0.000000000000000000e+00 0.000000000000000000e+00 1.300287320680935821e+01 9.669551565786602132e-02 -3.234820415111489544e-01 0.000000000000000000e+00
0.000000000000000000e+00 0.000000000000000000e+00 0.000000000000000000e+00 2.106648793348455229e+00 1.200619080907618375e-01 -4.787572180334619121e-02 0.000000000000000000e+00
0.000000000000000000e+00 0.000000000000000000e+00 0.000000000000000000e+00 3.524447533566333668e+00 -1.623569467816334821e-01 3.045200628289957551e-02 0.000000000000000000e+00
0.000000000000000000e+00 0.000000000000000000e+00 0.000000000000000000e+00 5.385318947445654203e+00 -1.415466159163350154e-02 3.696871373778078812e-02 0.000000000000000000e+00
0.000000000000000000e+00 0.000000000000000000e+00 0.000000000000000000e+00 1.328494804116189032e+00 -1.174461204342442389e-01 -3.666907925899805937e-02 0.000000000000000000e+00
0.000000000000000000e+00 0.000000000000000000e+00 0.000000000000000000e+00 1.184317722337137502e+00 -1.483965600883504488e-01 -8.875101406119294267e-02 0.000000000000000000e+00
0.000000000000000000e+00 0.000000000000000000e+00 0.000000000000000000e+00 1.006983315605796214e+01 2.631719670709716657e-02 7.631077852741240466e-03 0.000000000000000000e+00
0.000000000000000000e+00 0.000000000000000000e+00 0.000000000000000000e+00 6.559755545789147213e+00 -1.727558221580113504e-02 4.906341079933854155e-02 0.000000000000000000e+00
0.000000000000000000e+00 0.000000000000000000e+00 0.000000000000000000e+00 4.803658953576123380e+00 1.402202815472506151e-02 6.208419256304482242e-02 0.000000000000000000e+00
0.000000000000000000e+00 0.000000000000000000e+00 0.000000000000000000e+00 9.950169311770373781e-01 -1.654330733647753626e-01 -1.677316701697936785e-01 0.000000000000000000e+00
0.000000000000000000e+00 0.000000000000000000e+00 0.000000000000000000e+00 3.684057856278481147e+00 -1.223055819457164461e-01 7.971834525526108514e-06 0.000000000000000000e+00
0.000000000000000000e+00 0.000000000000000000e+00 0.000000000000000000e+00 1.634612156115608839e+00 -1.403444137483898443e-02 1.344273233552577794e-02 0.000000000000000000e+00
0.000000000000000000e+00 0.000000000000000000e+00 0.000000000000000000e+00 1.547680097909733599e+00 -4.657139518922268767e-02 8.815684023338449943e-03 0.000000000000000000e+00
0.000000000000000000e+00 0.000000000000000000e+00 0.000000000000000000e+00 1.503855706928506919e+01 -3.843669551361558745e-01 8.588326291960395320e-01 0.000000000000000000e+00
0.000000000000000000e+00 0.000000000000000000e+00 0.000000000000000000e+00 4.640373457158294634e+00 3.658978752590485994e-02 2.186608030070174777e-02 0.000000000000000000e+00
0.000000000000000000e+00 0.000000000000000000e+00 0.000000000000000000e+00 5.119677417336649938e-01 -1.109053899816864891e-01 -2.539577815193046484e-01 0.000000000000000000e+00
0.000000000000000000e+00 0.000000000000000000e+00 0.000000000000000000e+00 4.651869330660355573e+00 3.520061110406817045e-02 2.493827124626715047e-02 0.000000000000000000e+00
0.000000000000000000e+00 0.000000000000000000e+00 0.000000000000000000e+00 1.008166673755337506e+01 2.081299107847769253e-02 1.429016080957676120e-02 0.000000000000000000e+00
0.000000000000000000e+00 0.000000000000000000e+00 0.000000000000000000e+00 3.177411491374520836e+00 -1.666819165519872747e-01 4.561918868008409123e-02 0.000000000000000000e+00
0.000000000000000000e+00 0.000000000000000000e+00 0.000000000000000000e+00 2.556785010832765437e+00 5.631987525978152803e-02 -6.486632526859316406e-02 0.000000000000000000e+00
0.000000000000000000e+00 0.000000000000000000e+00 0.000000000000000000e+00 5.330137368429252120e+00 -1.864221770761610025e-02 5.217560560954147969e-02 0.000000000000000000e+00
0.000000000000000000e+00 0.000000000000000000e+00 0.000000000000000000e+00 8.399357509902088736e+00 -6.561403111017684309e-02 5.322134998786023918e-02 0.000000000000000000e+00
0.000000000000000000e+00 0.000000000000000000e+00 0.000000000000000000e+00 1.399456104726339412e+01 -1.484814773170363422e-01 3.549802747292288285e-01 0.000000000000000000e+00
0.000000000000000000e+00 0.000000000000000000e+00 0.000000000000000000e+00 4.364551153517167492e+00 4.886588521425688086e-02 -4.465180399456029903e-02 0.000000000000000000e+00
0.000000000000000000e+00 0.000000000000000000e+00 0.000000000000000000e+00 5.392662010059456890e+00 -1.345235112435018421e-02 3.481377935451333838e-02 0.000000000000000000e+00
0.000000000000000000e+00 0.000000000000000000e+00 0.000000000000000000e+00 2.409409115913338617e+00 9.990480484789487914e-02 -7.465938298925707539e-02 0.000000000000000000e+00
0.000000000000000000e+00 0.000000000000000000e+00 0.000000000000000000e+00 1.752518701895961328e+01 -2.049931582546113407e-02 3.772071577909220236e-02 0.000000000000000000e+00
0.000000000000000000e+00 0.000000000000000000e+00 0.000000000000000000e+00 1.675405882988366457e+01 2.697528871292616953e-02 -1.624042818923365078e-02 0.000000000000000000e+00
0.000000000000000000e+00 0.000000000000000000e+00 0.000000000000000000e+00 5.545004868308031298e+00 5.432100785071558580e-03 -1.399265388791843048e-02 0.000000000000000000e+00
0.000000000000000000e+00 0.000000000000000000e+00 0.000000000000000000e+00 3.479760946738880811e+00 -1.699849551491646737e-01 3.706000430820746705e-02 0.000000000000000000e+00
0.000000000000000000e+00 0.000000000000000000e+00 0.000000000000000000e+00 2.051024197846399488e+01 -8.468637720769616947e-03 -3.324428702367285358e-03 0.000000000000000000e+00
0.000000000000000000e+00 0.000000000000000000e+00 0.000000000000000000e+00 4.915493744915474750e+00 -1.828237506764514167e-03 8.137841406366647101e-02 0.000000000000000000e+00
0.000000000000000000e+00 0.000000000000000000e+00 0.000000000000000000e+00 5.249048095223122878e+00 -2.244101305974956564e-02 7.063073914881375093e-02 0.000000000000000000e+00
0.000000000000000000e+00 0.000000000000000000e+00 0.000000000000000000e+00 2.652502244970672862e+01 2.604555486689819239e-03 7.879345117597048257e-04 0.000000000000000000e+00
0.000000000000000000e+00 0.000000000000000000e+00 0.000000000000000000e+00 9.191338005009841439e+00 8.365462414915139297e-03 -4.694298898031451679e-03 0.000000000000000000e+00
0.000000000000000000e+00 0.000000000000000000e+00 0.000000000000000000e+00 2.199908106788639461e+00 1.247423016351096037e-01 -6.177266415576095071e-02 0.000000000000000000e+00
0.000000000000000000e+00 0.000000000000000000e+00 0.000000000000000000e+00 3.895389636554080326e+00 -5.294082747656000953e-02 -4.254456653401929994e-02 0.000000000000000000e+00
0.000000000000000000e+00 0.000000000000000000e+00 0.000000000000000000e+00 8.764571117690654889e-01 -1.629564938574674937e-01 -2.125305220866812450e-01 0.000000000000000000e+00
0.000000000000000000e+00 0.000000000000000000e+00 0.000000000000000000e+00 1.057946385514778420e+01 -9.998252151975861590e-02 1.024475064028219362e-01 0.000000000000000000e+00
0.000000000000000000e+00 0.000000000000000000e+00 0.000000000000000000e+00 8.788087306414112732e+00 -1.097260763797412580e-01 1.344684517140122826e-01 0.000000000000000000e+00
0.000000000000000000e+00 0.000000000000000000e+00 0.000000000000000000e+00 2.706220479512673194e+00 -2.222839325678338789e-03 -4.098829955059473534e-02 0.000000000000000000e+00
0.000000000000000000e+00 0.000000000000000000e+00 0.000000000000000000e+00 8.219287927841643082e+00 -1.558058935269696250e-02 -2.354067543711359928e-02 0.000000000000000000e+00
0.000000000000000000e+00 0.000000000000000000e+00 0.000000000000000000e+00 1.634433402436159755e+00 -1.410206958744173421e-02 1.344083050468726157e-02 0.000000000000000000e+00
0.000000000000000000e+00 0.000000000000000000e+00 0.000000000000000000e+00 7.985895647299252609e+00 3.531016254826396805e-02 -9.687372678247663238e-02 0.000000000000000000e+00
0.000000000000000000e+00 0.000000000000000000e+00 0.000000000000000000e+00 4.401777328847358284e+00 5.016863389462800082e-02 -3.754044218114815923e-02 0.000000000000000000e+00
0.000000000000000000e+00 0.000000000000000000e+00 0.000000000000000000e+00 2.004600969994559279e+00 1.044129551227562930e-01 -2.976483427452780023e-02 0.000000000000000000e+00
0.000000000000000000e+00 0.000000000000000000e+00 0.000000000000000000e+00 4.306253885535376469e+00 4.464371721129548054e-02 -5.389035576336369260e-02 0.000000000000000000e+00
0.000000000000000000e+00 0.000000000000000000e+00 0.000000000000000000e+00 1.104629866308230746e+01 2.239292737602288086e-01 -3.694693621358589586e-01 0.000000000000000000e+00
0.000000000000000000e+00 0.000000000000000000e+00 0.000000000000000000e+00 4.395239841602020192e+00 5.001673934739812172e-02 -3.885191469800916564e-02 0.000000000000000000e+00
0.000000000000000000e+00 0.000000000000000000e+00 0.000000000000000000e+00 1.486517757485858837e+01 4.776553571106896268e-01 -9.756717497175171339e-01 0.000000000000000000e+00
0.000000000000000000e+00 0.000000000000000000e+00 0.000000000000000000e+00 1.963806561717714771e+01 2.109600656221277074e-03 1.027352937806940737e-02 0.000000000000000000e+00
0.000000000000000000e+00 0.000000000000000000e+00 0.000000000000000000e+00 1.213156717368352666e+01 -1.159494217472709782e-01 2.470738242723330425e-01 0.000000000000000000e+00
0.000000000000000000e+00 0.000000000000000000e+00 0.000000000000000000e+00 6.539715593191443688e+00 -1.309558719781511553e-02 4.138706931187240839e-02 0.000000000000000000e+00
0.000000000000000000e+00 0.000000000000000000e+00 0.000000000000000000e+00 2.673818033546621731e+00 1.122392348664130561e-02 -4.709298230855680362e-02 0.000000000000000000e+00
0.000000000000000000e+00 0.000000000000000000e+00 0.000000000000000000e+00 2.750237894253001691e+00 -2.081093931313142062e-02 -3.211023305296081126e-02 0.000000000000000000e+00
0.000000000000000000e+00 0.000000000000000000e+00 0.000000000000000000e+00 7.627148565660792023e+00 3.183716488265118244e-02 -7.222814410351756365e-02 0.000000000000000000e+00
0.000000000000000000e+00 0.000000000000000000e+00 0.000000000000000000e+00 1.023962062594564060e+01 -5.060654510423343022e-02 9.476777236043398833e-02 0.000000000000000000e+00
0.000000000000000000e+00 0.000000000000000000e+00 0.000000000000000000e+00 6.649190567344481551e+00 -3.510512024483488508e-02 8.101578439698835232e-02 0.000000000000000000e+00
0.000000000000000000e+00 0.000000000000000000e+00 0.000000000000000000e+00 6.804584627114474982e-01 -1.412175391850095940e-01 -2.580036945481693489e-01 0.000000000000000000e+00
0.000000000000000000e+00 0.000000000000000000e+00 0.000000000000000000e+00 2.334884621200370436e+00 1.142270984534988487e-01 -7.354127464739469711e-02 0.000000000000000000e+00
0.000000000000000000e+00 0.000000000000000000e+00 0.000000000000000000e+00 1.813498201984201641e+00 5.135804650790282838e-02 1.822708025280024742e-03 0.000000000000000000e+00
0.000000000000000000e+00 0.000000000000000000e+00 0.000000000000000000e+00 6.172527542894274077e+00 4.980787989907933810e-02 -8.542949676874302123e-02 0.000000000000000000e+00
0.000000000000000000e+00 0.000000000000000000e+00 0.000000000000000000e+00 9.532883398484013782e+00 1.266630012876794054e-01 -1.409817220561937756e-01 0.000000000000000000e+00
0.000000000000000000e+00 0.000000000000000000e+00 0.000000000000000000e+00 2.307803558090629092e+00 1.179689149819011518e-01 -7.213749210716710603e-02 0.000000000000000000e+00
0.000000000000000000e+00 0.000000000000000000e+00 0.000000000000000000e+00 1.020460579138499568e+01 -3.575238373807049924e-02 7.912810072667955663e-02 0.000000000000000000e+00
0.000000000000000000e+00 0.000000000000000000e+00 0.000000000000000000e+00 1.011850678784582769e+01 3.574400247355253180e-03 3.477804892172309259e-02 0.000000000000000000e+00
0.000000000000000000e+00 0.000000000000000000e+00 0.000000000000000000e+00 2.894420538693789169e+01 1.740483983446199556e-04 -6.218914497970833271e-04 0.000000000000000000e+00

Amplitudes vs time: t // theta_tt_old // theta_mt_old // alpha_cdt_old// theta_tt_opt // theta_mt_opt// alpha_cdt_opt  
0.000000000000000000e+00 6.944444444444444059e-03 9.930555555555555802e-01 0.000000000000000000e+00 -8.076336551946028744e-04 1.351232953090757416e+00 0.000000000000000000e+00
1.000000000000000000e+00 2.083333333333333218e-02 9.791666666666666297e-01 0.000000000000000000e+00 -5.001221424644698016e-03 1.741478705010297334e+00 0.000000000000000000e+00
2.000000000000000000e+00 3.472222222222222376e-02 9.652777777777777901e-01 0.000000000000000000e+00 -8.722164645750259820e-03 1.856724037729146737e+00 0.000000000000000000e+00
3.000000000000000000e+00 4.861111111111111188e-02 9.513888888888888395e-01 0.000000000000000000e+00 -6.913038411409569428e-03 1.712247746326218012e+00 0.000000000000000000e+00
4.000000000000000000e+00 6.250000000000000000e-02 9.375000000000000000e-01 0.000000000000000000e+00 3.447276833562260001e-03 1.408377500955451778e+00 0.000000000000000000e+00
5.000000000000000000e+00 7.638888888888889506e-02 9.236111111111111605e-01 0.000000000000000000e+00 2.233856173530650302e-02 1.072435681773868055e+00 0.000000000000000000e+00
6.000000000000000000e+00 9.027777777777777624e-02 9.097222222222222099e-01 0.000000000000000000e+00 4.767567709430079598e-02 8.057523545494998940e-01 0.000000000000000000e+00
7.000000000000000000e+00 1.041666666666666713e-01 8.958333333333333703e-01 0.000000000000000000e+00 7.756085898662470890e-02 6.556501835773653752e-01 0.000000000000000000e+00
8.000000000000000000e+00 1.180555555555555525e-01 8.819444444444444198e-01 0.000000000000000000e+00 1.125359950056050995e-01 6.162304790633763574e-01 0.000000000000000000e+00
9.000000000000000000e+00 1.319444444444444475e-01 8.680555555555555802e-01 0.000000000000000000e+00 1.563139560103683767e-01 6.487168719519716964e-01 0.000000000000000000e+00
1.000000000000000000e+01 1.458333333333333426e-01 8.541666666666666297e-01 0.000000000000000000e+00 2.139968246546105346e-01 7.071498938937519352e-01 0.000000000000000000e+00
1.100000000000000000e+01 1.597222222222222099e-01 8.402777777777777901e-01 0.000000000000000000e+00 2.883684368606077020e-01 7.576177413798043103e-01 0.000000000000000000e+00
1.200000000000000000e+01 1.736111111111111049e-01 8.263888888888888395e-01 0.000000000000000000e+00 3.766126072501368438e-01 7.854969941393794564e-01 0.000000000000000000e+00
1.300000000000000000e+01 1.875000000000000000e-01 8.125000000000000000e-01 0.000000000000000000e+00 4.700703726756974010e-01 7.919307314524185459e-01 0.000000000000000000e+00
1.400000000000000000e+01 2.013888888888888951e-01 7.986111111111111605e-01 0.000000000000000000e+00 5.576713736471514693e-01 7.852251484239933799e-01 0.000000000000000000e+00
1.500000000000000000e+01 2.152777777777777901e-01 7.847222222222222099e-01 0.000000000000000000e+00 6.308858392146050598e-01 7.733042375552956482e-01 0.000000000000000000e+00
1.600000000000000000e+01 2.291666666666666574e-01 7.708333333333333703e-01 0.000000000000000000e+00 6.869274286046381794e-01 7.603416238644380432e-01 0.000000000000000000e+00
1.700000000000000000e+01 2.430555555555555525e-01 7.569444444444444198e-01 0.000000000000000000e+00 7.284981730756665552e-01 7.469871540234938045e-01 0.000000000000000000e+00
1.800000000000000000e+01 2.569444444444444198e-01 7.430555555555555802e-01 0.000000000000000000e+00 7.610310407101383845e-01 7.320109034247999080e-01 0.000000000000000000e+00
1.900000000000000000e+01 2.708333333333333148e-01 7.291666666666667407e-01 0.000000000000000000e+00 7.897001906183724884e-01 7.139428434756174280e-01 0.000000000000000000e+00
2.000000000000000000e+01 2.847222222222222099e-01 7.152777777777777901e-01 0.000000000000000000e+00 8.176799078215398753e-01 6.924070497051213469e-01 0.000000000000000000e+00
2.100000000000000000e+01 2.986111111111111049e-01 7.013888888888888395e-01 0.000000000000000000e+00 8.456724035755838198e-01 6.688919606595351564e-01 0.000000000000000000e+00
2.200000000000000000e+01 3.125000000000000000e-01 6.875000000000000000e-01 0.000000000000000000e+00 8.722103722321691288e-01 6.463588561898709894e-01 0.000000000000000000e+00
2.300000000000000000e+01 3.263888888888888951e-01 6.736111111111111605e-01 0.000000000000000000e+00 8.946063678196771729e-01 6.276757268336798923e-01 0.000000000000000000e+00
2.400000000000000000e+01 3.402777777777777901e-01 6.597222222222222099e-01 0.000000000000000000e+00 9.104479724517358097e-01 6.140459557612729657e-01 0.000000000000000000e+00
2.500000000000000000e+01 3.541666666666666852e-01 6.458333333333332593e-01 0.000000000000000000e+00 9.188503147751612143e-01 6.047676845664171630e-01 0.000000000000000000e+00
2.600000000000000000e+01 3.680555555555555802e-01 6.319444444444444198e-01 0.000000000000000000e+00 9.203866919401267888e-01 5.983267887413521446e-01 0.000000000000000000e+00
2.700000000000000000e+01 3.819444444444444198e-01 6.180555555555555802e-01 0.000000000000000000e+00 9.156751161512953763e-01 5.935457338329432897e-01 0.000000000000000000e+00
2.800000000000000000e+01 3.958333333333333148e-01 6.041666666666667407e-01 0.000000000000000000e+00 9.041220588839993244e-01 5.898255170005450854e-01 0.000000000000000000e+00
2.900000000000000000e+01 4.097222222222222099e-01 5.902777777777777901e-01 0.000000000000000000e+00 8.843788460659987027e-01 5.868250031022459456e-01 0.000000000000000000e+00
3.000000000000000000e+01 4.236111111111111049e-01 5.763888888888888395e-01 0.000000000000000000e+00 8.561736347380719536e-01 5.843409180308536399e-01 0.000000000000000000e+00
3.100000000000000000e+01 4.375000000000000000e-01 5.625000000000000000e-01 0.000000000000000000e+00 8.213375549981848378e-01 5.822370446936808719e-01 0.000000000000000000e+00
3.200000000000000000e+01 4.513888888888888951e-01 5.486111111111111605e-01 0.000000000000000000e+00 7.823976339577261019e-01 5.796730968578518439e-01 0.000000000000000000e+00
3.300000000000000000e+01 4.652777777777777901e-01 5.347222222222222099e-01 0.000000000000000000e+00 7.398274539097620117e-01 5.738924996956068503e-01 0.000000000000000000e+00
3.400000000000000000e+01 4.791666666666666852e-01 5.208333333333332593e-01 0.000000000000000000e+00 6.909997677010815131e-01 5.602450221168754352e-01 0.000000000000000000e+00
3.500000000000000000e+01 4.930555555555555802e-01 5.069444444444444198e-01 0.000000000000000000e+00 6.326373974566666947e-01 5.346580379006153905e-01 0.000000000000000000e+00
3.600000000000000000e+01 5.069444444444444198e-01 4.930555555555555802e-01 0.000000000000000000e+00 5.650977822773755044e-01 4.973066591683591442e-01 0.000000000000000000e+00
3.700000000000000000e+01 5.208333333333333703e-01 4.791666666666666297e-01 0.000000000000000000e+00 4.947250369295681516e-01 4.544332361434694212e-01 0.000000000000000000e+00
3.800000000000000000e+01 5.347222222222222099e-01 4.652777777777777901e-01 0.000000000000000000e+00 4.320601584004191698e-01 4.164327015714428537e-01 0.000000000000000000e+00
3.900000000000000000e+01 5.486111111111111605e-01 4.513888888888888395e-01 0.000000000000000000e+00 3.873688819402792971e-01 3.934263590696681634e-01 0.000000000000000000e+00
4.000000000000000000e+01 5.625000000000000000e-01 4.375000000000000000e-01 0.000000000000000000e+00 3.669927551973299340e-01 3.913566072755071401e-01 0.000000000000000000e+00
4.100000000000000000e+01 5.763888888888888395e-01 4.236111111111111605e-01 0.000000000000000000e+00 3.725809244362999761e-01 4.105319962261120281e-01 0.000000000000000000e+00
4.200000000000000000e+01 5.902777777777777901e-01 4.097222222222222099e-01 0.000000000000000000e+00 4.022242398756375459e-01 4.462392995935223761e-01 0.000000000000000000e+00
4.300000000000000000e+01 6.041666666666666297e-01 3.958333333333333703e-01 0.000000000000000000e+00 4.512716535839735310e-01 4.901374700109147886e-01 0.000000000000000000e+00
4.400000000000000000e+01 6.180555555555555802e-01 3.819444444444444198e-01 0.000000000000000000e+00 5.122012750179232299e-01 5.320024195957161472e-01 0.000000000000000000e+00
4.500000000000000000e+01 6.319444444444444198e-01 3.680555555555555802e-01 0.000000000000000000e+00 5.750513304148824334e-01 5.621300055302429488e-01 0.000000000000000000e+00
4.600000000000000000e+01 6.458333333333333703e-01 3.541666666666666297e-01 0.000000000000000000e+00 6.298225557419888654e-01 5.740785572447324459e-01 0.000000000000000000e+00
4.700000000000000000e+01 6.597222222222222099e-01 3.402777777777777901e-01 0.000000000000000000e+00 6.700018977748030125e-01 5.664361594511830855e-01 0.000000000000000000e+00
4.800000000000000000e+01 6.736111111111111605e-01 3.263888888888888395e-01 0.000000000000000000e+00 6.946888480912024599e-01 5.425661932235467111e-01 0.000000000000000000e+00
4.900000000000000000e+01 6.875000000000000000e-01 3.125000000000000000e-01 0.000000000000000000e+00 7.078321233700574089e-01 5.087227878299066530e-01 0.000000000000000000e+00
5.000000000000000000e+01 7.013888888888888395e-01 2.986111111111111605e-01 0.000000000000000000e+00 7.156775857895745219e-01 4.718613489891130830e-01 0.000000000000000000e+00
5.100000000000000000e+01 7.152777777777777901e-01 2.847222222222222099e-01 0.000000000000000000e+00 7.246781621423519226e-01 4.379536900356033602e-01 0.000000000000000000e+00
5.200000000000000000e+01 7.291666666666666297e-01 2.708333333333333703e-01 0.000000000000000000e+00 7.406279590746607244e-01 4.106415977455620814e-01 0.000000000000000000e+00
5.300000000000000000e+01 7.430555555555555802e-01 2.569444444444444198e-01 0.000000000000000000e+00 7.677948292404448427e-01 3.900686577154314216e-01 0.000000000000000000e+00
5.400000000000000000e+01 7.569444444444444198e-01 2.430555555555555802e-01 0.000000000000000000e+00 8.071252643597842669e-01 3.725913440370679508e-01 0.000000000000000000e+00
5.500000000000000000e+01 7.708333333333333703e-01 2.291666666666666297e-01 0.000000000000000000e+00 8.549065805925142314e-01 3.522999678423341940e-01 0.000000000000000000e+00
5.600000000000000000e+01 7.847222222222222099e-01 2.152777777777777901e-01 0.000000000000000000e+00 9.042882720842727595e-01 3.241114006267844516e-01 0.000000000000000000e+00
5.700000000000000000e+01 7.986111111111111605e-01 2.013888888888888395e-01 0.000000000000000000e+00 9.496163720677649467e-01 2.867016970013166466e-01 0.000000000000000000e+00
5.800000000000000000e+01 8.125000000000000000e-01 1.875000000000000000e-01 0.000000000000000000e+00 9.898945483506268461e-01 2.433689348374762917e-01 0.000000000000000000e+00
5.900000000000000000e+01 8.263888888888888395e-01 1.736111111111111605e-01 0.000000000000000000e+00 1.027472556549730909e+00 2.003240239529197886e-01 0.000000000000000000e+00
6.000000000000000000e+01 8.402777777777777901e-01 1.597222222222222099e-01 0.000000000000000000e+00 1.062597316934672076e+00 1.635937467146034163e-01 0.000000000000000000e+00
6.100000000000000000e+01 8.541666666666666297e-01 1.458333333333333703e-01 0.000000000000000000e+00 1.089332277289476902e+00 1.363467063705221805e-01 0.000000000000000000e+00
6.200000000000000000e+01 8.680555555555555802e-01 1.319444444444444198e-01 0.000000000000000000e+00 1.097838555748888112e+00 1.178861549167143502e-01 0.000000000000000000e+00
6.300000000000000000e+01 8.819444444444444198e-01 1.180555555555555802e-01 0.000000000000000000e+00 1.081847789208913335e+00 1.045420857750634924e-01 0.000000000000000000e+00
6.400000000000000000e+01 8.958333333333333703e-01 1.041666666666666297e-01 0.000000000000000000e+00 1.044568511191098725e+00 9.184965367039989170e-02 0.000000000000000000e+00
6.500000000000000000e+01 9.097222222222222099e-01 9.027777777777779011e-02 0.000000000000000000e+00 9.973957463941636181e-01 7.688083195258438307e-02 0.000000000000000000e+00
6.600000000000000000e+01 9.236111111111111605e-01 7.638888888888883955e-02 0.000000000000000000e+00 9.526728375201234389e-01 5.951261374621003020e-02 0.000000000000000000e+00
6.700000000000000000e+01 9.375000000000000000e-01 6.250000000000000000e-02 0.000000000000000000e+00 9.171384231983519264e-01 4.196854427233540769e-02 0.000000000000000000e+00
6.800000000000000000e+01 9.513888888888888395e-01 4.861111111111116045e-02 0.000000000000000000e+00 8.910973567422568742e-01 2.702362169451883595e-02 0.000000000000000000e+00
6.900000000000000000e+01 9.652777777777777901e-01 3.472222222222220989e-02 0.000000000000000000e+00 8.721048192952138844e-01 1.612814569323996541e-02 0.000000000000000000e+00
7.000000000000000000e+01 9.791666666666666297e-01 2.083333333333337034e-02 0.000000000000000000e+00 8.581743061154035734e-01 8.688383716189499242e-03 0.000000000000000000e+00
7.100000000000000000e+01 9.930555555555555802e-01 6.944444444444419773e-03 0.000000000000000000e+00 8.477708823699898755e-01 2.850214815614470279e-03 0.000000000000000000e+00

Residual energy after optimization is 1.6317507449811915e-07 C0x=0.41535150658505327 C0z=0.8431659346799978 C0xz=1.0
Optimization procedure took 474.18256092071533 seconds