### PARAMETERS OF THE TIME EVOLUTION ### 
Total time tau = 30
Timestep dt = 1
P = tau/dt = 30
Number of Fourier coefficients Nc = 30

gamma(t) = t/T*(delta_t + \sum_i^Nc gamma_i*f_i(wi, t) 
beta(t) = (1-t/T)*(delta_t + \sum_i^Nc beta_i*f_i(wi, t)

CRAB coefficient   Cz_start// Cx_start// Cxz_start // pulses//  Cz_opt // Cx_opt // Cxz_opt  
0.000000000000000000e+00 0.000000000000000000e+00 0.000000000000000000e+00 6.710026490014988632e+00 4.359753932996873971e+01 -6.001596443125156100e+01 1.013188660780130945e+01
0.000000000000000000e+00 0.000000000000000000e+00 0.000000000000000000e+00 3.256519453043579260e-01 2.141655940324531571e+02 -3.063628892421021419e+02 6.816918020249802623e+01
0.000000000000000000e+00 0.000000000000000000e+00 0.000000000000000000e+00 1.659954565493378054e+00 -6.170976509191395820e+01 1.083763243323361678e+02 1.713401358184174939e+01
0.000000000000000000e+00 0.000000000000000000e+00 0.000000000000000000e+00 6.834339024202880530e+00 5.049928521507130341e+01 9.240620821283313191e+00 6.561313760480745216e+00
0.000000000000000000e+00 0.000000000000000000e+00 0.000000000000000000e+00 7.453524163851436235e+00 1.398458326665910647e+02 -1.600523308803275029e+02 2.614652728002781856e+01
0.000000000000000000e+00 0.000000000000000000e+00 0.000000000000000000e+00 6.298231940038799159e+00 -5.743234061183616745e+01 4.947994382941154612e+01 1.029754535750275579e+01
0.000000000000000000e+00 0.000000000000000000e+00 0.000000000000000000e+00 7.332709254288381828e+00 -2.043549881504783627e+02 2.178695715435165425e+02 -3.812404944749169289e+01
0.000000000000000000e+00 0.000000000000000000e+00 0.000000000000000000e+00 9.935364073076616620e+00 8.007928384249920484e+00 -2.675434298957235413e+01 2.011657556580844997e+00
0.000000000000000000e+00 0.000000000000000000e+00 0.000000000000000000e+00 3.783190057577932475e+00 -5.466590779245324683e+01 9.930877782859443670e+00 -3.193129797581790186e+01
0.000000000000000000e+00 0.000000000000000000e+00 0.000000000000000000e+00 6.048215852097507117e+00 -1.017796490872988926e+02 9.138673705951320869e+01 3.098971252229431883e+01
0.000000000000000000e+00 0.000000000000000000e+00 0.000000000000000000e+00 1.199889887823681001e+01 -5.348865194675049908e-03 1.501699457380554215e-01 5.194681926315233974e-04
0.000000000000000000e+00 0.000000000000000000e+00 0.000000000000000000e+00 1.768718278700706970e+00 9.151006856713398463e+01 -1.601154675484937684e+02 -7.323107914147938935e+00
0.000000000000000000e+00 0.000000000000000000e+00 0.000000000000000000e+00 4.375276046063526714e+00 3.538062417795919856e+01 6.247899441539868803e+01 -7.381850086341704476e+00
0.000000000000000000e+00 0.000000000000000000e+00 0.000000000000000000e+00 5.726145276587227606e+00 1.481511525601000585e+02 -6.773697899389338772e+01 -3.103879963926911856e+01
0.000000000000000000e+00 0.000000000000000000e+00 0.000000000000000000e+00 1.465954286241807658e+01 4.156987148300882867e-04 6.866789387633193652e-03 2.762303533810510792e-03
0.000000000000000000e+00 0.000000000000000000e+00 0.000000000000000000e+00 5.106253975256795918e+00 2.592845702883127146e+01 -7.253082406372789137e+01 5.723753401152873010e+01
0.000000000000000000e+00 0.000000000000000000e+00 0.000000000000000000e+00 6.731028069481397758e+00 4.582950434865894351e+01 -4.816357276408849941e+01 2.971266484190974566e+01
0.000000000000000000e+00 0.000000000000000000e+00 0.000000000000000000e+00 4.873729053187695115e+00 -1.038947641265179413e+02 5.617491086274095125e+01 -4.774993254753429994e+01
0.000000000000000000e+00 0.000000000000000000e+00 0.000000000000000000e+00 9.708759143379152690e+00 -5.884699917924192114e+00 1.765114569265524480e+01 -1.437729558197973878e+00
0.000000000000000000e+00 0.000000000000000000e+00 0.000000000000000000e+00 6.593692140332225726e+00 3.184432457424492569e+01 -5.956482933154209292e+01 -2.442037048175784619e+01
0.000000000000000000e+00 0.000000000000000000e+00 0.000000000000000000e+00 7.379065755684961481e-01 -6.241305575936346628e+01 7.926506303728496050e+01 -4.287975420003856186e+01
0.000000000000000000e+00 0.000000000000000000e+00 0.000000000000000000e+00 2.056293262672326705e+01 -4.976548754602555481e-04 -6.407538334845505655e-04 -2.425982410210401050e-04
0.000000000000000000e+00 0.000000000000000000e+00 0.000000000000000000e+00 2.734240649009935353e+00 -1.752754395741665761e+01 4.443026451599806137e+01 -2.527906806645584314e+00
0.000000000000000000e+00 0.000000000000000000e+00 0.000000000000000000e+00 1.658458799895033309e+01 -7.752408057430579518e-04 -6.798905843981434272e-04 6.538368506380418631e-04
0.000000000000000000e+00 0.000000000000000000e+00 0.000000000000000000e+00 3.919023160946597528e+00 6.553211327365823990e+01 -7.894182453701485258e+01 4.505149747552361106e+01
0.000000000000000000e+00 0.000000000000000000e+00 0.000000000000000000e+00 1.100717105572524090e+01 1.914614246785203977e-01 -1.185414384723629588e+00 4.851724078869544543e-02
0.000000000000000000e+00 0.000000000000000000e+00 0.000000000000000000e+00 6.359663354723795514e+00 -6.012392621553198069e+01 3.181813003499195958e+01 -3.475650236572882790e+01
0.000000000000000000e+00 0.000000000000000000e+00 0.000000000000000000e+00 1.025930167637510593e+01 -2.897476331551018802e+00 1.146194235517609172e+01 -7.501190893629012812e-01
0.000000000000000000e+00 0.000000000000000000e+00 0.000000000000000000e+00 7.583736764991367840e-01 -6.554993850126916755e+01 1.064233006655614133e+02 -2.541784728483006628e+00
0.000000000000000000e+00 0.000000000000000000e+00 0.000000000000000000e+00 1.594872106428571712e+01 -2.359254507493272965e-03 -3.422106695468669479e-03 1.002524192246972328e-03

Amplitudes vs time: t // theta_tt_old // theta_mt_old // alpha_cdt_old// theta_tt_opt // theta_mt_opt// alpha_cdt_opt  
0.000000000000000000e+00 1.666666666666666644e-02 9.833333333333332815e-01 0.000000000000000000e+00 -4.771159801850338722e-02 1.189741284944876298e+00 1.664039196094790896e-01
1.000000000000000000e+00 5.000000000000000278e-02 9.499999999999999556e-01 0.000000000000000000e+00 1.092168846738451188e-01 7.380802392414104185e-01 3.659369571840187518e-01
2.000000000000000000e+00 8.333333333333332871e-02 9.166666666666666297e-01 0.000000000000000000e+00 2.657906004013421142e-01 6.474107531942459026e-01 3.781697939640977779e-01
3.000000000000000000e+00 1.166666666666666685e-01 8.833333333333333037e-01 0.000000000000000000e+00 3.465080182307678225e-01 5.653344575119645388e-01 3.888696179736967906e-01
4.000000000000000000e+00 1.499999999999999944e-01 8.499999999999999778e-01 0.000000000000000000e+00 3.763980289480893804e-01 4.830401985004210141e-01 4.041039058774487103e-01
5.000000000000000000e+00 1.833333333333333204e-01 8.166666666666666519e-01 0.000000000000000000e+00 3.820738530541563094e-01 3.981722638535591385e-01 4.198884424640567659e-01
6.000000000000000000e+00 2.166666666666666741e-01 7.833333333333333259e-01 0.000000000000000000e+00 3.823420270701793355e-01 3.182298982682557620e-01 4.355146111348773275e-01
7.000000000000000000e+00 2.500000000000000000e-01 7.500000000000000000e-01 0.000000000000000000e+00 3.901593331602347670e-01 2.486334357337278700e-01 4.503507776436919130e-01
8.000000000000000000e+00 2.833333333333333259e-01 7.166666666666666741e-01 0.000000000000000000e+00 4.129946266135603450e-01 1.903940291209654800e-01 4.671002099031511534e-01
9.000000000000000000e+00 3.166666666666666519e-01 6.833333333333333481e-01 0.000000000000000000e+00 4.498722243899014872e-01 1.456666958876388085e-01 4.889485762630982890e-01
1.000000000000000000e+01 3.499999999999999778e-01 6.500000000000000222e-01 0.000000000000000000e+00 4.911119120610543676e-01 1.190253315028987346e-01 5.172101516002740595e-01
1.100000000000000000e+01 3.833333333333333592e-01 6.166666666666666963e-01 0.000000000000000000e+00 5.241770297615871987e-01 1.121457804827816207e-01 5.463600694981174399e-01
1.200000000000000000e+01 4.166666666666666852e-01 5.833333333333332593e-01 0.000000000000000000e+00 5.421601344498355735e-01 1.217479479477014959e-01 5.665687320712962105e-01
1.300000000000000000e+01 4.500000000000000111e-01 5.500000000000000444e-01 0.000000000000000000e+00 5.461393217765699859e-01 1.394828465182455512e-01 5.758184583474310614e-01
1.400000000000000000e+01 4.833333333333333370e-01 5.166666666666666075e-01 0.000000000000000000e+00 5.386110692440218006e-01 1.527794182213700891e-01 5.771667064904946187e-01
1.500000000000000000e+01 5.166666666666667185e-01 4.833333333333332815e-01 0.000000000000000000e+00 5.255379099269371634e-01 1.607812025017821278e-01 5.701125286988357743e-01
1.600000000000000000e+01 5.500000000000000444e-01 4.499999999999999556e-01 0.000000000000000000e+00 5.214247345024765057e-01 1.769896550438617155e-01 5.557268656795031347e-01
1.700000000000000000e+01 5.833333333333333703e-01 4.166666666666666297e-01 0.000000000000000000e+00 5.353777582218200992e-01 2.031495925974440842e-01 5.387018927692537318e-01
1.800000000000000000e+01 6.166666666666666963e-01 3.833333333333333037e-01 0.000000000000000000e+00 5.653819557107635507e-01 2.263208405295781545e-01 5.208215947612728769e-01
1.900000000000000000e+01 6.500000000000000222e-01 3.499999999999999778e-01 0.000000000000000000e+00 6.124013548663236328e-01 2.385198569979865291e-01 4.999903120363313747e-01
2.000000000000000000e+01 6.833333333333333481e-01 3.166666666666666519e-01 0.000000000000000000e+00 6.744815575049224465e-01 2.343088909821046395e-01 4.756641919935731266e-01
2.100000000000000000e+01 7.166666666666666741e-01 2.833333333333333259e-01 0.000000000000000000e+00 7.347264541708312668e-01 2.081443077785468110e-01 4.513280115396094416e-01
2.200000000000000000e+01 7.500000000000000000e-01 2.500000000000000000e-01 0.000000000000000000e+00 7.784025315167947268e-01 1.693210120513018724e-01 4.238359198016352636e-01
2.300000000000000000e+01 7.833333333333333259e-01 2.166666666666666741e-01 0.000000000000000000e+00 8.092927895910790870e-01 1.392026063814578163e-01 3.783077544820476756e-01
2.400000000000000000e+01 8.166666666666666519e-01 1.833333333333333481e-01 0.000000000000000000e+00 8.397515212892956438e-01 1.257093388258273825e-01 3.109863167416409002e-01
2.500000000000000000e+01 8.499999999999999778e-01 1.500000000000000222e-01 0.000000000000000000e+00 8.728804360788257055e-01 1.133193182536663263e-01 2.384377809060493902e-01
2.600000000000000000e+01 8.833333333333333037e-01 1.166666666666666963e-01 0.000000000000000000e+00 9.019076947048717541e-01 8.681187355757401247e-02 1.701542140618759191e-01
2.700000000000000000e+01 9.166666666666666297e-01 8.333333333333337034e-02 0.000000000000000000e+00 9.261086811470600200e-01 5.384559631974156213e-02 1.032029787652595232e-01
2.800000000000000000e+01 9.499999999999999556e-01 5.000000000000004441e-02 0.000000000000000000e+00 9.470780106102217877e-01 2.942274698505324693e-02 4.589439741544953932e-02
2.900000000000000000e+01 9.833333333333332815e-01 1.666666666666671848e-02 0.000000000000000000e+00 9.558780274595242155e-01 1.107822185650492175e-02 1.102933212474743740e-02

Residual energy after optimization is 5.0058018655566425e-05 C0x=0.738909711445855 C0z=0.9550909474210862 C0xz=1.0
Optimization procedure took 250.34377574920654 seconds