### PARAMETERS OF THE TIME EVOLUTION ### 
Total time tau = 72
Timestep dt = 1
P = tau/dt = 72
Number of Fourier coefficients Nc = 72

gamma(t) = t/T*(delta_t + \sum_i^Nc gamma_i*f_i(wi, t) 
beta(t) = (1-t/T)*(delta_t + \sum_i^Nc beta_i*f_i(wi, t)

CRAB coefficient   Cz_start// Cx_start// Cxz_start // pulses//  Cz_opt // Cx_opt // Cxz_opt  
0.000000000000000000e+00 0.000000000000000000e+00 0.000000000000000000e+00 7.578720994728418425e+00 -9.032488918122350441e+00 -3.635740761050616054e+00 0.000000000000000000e+00
0.000000000000000000e+00 0.000000000000000000e+00 0.000000000000000000e+00 1.352085781508176376e+00 -5.343276366099544106e+01 -1.064407234541697456e+01 0.000000000000000000e+00
0.000000000000000000e+00 0.000000000000000000e+00 0.000000000000000000e+00 2.965929891747995040e+00 -2.104960484943634569e+01 -4.350823953465596361e+00 0.000000000000000000e+00
0.000000000000000000e+00 0.000000000000000000e+00 0.000000000000000000e+00 2.003083555378303071e+00 3.451129481881780947e+01 6.673181800307480316e+00 0.000000000000000000e+00
0.000000000000000000e+00 0.000000000000000000e+00 0.000000000000000000e+00 2.963185145855379954e+00 -2.098570292617343114e+01 -4.333268579711676338e+00 0.000000000000000000e+00
0.000000000000000000e+00 0.000000000000000000e+00 0.000000000000000000e+00 1.462578288398449189e+01 9.598399453332621956e-02 2.282132759214796081e-01 0.000000000000000000e+00
0.000000000000000000e+00 0.000000000000000000e+00 0.000000000000000000e+00 7.319874808211267236e+00 3.568825281823058759e+01 9.645695120696428759e+00 0.000000000000000000e+00
0.000000000000000000e+00 0.000000000000000000e+00 0.000000000000000000e+00 6.385914723702992291e+00 -5.219474870919483322e+01 -1.375215509129277791e+01 0.000000000000000000e+00
0.000000000000000000e+00 0.000000000000000000e+00 0.000000000000000000e+00 1.671813740400615700e+01 2.165038803173908663e-04 3.705254847078071068e-02 0.000000000000000000e+00
0.000000000000000000e+00 0.000000000000000000e+00 0.000000000000000000e+00 8.508334432834459449e+00 5.736209259264063576e+01 1.914012262921500707e+01 0.000000000000000000e+00
0.000000000000000000e+00 0.000000000000000000e+00 0.000000000000000000e+00 5.397475321019431505e+00 5.525857456911931820e+01 1.343163763020203660e+01 0.000000000000000000e+00
0.000000000000000000e+00 0.000000000000000000e+00 0.000000000000000000e+00 1.665612826160193238e+00 -2.036258654067787077e+01 -4.412100689118534369e+00 0.000000000000000000e+00
0.000000000000000000e+00 0.000000000000000000e+00 0.000000000000000000e+00 8.148038834545351605e+00 -1.600757691812624017e+01 -3.628344299141960327e+00 0.000000000000000000e+00
0.000000000000000000e+00 0.000000000000000000e+00 0.000000000000000000e+00 8.865718751770913286e+00 1.894398760157073625e+01 3.287865915803171557e+00 0.000000000000000000e+00
0.000000000000000000e+00 0.000000000000000000e+00 0.000000000000000000e+00 6.779133330490214604e+00 1.567273883101344190e+00 8.481747698455042173e-01 0.000000000000000000e+00
0.000000000000000000e+00 0.000000000000000000e+00 0.000000000000000000e+00 7.088116737550365976e+00 4.490293967465362357e+01 1.268387185777066151e+01 0.000000000000000000e+00
0.000000000000000000e+00 0.000000000000000000e+00 0.000000000000000000e+00 1.822444744740593148e+00 7.278059050897628168e+00 1.073494431343537947e+00 0.000000000000000000e+00
0.000000000000000000e+00 0.000000000000000000e+00 0.000000000000000000e+00 7.054796973107304581e+00 4.287357362997960308e+01 1.214964035741311044e+01 0.000000000000000000e+00
0.000000000000000000e+00 0.000000000000000000e+00 0.000000000000000000e+00 1.122047763078963634e+01 3.057018207622883210e+01 1.347610592437879440e+01 0.000000000000000000e+00
0.000000000000000000e+00 0.000000000000000000e+00 0.000000000000000000e+00 3.180092607375510028e+00 -1.388596385211790007e+01 -3.234894869660492223e+00 0.000000000000000000e+00
0.000000000000000000e+00 0.000000000000000000e+00 0.000000000000000000e+00 2.607356553282145217e+00 1.297052033353922340e+01 3.062849638153737342e+00 0.000000000000000000e+00
0.000000000000000000e+00 0.000000000000000000e+00 0.000000000000000000e+00 1.686777111232460769e+00 -1.674642520979739402e+01 -3.703084796810373280e+00 0.000000000000000000e+00
0.000000000000000000e+00 0.000000000000000000e+00 0.000000000000000000e+00 2.456199665157626999e+00 3.237649573919266999e+01 6.945308503144114631e+00 0.000000000000000000e+00
0.000000000000000000e+00 0.000000000000000000e+00 0.000000000000000000e+00 7.554359109617712065e+00 -4.395025795747361741e+00 -2.276817597789249970e+00 0.000000000000000000e+00
0.000000000000000000e+00 0.000000000000000000e+00 0.000000000000000000e+00 2.207569796378981319e+00 4.735805648482983088e+01 9.594935374086121627e+00 0.000000000000000000e+00
0.000000000000000000e+00 0.000000000000000000e+00 0.000000000000000000e+00 5.162196474348276887e+00 2.143953958734286047e+01 4.950943435572584761e+00 0.000000000000000000e+00
0.000000000000000000e+00 0.000000000000000000e+00 0.000000000000000000e+00 2.854284482136118406e+00 -1.547738067200531553e+01 -2.998255215969654941e+00 0.000000000000000000e+00
0.000000000000000000e+00 0.000000000000000000e+00 0.000000000000000000e+00 6.891131906111105820e+00 2.226639497000663326e+01 6.538587921917847545e+00 0.000000000000000000e+00
0.000000000000000000e+00 0.000000000000000000e+00 0.000000000000000000e+00 4.703704204356224494e+00 -4.543377473668837752e+01 -1.049560250305053621e+01 0.000000000000000000e+00
0.000000000000000000e+00 0.000000000000000000e+00 0.000000000000000000e+00 5.650481414617645193e+00 5.236476571123044721e+01 1.308092745035516735e+01 0.000000000000000000e+00
0.000000000000000000e+00 0.000000000000000000e+00 0.000000000000000000e+00 6.653636641505660698e+00 -2.243532678426966953e+01 -5.724586185943103089e+00 0.000000000000000000e+00
0.000000000000000000e+00 0.000000000000000000e+00 0.000000000000000000e+00 3.062629451398046321e+00 -2.069061925822854064e+01 -4.462813654498361871e+00 0.000000000000000000e+00
0.000000000000000000e+00 0.000000000000000000e+00 0.000000000000000000e+00 1.271125524661272088e+01 -3.948370209951833409e+00 -3.037328363403154263e+00 0.000000000000000000e+00
0.000000000000000000e+00 0.000000000000000000e+00 0.000000000000000000e+00 4.085370398986165164e+00 2.505392872269213456e+01 5.902968034524135099e+00 0.000000000000000000e+00
0.000000000000000000e+00 0.000000000000000000e+00 0.000000000000000000e+00 6.217487463967998451e+00 -4.503006706662052494e+01 -1.180221872843540254e+01 0.000000000000000000e+00
0.000000000000000000e+00 0.000000000000000000e+00 0.000000000000000000e+00 5.043954621128904137e+00 -1.428102626555579624e+00 -5.484424696197727211e-01 0.000000000000000000e+00
0.000000000000000000e+00 0.000000000000000000e+00 0.000000000000000000e+00 7.625532324590501565e-01 2.103348851385963769e+01 4.112118717343657082e+00 0.000000000000000000e+00
0.000000000000000000e+00 0.000000000000000000e+00 0.000000000000000000e+00 7.883022001618162911e+00 -4.442453498857255312e+01 -1.347667464397233239e+01 0.000000000000000000e+00
0.000000000000000000e+00 0.000000000000000000e+00 0.000000000000000000e+00 8.552171938529429251e-01 4.140859505178215549e+00 8.602833015615474199e-01 0.000000000000000000e+00
0.000000000000000000e+00 0.000000000000000000e+00 0.000000000000000000e+00 3.111600070982903254e+00 -1.866358139166949925e+01 -4.126416952281367401e+00 0.000000000000000000e+00
0.000000000000000000e+00 0.000000000000000000e+00 0.000000000000000000e+00 3.692408300038566349e+00 4.452930198307920762e+01 9.384355148380032929e+00 0.000000000000000000e+00
0.000000000000000000e+00 0.000000000000000000e+00 0.000000000000000000e+00 3.010714496404312879e+00 -2.149139378617132223e+01 -4.531409777514959991e+00 0.000000000000000000e+00
0.000000000000000000e+00 0.000000000000000000e+00 0.000000000000000000e+00 4.401330059135053929e+00 -2.658861263838737798e+01 -5.655054411239206935e+00 0.000000000000000000e+00
0.000000000000000000e+00 0.000000000000000000e+00 0.000000000000000000e+00 3.078267960500909783e+00 -2.017850264227803336e+01 -4.383707749157551348e+00 0.000000000000000000e+00
0.000000000000000000e+00 0.000000000000000000e+00 0.000000000000000000e+00 1.081570778767266461e+01 5.805793031079075917e+01 1.778181619646097289e+01 0.000000000000000000e+00
0.000000000000000000e+00 0.000000000000000000e+00 0.000000000000000000e+00 6.155489818452440254e+00 -3.735084192586464269e+01 -9.762667240199526475e+00 0.000000000000000000e+00
0.000000000000000000e+00 0.000000000000000000e+00 0.000000000000000000e+00 1.757689362809917055e+00 -4.207221540259220127e+00 -1.225244131717545981e+00 0.000000000000000000e+00
0.000000000000000000e+00 0.000000000000000000e+00 0.000000000000000000e+00 2.031753812636960976e+00 3.767054275934931695e+01 7.349371697320668417e+00 0.000000000000000000e+00
0.000000000000000000e+00 0.000000000000000000e+00 0.000000000000000000e+00 3.160930530325400500e+00 -1.544065116383940328e+01 -3.531319594826213937e+00 0.000000000000000000e+00
0.000000000000000000e+00 0.000000000000000000e+00 0.000000000000000000e+00 3.624228373945597603e+00 3.941068216546302949e+01 8.149605282771645420e+00 0.000000000000000000e+00
0.000000000000000000e+00 0.000000000000000000e+00 0.000000000000000000e+00 8.052484207333282740e+00 -3.265084776029351588e+01 -9.138770935947508889e+00 0.000000000000000000e+00
0.000000000000000000e+00 0.000000000000000000e+00 0.000000000000000000e+00 1.093400537342548695e+01 -9.058675869163803895e+01 -3.253359713240383400e+01 0.000000000000000000e+00
0.000000000000000000e+00 0.000000000000000000e+00 0.000000000000000000e+00 4.954552159894593188e+00 -1.785306373030854488e+01 -4.402059094497342784e+00 0.000000000000000000e+00
0.000000000000000000e+00 0.000000000000000000e+00 0.000000000000000000e+00 7.833470062072477091e+00 -4.305651437023072958e+01 -1.325247251358084988e+01 0.000000000000000000e+00
0.000000000000000000e+00 0.000000000000000000e+00 0.000000000000000000e+00 3.043786337017772681e+00 -2.115117675034070643e+01 -4.522162216443496696e+00 0.000000000000000000e+00
0.000000000000000000e+00 0.000000000000000000e+00 0.000000000000000000e+00 9.332799973591713538e+00 -1.085664045127927437e+02 -3.929287537497583571e+01 0.000000000000000000e+00
0.000000000000000000e+00 0.000000000000000000e+00 0.000000000000000000e+00 3.723061498953758708e+00 4.607715349571355290e+01 9.788172331825085948e+00 0.000000000000000000e+00
0.000000000000000000e+00 0.000000000000000000e+00 0.000000000000000000e+00 8.459566986329537741e+00 5.085469003349391670e+01 1.732605079889619404e+01 0.000000000000000000e+00
0.000000000000000000e+00 0.000000000000000000e+00 0.000000000000000000e+00 5.109012764882549185e+00 1.122328763499831972e+01 2.476701069555625079e+00 0.000000000000000000e+00
0.000000000000000000e+00 0.000000000000000000e+00 0.000000000000000000e+00 9.657542102423475328e+00 6.363105887658270632e+01 2.586998917284021715e+01 0.000000000000000000e+00
0.000000000000000000e+00 0.000000000000000000e+00 0.000000000000000000e+00 1.306110172977350281e+01 3.168837713582889126e+00 2.870158520123625934e+00 0.000000000000000000e+00
0.000000000000000000e+00 0.000000000000000000e+00 0.000000000000000000e+00 1.557708741319444867e-01 2.789441785320898148e+01 5.324048441034247681e+00 0.000000000000000000e+00
0.000000000000000000e+00 0.000000000000000000e+00 0.000000000000000000e+00 1.379729148429054852e+01 -6.127879555868709360e-01 -7.351292412203545013e-01 0.000000000000000000e+00
0.000000000000000000e+00 0.000000000000000000e+00 0.000000000000000000e+00 4.600224189535651931e+00 -4.530610063004201038e+01 -1.025608947004268146e+01 0.000000000000000000e+00
0.000000000000000000e+00 0.000000000000000000e+00 0.000000000000000000e+00 5.835051839010938046e+00 2.396239011220175996e+01 6.068354879248825107e+00 0.000000000000000000e+00
0.000000000000000000e+00 0.000000000000000000e+00 0.000000000000000000e+00 1.433749385676051702e+00 -4.980785868895910795e+01 -1.002708206304576066e+01 0.000000000000000000e+00
0.000000000000000000e+00 0.000000000000000000e+00 0.000000000000000000e+00 5.921957977535723394e-01 4.489172603371047643e+01 8.662495385004898907e+00 0.000000000000000000e+00
0.000000000000000000e+00 0.000000000000000000e+00 0.000000000000000000e+00 3.447639159155234445e+00 1.859297169102834957e+01 3.488852899759736115e+00 0.000000000000000000e+00
0.000000000000000000e+00 0.000000000000000000e+00 0.000000000000000000e+00 4.941858838169877366e+00 -2.001098066269642928e+01 -4.900952180504030586e+00 0.000000000000000000e+00
0.000000000000000000e+00 0.000000000000000000e+00 0.000000000000000000e+00 4.208237226760381589e+00 5.161791772830371272e+00 1.578418047496875642e+00 0.000000000000000000e+00
0.000000000000000000e+00 0.000000000000000000e+00 0.000000000000000000e+00 2.570041757939168114e+00 1.802760530016240281e+01 4.092623187410978858e+00 0.000000000000000000e+00
0.000000000000000000e+00 0.000000000000000000e+00 0.000000000000000000e+00 2.858442014803204589e+00 -1.578864857585440262e+01 -3.069965898862689446e+00 0.000000000000000000e+00

Amplitudes vs time: t // theta_tt_old // theta_mt_old // alpha_cdt_old// theta_tt_opt // theta_mt_opt// alpha_cdt_opt  
0.000000000000000000e+00 6.944444444444444059e-03 9.930555555555555802e-01 0.000000000000000000e+00 1.261748922765629222e-01 7.939815070065735503e-01 0.000000000000000000e+00
1.000000000000000000e+00 2.083333333333333218e-02 9.791666666666666297e-01 0.000000000000000000e+00 3.444104390155630080e-01 7.990921806168258534e-01 0.000000000000000000e+00
2.000000000000000000e+00 3.472222222222222376e-02 9.652777777777777901e-01 0.000000000000000000e+00 4.984724761177374841e-01 7.990618040655209642e-01 0.000000000000000000e+00
3.000000000000000000e+00 4.861111111111111188e-02 9.513888888888888395e-01 0.000000000000000000e+00 5.972014994495346007e-01 7.963334455797475009e-01 0.000000000000000000e+00
4.000000000000000000e+00 6.250000000000000000e-02 9.375000000000000000e-01 0.000000000000000000e+00 6.599705222960533524e-01 7.890030323084231689e-01 0.000000000000000000e+00
5.000000000000000000e+00 7.638888888888889506e-02 9.236111111111111605e-01 0.000000000000000000e+00 7.027313701941058088e-01 7.784592918067311240e-01 0.000000000000000000e+00
6.000000000000000000e+00 9.027777777777777624e-02 9.097222222222222099e-01 0.000000000000000000e+00 7.344699555643864342e-01 7.679886837769602792e-01 0.000000000000000000e+00
7.000000000000000000e+00 1.041666666666666713e-01 8.958333333333333703e-01 0.000000000000000000e+00 7.587958836184378608e-01 7.599694790227072838e-01 0.000000000000000000e+00
8.000000000000000000e+00 1.180555555555555525e-01 8.819444444444444198e-01 0.000000000000000000e+00 7.768033349234909624e-01 7.548297709528835053e-01 0.000000000000000000e+00
9.000000000000000000e+00 1.319444444444444475e-01 8.680555555555555802e-01 0.000000000000000000e+00 7.891877531098928644e-01 7.517183311789475963e-01 0.000000000000000000e+00
1.000000000000000000e+01 1.458333333333333426e-01 8.541666666666666297e-01 0.000000000000000000e+00 7.971103112554761561e-01 7.496080596938119456e-01 0.000000000000000000e+00
1.100000000000000000e+01 1.597222222222222099e-01 8.402777777777777901e-01 0.000000000000000000e+00 8.021413741521106200e-01 7.478612083922446807e-01 0.000000000000000000e+00
1.200000000000000000e+01 1.736111111111111049e-01 8.263888888888888395e-01 0.000000000000000000e+00 8.058359568701092268e-01 7.461400684728702881e-01 0.000000000000000000e+00
1.300000000000000000e+01 1.875000000000000000e-01 8.125000000000000000e-01 0.000000000000000000e+00 8.093500253879726269e-01 7.441159285483667229e-01 0.000000000000000000e+00
1.400000000000000000e+01 2.013888888888888951e-01 7.986111111111111605e-01 0.000000000000000000e+00 8.132644733418294969e-01 7.414188376079399179e-01 0.000000000000000000e+00
1.500000000000000000e+01 2.152777777777777901e-01 7.847222222222222099e-01 0.000000000000000000e+00 8.176112221984650485e-01 7.378885415234892609e-01 0.000000000000000000e+00
1.600000000000000000e+01 2.291666666666666574e-01 7.708333333333333703e-01 0.000000000000000000e+00 8.220336767733809058e-01 7.338393131619234122e-01 0.000000000000000000e+00
1.700000000000000000e+01 2.430555555555555525e-01 7.569444444444444198e-01 0.000000000000000000e+00 8.260183559938691911e-01 7.300150589551657188e-01 0.000000000000000000e+00
1.800000000000000000e+01 2.569444444444444198e-01 7.430555555555555802e-01 0.000000000000000000e+00 8.291459413726398608e-01 7.271736430316813049e-01 0.000000000000000000e+00
1.900000000000000000e+01 2.708333333333333148e-01 7.291666666666667407e-01 0.000000000000000000e+00 8.313008544146549550e-01 7.255634277199330961e-01 0.000000000000000000e+00
2.000000000000000000e+01 2.847222222222222099e-01 7.152777777777777901e-01 0.000000000000000000e+00 8.327640558353623934e-01 7.246800088399868445e-01 0.000000000000000000e+00
2.100000000000000000e+01 2.986111111111111049e-01 7.013888888888888395e-01 0.000000000000000000e+00 8.341281879456120540e-01 7.235207486026757895e-01 0.000000000000000000e+00
2.200000000000000000e+01 3.125000000000000000e-01 6.875000000000000000e-01 0.000000000000000000e+00 8.360356657098495514e-01 7.212118067326023230e-01 0.000000000000000000e+00
2.300000000000000000e+01 3.263888888888888951e-01 6.736111111111111605e-01 0.000000000000000000e+00 8.388303103024504770e-01 7.176110685612278051e-01 0.000000000000000000e+00
2.400000000000000000e+01 3.402777777777777901e-01 6.597222222222222099e-01 0.000000000000000000e+00 8.422825830723803531e-01 7.134833676177125827e-01 0.000000000000000000e+00
2.500000000000000000e+01 3.541666666666666852e-01 6.458333333333332593e-01 0.000000000000000000e+00 8.455468684177922523e-01 7.101128237249785258e-01 0.000000000000000000e+00
2.600000000000000000e+01 3.680555555555555802e-01 6.319444444444444198e-01 0.000000000000000000e+00 8.474181628333525840e-01 7.085848500865046251e-01 0.000000000000000000e+00
2.700000000000000000e+01 3.819444444444444198e-01 6.180555555555555802e-01 0.000000000000000000e+00 8.468064152332605010e-01 7.091916655717157569e-01 0.000000000000000000e+00
2.800000000000000000e+01 3.958333333333333148e-01 6.041666666666667407e-01 0.000000000000000000e+00 8.432109900592953400e-01 7.113367855420880126e-01 0.000000000000000000e+00
2.900000000000000000e+01 4.097222222222222099e-01 5.902777777777777901e-01 0.000000000000000000e+00 8.369323479856121129e-01 7.139779223331461644e-01 0.000000000000000000e+00
3.000000000000000000e+01 4.236111111111111049e-01 5.763888888888888395e-01 0.000000000000000000e+00 8.288443369801314908e-01 7.162691064617793257e-01 0.000000000000000000e+00
3.100000000000000000e+01 4.375000000000000000e-01 5.625000000000000000e-01 0.000000000000000000e+00 8.197469323442881928e-01 7.178962558082027101e-01 0.000000000000000000e+00
3.200000000000000000e+01 4.513888888888888951e-01 5.486111111111111605e-01 0.000000000000000000e+00 8.095443512667162000e-01 7.187768711099293828e-01 0.000000000000000000e+00
3.300000000000000000e+01 4.652777777777777901e-01 5.347222222222222099e-01 0.000000000000000000e+00 7.966393935768494305e-01 7.182297860039086324e-01 0.000000000000000000e+00
3.400000000000000000e+01 4.791666666666666852e-01 5.208333333333332593e-01 0.000000000000000000e+00 7.779176759187388379e-01 7.141543781912316202e-01 0.000000000000000000e+00
3.500000000000000000e+01 4.930555555555555802e-01 5.069444444444444198e-01 0.000000000000000000e+00 7.494983084756080549e-01 7.029040596211004743e-01 0.000000000000000000e+00
3.600000000000000000e+01 5.069444444444444198e-01 4.930555555555555802e-01 0.000000000000000000e+00 7.081158822779280992e-01 6.802599026963932483e-01 0.000000000000000000e+00
3.700000000000000000e+01 5.208333333333333703e-01 4.791666666666666297e-01 0.000000000000000000e+00 6.526977267647515735e-01 6.433169724182066229e-01 0.000000000000000000e+00
3.800000000000000000e+01 5.347222222222222099e-01 4.652777777777777901e-01 0.000000000000000000e+00 5.855439535463637934e-01 5.925003877421113341e-01 0.000000000000000000e+00
3.900000000000000000e+01 5.486111111111111605e-01 4.513888888888888395e-01 0.000000000000000000e+00 5.125887682112989507e-01 5.326781021270042826e-01 0.000000000000000000e+00
4.000000000000000000e+01 5.625000000000000000e-01 4.375000000000000000e-01 0.000000000000000000e+00 4.425118254429892817e-01 4.726182615586482783e-01 0.000000000000000000e+00
4.100000000000000000e+01 5.763888888888888395e-01 4.236111111111111605e-01 0.000000000000000000e+00 3.848764056369456399e-01 4.227559461184671186e-01 0.000000000000000000e+00
4.200000000000000000e+01 5.902777777777777901e-01 4.097222222222222099e-01 0.000000000000000000e+00 3.478398384976336688e-01 3.920452683717763342e-01 0.000000000000000000e+00
4.300000000000000000e+01 6.041666666666666297e-01 3.958333333333333703e-01 0.000000000000000000e+00 3.361620451821337729e-01 3.851617115326965157e-01 0.000000000000000000e+00
4.400000000000000000e+01 6.180555555555555802e-01 3.819444444444444198e-01 0.000000000000000000e+00 3.501522451446028583e-01 4.012168405735765386e-01 0.000000000000000000e+00
4.500000000000000000e+01 6.319444444444444198e-01 3.680555555555555802e-01 0.000000000000000000e+00 3.858690159463005753e-01 4.344815513826451037e-01 0.000000000000000000e+00
4.600000000000000000e+01 6.458333333333333703e-01 3.541666666666666297e-01 0.000000000000000000e+00 4.364486624975791873e-01 4.767063127403163847e-01 0.000000000000000000e+00
4.700000000000000000e+01 6.597222222222222099e-01 3.402777777777777901e-01 0.000000000000000000e+00 4.940519855809979433e-01 5.199298064289735732e-01 0.000000000000000000e+00
4.800000000000000000e+01 6.736111111111111605e-01 3.263888888888888395e-01 0.000000000000000000e+00 5.517383757001943501e-01 5.585287594602663663e-01 0.000000000000000000e+00
4.900000000000000000e+01 6.875000000000000000e-01 3.125000000000000000e-01 0.000000000000000000e+00 6.046640888770840050e-01 5.897410242898334376e-01 0.000000000000000000e+00
5.000000000000000000e+01 7.013888888888888395e-01 2.986111111111111605e-01 0.000000000000000000e+00 6.503148768945400393e-01 6.127296342564269027e-01 0.000000000000000000e+00
5.100000000000000000e+01 7.152777777777777901e-01 2.847222222222222099e-01 0.000000000000000000e+00 6.878882106297465882e-01 6.270030915258337778e-01 0.000000000000000000e+00
5.200000000000000000e+01 7.291666666666666297e-01 2.708333333333333703e-01 0.000000000000000000e+00 7.172698530512564563e-01 6.312748310181632849e-01 0.000000000000000000e+00
5.300000000000000000e+01 7.430555555555555802e-01 2.569444444444444198e-01 0.000000000000000000e+00 7.381720377129475930e-01 6.235021841330899983e-01 0.000000000000000000e+00
5.400000000000000000e+01 7.569444444444444198e-01 2.430555555555555802e-01 0.000000000000000000e+00 7.498738275362923922e-01 6.020920148455547460e-01 0.000000000000000000e+00
5.500000000000000000e+01 7.708333333333333703e-01 2.291666666666666297e-01 0.000000000000000000e+00 7.516908374827285799e-01 5.675184133385254848e-01 0.000000000000000000e+00
5.600000000000000000e+01 7.847222222222222099e-01 2.152777777777777901e-01 0.000000000000000000e+00 7.439399419734852303e-01 5.232834325507932371e-01 0.000000000000000000e+00
5.700000000000000000e+01 7.986111111111111605e-01 2.013888888888888395e-01 0.000000000000000000e+00 7.289098967351284042e-01 4.754491300955482336e-01 0.000000000000000000e+00
5.800000000000000000e+01 8.125000000000000000e-01 1.875000000000000000e-01 0.000000000000000000e+00 7.113076665696922429e-01 4.307285314236966034e-01 0.000000000000000000e+00
5.900000000000000000e+01 8.263888888888888395e-01 1.736111111111111605e-01 0.000000000000000000e+00 6.978381359057608258e-01 3.939384295186691975e-01 0.000000000000000000e+00
6.000000000000000000e+01 8.402777777777777901e-01 1.597222222222222099e-01 0.000000000000000000e+00 6.959124867339894216e-01 3.660420809780173812e-01 0.000000000000000000e+00
6.100000000000000000e+01 8.541666666666666297e-01 1.458333333333333703e-01 0.000000000000000000e+00 7.118296427738892707e-01 3.437991991042952389e-01 0.000000000000000000e+00
6.200000000000000000e+01 8.680555555555555802e-01 1.319444444444444198e-01 0.000000000000000000e+00 7.489973907435055755e-01 3.212843725849030552e-01 0.000000000000000000e+00
6.300000000000000000e+01 8.819444444444444198e-01 1.180555555555555802e-01 0.000000000000000000e+00 8.067724959968050058e-01 2.926161002193855554e-01 0.000000000000000000e+00
6.400000000000000000e+01 8.958333333333333703e-01 1.041666666666666297e-01 0.000000000000000000e+00 8.803055065213620800e-01 2.546328138307444866e-01 0.000000000000000000e+00
6.500000000000000000e+01 9.097222222222222099e-01 9.027777777777779011e-02 0.000000000000000000e+00 9.614578263323219076e-01 2.082770451230191444e-01 0.000000000000000000e+00
6.600000000000000000e+01 9.236111111111111605e-01 7.638888888888883955e-02 0.000000000000000000e+00 1.040537746413827236e+00 1.580945922261048076e-01 0.000000000000000000e+00
6.700000000000000000e+01 9.375000000000000000e-01 6.250000000000000000e-02 0.000000000000000000e+00 1.108388270463650294e+00 1.101889473830836574e-01 0.000000000000000000e+00
6.800000000000000000e+01 9.513888888888888395e-01 4.861111111111116045e-02 0.000000000000000000e+00 1.158309067763687583e+00 6.971044040975971079e-02 0.000000000000000000e+00
6.900000000000000000e+01 9.652777777777777901e-01 3.472222222222220989e-02 0.000000000000000000e+00 1.187395978401527774e+00 3.912746682461413356e-02 0.000000000000000000e+00
7.000000000000000000e+01 9.791666666666666297e-01 2.083333333333337034e-02 0.000000000000000000e+00 1.197070531241745339e+00 1.804941928527408618e-02 0.000000000000000000e+00
7.100000000000000000e+01 9.930555555555555802e-01 6.944444444444419773e-03 0.000000000000000000e+00 1.192769549010301189e+00 4.512968455717717917e-03 0.000000000000000000e+00

Residual energy after optimization is 0.001601976202870909 C0x=0.550483171322745 C0z=1.187932913982563 C0xz=1.0
Optimization procedure took 517.6404855251312 seconds