### PARAMETERS OF THE TIME EVOLUTION ### 
Total time tau = 54
Timestep dt = 1
P = tau/dt = 54
Number of Fourier coefficients Nc = 54

gamma(t) = t/T*(delta_t + \sum_i^Nc gamma_i*f_i(wi, t) 
beta(t) = (1-t/T)*(delta_t + \sum_i^Nc beta_i*f_i(wi, t)

CRAB coefficient   Cz_start// Cx_start// Cxz_start // pulses//  Cz_opt // Cx_opt // Cxz_opt  
0.000000000000000000e+00 0.000000000000000000e+00 0.000000000000000000e+00 1.301114040895794766e+01 4.175182038467749324e-03 6.099576696907072632e-03 0.000000000000000000e+00
0.000000000000000000e+00 0.000000000000000000e+00 0.000000000000000000e+00 3.887511617336476988e+00 -3.552980722928186896e+00 -3.154970490023390362e+00 0.000000000000000000e+00
0.000000000000000000e+00 0.000000000000000000e+00 0.000000000000000000e+00 3.604599982597933128e+00 -1.328643148888463354e+00 -9.729901590560858793e+00 0.000000000000000000e+00
0.000000000000000000e+00 0.000000000000000000e+00 0.000000000000000000e+00 4.453290306523885356e+00 1.597653762184057857e+00 1.093680701556445101e+01 0.000000000000000000e+00
0.000000000000000000e+00 0.000000000000000000e+00 0.000000000000000000e+00 6.654290295865048499e+00 2.312624906134212122e+00 -2.390249145549689658e+01 0.000000000000000000e+00
0.000000000000000000e+00 0.000000000000000000e+00 0.000000000000000000e+00 2.119060530143685117e+00 -2.189000073096624366e+00 -8.032248385329987528e+00 0.000000000000000000e+00
0.000000000000000000e+00 0.000000000000000000e+00 0.000000000000000000e+00 2.236768581442117210e+01 4.732750685139914073e-04 5.615445050705694359e-04 0.000000000000000000e+00
0.000000000000000000e+00 0.000000000000000000e+00 0.000000000000000000e+00 3.500158210471956632e+00 7.692963521073767352e-02 -8.174961333113509809e+00 0.000000000000000000e+00
0.000000000000000000e+00 0.000000000000000000e+00 0.000000000000000000e+00 7.730096739126222083e-01 -1.254241111424274857e+00 -1.984583516591932328e+00 0.000000000000000000e+00
0.000000000000000000e+00 0.000000000000000000e+00 0.000000000000000000e+00 4.937615626924818368e-01 -2.705892679941664269e+00 -1.019786350824631427e+01 0.000000000000000000e+00
0.000000000000000000e+00 0.000000000000000000e+00 0.000000000000000000e+00 3.299474114390072099e+00 2.726516299309517333e+00 2.876794679778454378e-01 0.000000000000000000e+00
0.000000000000000000e+00 0.000000000000000000e+00 0.000000000000000000e+00 1.376165740700443063e+00 2.011251333821078902e+00 5.312880071659850323e+00 0.000000000000000000e+00
0.000000000000000000e+00 0.000000000000000000e+00 0.000000000000000000e+00 2.331049664486855466e+00 -1.363937636597394087e+00 2.227134151834702980e+00 0.000000000000000000e+00
0.000000000000000000e+00 0.000000000000000000e+00 0.000000000000000000e+00 4.265633687281119024e-01 -2.723837690233499309e+00 -1.076794027435482271e+01 0.000000000000000000e+00
0.000000000000000000e+00 0.000000000000000000e+00 0.000000000000000000e+00 8.013916507816738477e-01 -1.019819502047857984e+00 -8.817744120745499847e-01 0.000000000000000000e+00
0.000000000000000000e+00 0.000000000000000000e+00 0.000000000000000000e+00 7.591956253777314423e+00 2.145253037889986558e+00 8.658050748010706954e+00 0.000000000000000000e+00
0.000000000000000000e+00 0.000000000000000000e+00 0.000000000000000000e+00 4.972495609397567407e+00 2.423390438134163105e+00 -1.465660175195200310e+01 0.000000000000000000e+00
0.000000000000000000e+00 0.000000000000000000e+00 0.000000000000000000e+00 4.598264345967155720e+00 3.140166404299963965e+00 5.163357756073539306e+00 0.000000000000000000e+00
0.000000000000000000e+00 0.000000000000000000e+00 0.000000000000000000e+00 1.102619041309704562e+00 1.405154107673908914e+00 7.895009117439956370e+00 0.000000000000000000e+00
0.000000000000000000e+00 0.000000000000000000e+00 0.000000000000000000e+00 1.531500674496617798e+01 9.638425269073616630e-03 3.905818068419134644e-03 0.000000000000000000e+00
0.000000000000000000e+00 0.000000000000000000e+00 0.000000000000000000e+00 3.271141572308165379e+00 3.037383878643650892e+00 1.862030844637246219e+00 0.000000000000000000e+00
0.000000000000000000e+00 0.000000000000000000e+00 0.000000000000000000e+00 8.016725058912705038e+00 5.100256237909762902e+00 -2.318839758041148613e+01 0.000000000000000000e+00
0.000000000000000000e+00 0.000000000000000000e+00 0.000000000000000000e+00 1.099087814046927924e+01 5.468358939147713316e-02 4.373458880339241017e-01 0.000000000000000000e+00
0.000000000000000000e+00 0.000000000000000000e+00 0.000000000000000000e+00 3.566296144068129337e+00 -8.299840221183047984e-01 -9.426232287270536858e+00 0.000000000000000000e+00
0.000000000000000000e+00 0.000000000000000000e+00 0.000000000000000000e+00 1.378935790330722666e+00 2.005665077629734228e+00 5.231999199099797160e+00 0.000000000000000000e+00
0.000000000000000000e+00 0.000000000000000000e+00 0.000000000000000000e+00 1.280735606704395790e+00 2.057496886996068142e+00 7.498651375238534200e+00 0.000000000000000000e+00
0.000000000000000000e+00 0.000000000000000000e+00 0.000000000000000000e+00 1.631959553630858206e+00 6.570103075743072285e-01 -4.315430379773915526e+00 0.000000000000000000e+00
0.000000000000000000e+00 0.000000000000000000e+00 0.000000000000000000e+00 5.403350666573457417e+00 -4.257381656465172526e+00 -5.915703389507912524e-01 0.000000000000000000e+00
0.000000000000000000e+00 0.000000000000000000e+00 0.000000000000000000e+00 7.100954315459542698e+00 -3.421841808498820914e+00 -5.680950577073108576e+00 0.000000000000000000e+00
0.000000000000000000e+00 0.000000000000000000e+00 0.000000000000000000e+00 1.282101152181662762e+00 2.058866875207874259e+00 7.476347764484386538e+00 0.000000000000000000e+00
0.000000000000000000e+00 0.000000000000000000e+00 0.000000000000000000e+00 1.056186769856529395e+01 3.025270439711846490e-02 -9.392580442180940015e-01 0.000000000000000000e+00
0.000000000000000000e+00 0.000000000000000000e+00 0.000000000000000000e+00 1.592522815199860942e+00 9.536194961849894236e-01 -2.738130428198865207e+00 0.000000000000000000e+00
0.000000000000000000e+00 0.000000000000000000e+00 0.000000000000000000e+00 3.995639208741284421e+00 -3.441518043518702274e+00 1.928263427329341306e+00 0.000000000000000000e+00
0.000000000000000000e+00 0.000000000000000000e+00 0.000000000000000000e+00 2.004650115887656181e+00 -1.976482685381461657e+00 -1.082987074184597276e+01 0.000000000000000000e+00
0.000000000000000000e+00 0.000000000000000000e+00 0.000000000000000000e+00 7.130747398154728245e+00 -3.537602488398360556e+00 -2.923440688897619211e+00 0.000000000000000000e+00
0.000000000000000000e+00 0.000000000000000000e+00 0.000000000000000000e+00 9.426999595135542975e+00 -6.433946739264714942e+00 3.562845690882939920e+01 0.000000000000000000e+00
0.000000000000000000e+00 0.000000000000000000e+00 0.000000000000000000e+00 2.508594015477252803e+00 3.491730043533992078e-01 1.229941773807104610e+01 0.000000000000000000e+00
0.000000000000000000e+00 0.000000000000000000e+00 0.000000000000000000e+00 5.309312405427609072e+00 -2.899250997504178695e+00 -8.125882182874464732e+00 0.000000000000000000e+00
0.000000000000000000e+00 0.000000000000000000e+00 0.000000000000000000e+00 6.408613779382073439e+00 3.482594492233983985e+00 -2.529411723140857493e+00 0.000000000000000000e+00
0.000000000000000000e+00 0.000000000000000000e+00 0.000000000000000000e+00 8.560094273542956600e+00 -5.304174936272732843e+00 3.381649934764870835e+01 0.000000000000000000e+00
0.000000000000000000e+00 0.000000000000000000e+00 0.000000000000000000e+00 4.649675585446165549e+00 3.487765535215707757e+00 2.349462752579840608e+00 0.000000000000000000e+00
0.000000000000000000e+00 0.000000000000000000e+00 0.000000000000000000e+00 9.323244633702341133e+00 8.349506859969288541e+00 -4.427487555064136870e+01 0.000000000000000000e+00
0.000000000000000000e+00 0.000000000000000000e+00 0.000000000000000000e+00 2.123453806505309682e+00 -2.188173186994135211e+00 -7.878599925877735721e+00 0.000000000000000000e+00
0.000000000000000000e+00 0.000000000000000000e+00 0.000000000000000000e+00 2.074726183568411653e+00 -2.159130838760655369e+00 -9.398408446218370571e+00 0.000000000000000000e+00
0.000000000000000000e+00 0.000000000000000000e+00 0.000000000000000000e+00 4.169081953698949405e+00 -2.126377004446743157e+00 9.392383886624484646e+00 0.000000000000000000e+00
0.000000000000000000e+00 0.000000000000000000e+00 0.000000000000000000e+00 7.480620825490867709e+00 -1.237454796467739038e-01 1.355818839722033609e+01 0.000000000000000000e+00
0.000000000000000000e+00 0.000000000000000000e+00 0.000000000000000000e+00 2.810468855602865634e+00 3.588332244663080761e+00 2.062120235169166804e+01 0.000000000000000000e+00
0.000000000000000000e+00 0.000000000000000000e+00 0.000000000000000000e+00 3.087298399982777997e-01 -2.404795491100128579e+00 -1.004665282907114410e+01 0.000000000000000000e+00
0.000000000000000000e+00 0.000000000000000000e+00 0.000000000000000000e+00 9.308190315761664113e-01 1.024492048979708803e-01 3.876299823977280568e+00 0.000000000000000000e+00
0.000000000000000000e+00 0.000000000000000000e+00 0.000000000000000000e+00 8.243713347718131246e+00 1.148196676823445700e-01 -1.099112173823606220e+01 0.000000000000000000e+00
0.000000000000000000e+00 0.000000000000000000e+00 0.000000000000000000e+00 6.137366167172553233e+00 5.391334318413293358e-01 2.731445481890033733e+01 0.000000000000000000e+00
0.000000000000000000e+00 0.000000000000000000e+00 0.000000000000000000e+00 8.518014786424652485e-01 -5.871050254212579755e-01 1.056965221367334173e+00 0.000000000000000000e+00
0.000000000000000000e+00 0.000000000000000000e+00 0.000000000000000000e+00 8.254047249903752714e+00 -1.659179940468853143e-01 -9.728124234594339725e+00 0.000000000000000000e+00
0.000000000000000000e+00 0.000000000000000000e+00 0.000000000000000000e+00 7.447928106379341884e+00 -7.479580081398898850e-01 1.400070445483547488e+01 0.000000000000000000e+00

Amplitudes vs time: t // theta_tt_old // theta_mt_old // alpha_cdt_old// theta_tt_opt // theta_mt_opt// alpha_cdt_opt  
0.000000000000000000e+00 9.259259259259258745e-03 9.907407407407406996e-01 0.000000000000000000e+00 5.760008218434031074e-02 7.244454483026608882e-01 0.000000000000000000e+00
1.000000000000000000e+00 2.777777777777777624e-02 9.722222222222222099e-01 0.000000000000000000e+00 1.629081744032280232e-01 7.136607993695710528e-01 0.000000000000000000e+00
2.000000000000000000e+00 4.629629629629629373e-02 9.537037037037037202e-01 0.000000000000000000e+00 2.566214873727670764e-01 7.191850016432299597e-01 0.000000000000000000e+00
3.000000000000000000e+00 6.481481481481481122e-02 9.351851851851852304e-01 0.000000000000000000e+00 3.287499070630930942e-01 6.962119967663759068e-01 0.000000000000000000e+00
4.000000000000000000e+00 8.333333333333332871e-02 9.166666666666666297e-01 0.000000000000000000e+00 3.680025956089590933e-01 6.366245801657428594e-01 0.000000000000000000e+00
5.000000000000000000e+00 1.018518518518518462e-01 8.981481481481481399e-01 0.000000000000000000e+00 3.706497384206594581e-01 5.507332540351237427e-01 0.000000000000000000e+00
6.000000000000000000e+00 1.203703703703703637e-01 8.796296296296296502e-01 0.000000000000000000e+00 3.433606398501638512e-01 4.564376481182865763e-01 0.000000000000000000e+00
7.000000000000000000e+00 1.388888888888888951e-01 8.611111111111111605e-01 0.000000000000000000e+00 3.012238537831204432e-01 3.732714659871041452e-01 0.000000000000000000e+00
8.000000000000000000e+00 1.574074074074074125e-01 8.425925925925925597e-01 0.000000000000000000e+00 2.629550927401637095e-01 3.181968859495935553e-01 0.000000000000000000e+00
9.000000000000000000e+00 1.759259259259259300e-01 8.240740740740740700e-01 0.000000000000000000e+00 2.451961978867796266e-01 3.013211657783017583e-01 0.000000000000000000e+00
1.000000000000000000e+01 1.944444444444444475e-01 8.055555555555555802e-01 0.000000000000000000e+00 2.576678098175525511e-01 3.227424783152850196e-01 0.000000000000000000e+00
1.100000000000000000e+01 2.129629629629629650e-01 7.870370370370369795e-01 0.000000000000000000e+00 3.008059805105774975e-01 3.730691170611957208e-01 0.000000000000000000e+00
1.200000000000000000e+01 2.314814814814814825e-01 7.685185185185184897e-01 0.000000000000000000e+00 3.667504745765863827e-01 4.379332884924577174e-01 0.000000000000000000e+00
1.300000000000000000e+01 2.500000000000000000e-01 7.500000000000000000e-01 0.000000000000000000e+00 4.430698755208363204e-01 5.036360324529207677e-01 0.000000000000000000e+00
1.400000000000000000e+01 2.685185185185185452e-01 7.314814814814813992e-01 0.000000000000000000e+00 5.173598945316204567e-01 5.606737199817333206e-01 0.000000000000000000e+00
1.500000000000000000e+01 2.870370370370370350e-01 7.129629629629630205e-01 0.000000000000000000e+00 5.807842518845083291e-01 6.043997986284532775e-01 0.000000000000000000e+00
1.600000000000000000e+01 3.055555555555555802e-01 6.944444444444444198e-01 0.000000000000000000e+00 6.295621875890016206e-01 6.341983323181812349e-01 0.000000000000000000e+00
1.700000000000000000e+01 3.240740740740740700e-01 6.759259259259259300e-01 0.000000000000000000e+00 6.644176586846927135e-01 6.522856537501795504e-01 0.000000000000000000e+00
1.800000000000000000e+01 3.425925925925926152e-01 6.574074074074074403e-01 0.000000000000000000e+00 6.886239172101222827e-01 6.621235039108428477e-01 0.000000000000000000e+00
1.900000000000000000e+01 3.611111111111111049e-01 6.388888888888888395e-01 0.000000000000000000e+00 7.056885385212883222e-01 6.665642020034358017e-01 0.000000000000000000e+00
2.000000000000000000e+01 3.796296296296296502e-01 6.203703703703703498e-01 0.000000000000000000e+00 7.178791600792775451e-01 6.667590761171071634e-01 0.000000000000000000e+00
2.100000000000000000e+01 3.981481481481481399e-01 6.018518518518518601e-01 0.000000000000000000e+00 7.261827541307243061e-01 6.625505970991925064e-01 0.000000000000000000e+00
2.200000000000000000e+01 4.166666666666666852e-01 5.833333333333332593e-01 0.000000000000000000e+00 7.310170981854211547e-01 6.534939525535269356e-01 0.000000000000000000e+00
2.300000000000000000e+01 4.351851851851851749e-01 5.648148148148148806e-01 0.000000000000000000e+00 7.323297737717329170e-01 6.390285014566121635e-01 0.000000000000000000e+00
2.400000000000000000e+01 4.537037037037037202e-01 5.462962962962962798e-01 0.000000000000000000e+00 7.286756256709713275e-01 6.177667342583489374e-01 0.000000000000000000e+00
2.500000000000000000e+01 4.722222222222222099e-01 5.277777777777777901e-01 0.000000000000000000e+00 7.165909615019405710e-01 5.875104394223944482e-01 0.000000000000000000e+00
2.600000000000000000e+01 4.907407407407407551e-01 5.092592592592593004e-01 0.000000000000000000e+00 6.919446909559221481e-01 5.470661851762265160e-01 0.000000000000000000e+00
2.700000000000000000e+01 5.092592592592593004e-01 4.907407407407406996e-01 0.000000000000000000e+00 6.531743670722802708e-01 4.987115898778645695e-01 0.000000000000000000e+00
2.800000000000000000e+01 5.277777777777777901e-01 4.722222222222222099e-01 0.000000000000000000e+00 6.042047824746774598e-01 4.490311113204207838e-01 0.000000000000000000e+00
2.900000000000000000e+01 5.462962962962962798e-01 4.537037037037037202e-01 0.000000000000000000e+00 5.546984682591402649e-01 4.071571630122956531e-01 0.000000000000000000e+00
3.000000000000000000e+01 5.648148148148147696e-01 4.351851851851852304e-01 0.000000000000000000e+00 5.171805214437432685e-01 3.815559912445629642e-01 0.000000000000000000e+00
3.100000000000000000e+01 5.833333333333333703e-01 4.166666666666666297e-01 0.000000000000000000e+00 5.025303546624680928e-01 3.771420199524471162e-01 0.000000000000000000e+00
3.200000000000000000e+01 6.018518518518518601e-01 3.981481481481481399e-01 0.000000000000000000e+00 5.158813990223756196e-01 3.936602956476614179e-01 0.000000000000000000e+00
3.300000000000000000e+01 6.203703703703703498e-01 3.796296296296296502e-01 0.000000000000000000e+00 5.545219950330138037e-01 4.255340519543898692e-01 0.000000000000000000e+00
3.400000000000000000e+01 6.388888888888888395e-01 3.611111111111111605e-01 0.000000000000000000e+00 6.087899882668077467e-01 4.633505545842883100e-01 0.000000000000000000e+00
3.500000000000000000e+01 6.574074074074074403e-01 3.425925925925925597e-01 0.000000000000000000e+00 6.659741509504214507e-01 4.969026040497979135e-01 0.000000000000000000e+00
3.600000000000000000e+01 6.759259259259259300e-01 3.240740740740740700e-01 0.000000000000000000e+00 7.155178906854584575e-01 5.186709093072567889e-01 0.000000000000000000e+00
3.700000000000000000e+01 6.944444444444444198e-01 3.055555555555555802e-01 0.000000000000000000e+00 7.525427741480228416e-01 5.259025407052405621e-01 0.000000000000000000e+00
3.800000000000000000e+01 7.129629629629629095e-01 2.870370370370370905e-01 0.000000000000000000e+00 7.777067687033236698e-01 5.202235878362706512e-01 0.000000000000000000e+00
3.900000000000000000e+01 7.314814814814815103e-01 2.685185185185184897e-01 0.000000000000000000e+00 7.943776279656220574e-01 5.054565666902948173e-01 0.000000000000000000e+00
4.000000000000000000e+01 7.500000000000000000e-01 2.500000000000000000e-01 0.000000000000000000e+00 8.060948274569791350e-01 4.852485335336017558e-01 0.000000000000000000e+00
4.100000000000000000e+01 7.685185185185184897e-01 2.314814814814815103e-01 0.000000000000000000e+00 8.160823645863143350e-01 4.615729402524827996e-01 0.000000000000000000e+00
4.200000000000000000e+01 7.870370370370370905e-01 2.129629629629629095e-01 0.000000000000000000e+00 8.276642388187955834e-01 4.342154651417776123e-01 0.000000000000000000e+00
4.300000000000000000e+01 8.055555555555555802e-01 1.944444444444444198e-01 0.000000000000000000e+00 8.434045141061903283e-01 4.011181230252016672e-01 0.000000000000000000e+00
4.400000000000000000e+01 8.240740740740740700e-01 1.759259259259259300e-01 0.000000000000000000e+00 8.628067361820415115e-01 3.596522870736251210e-01 0.000000000000000000e+00
4.500000000000000000e+01 8.425925925925925597e-01 1.574074074074074403e-01 0.000000000000000000e+00 8.808123355230156326e-01 3.085920693369440526e-01 0.000000000000000000e+00
4.600000000000000000e+01 8.611111111111111605e-01 1.388888888888888395e-01 0.000000000000000000e+00 8.891954924961565920e-01 2.498065556684123112e-01 0.000000000000000000e+00
4.700000000000000000e+01 8.796296296296296502e-01 1.203703703703703498e-01 0.000000000000000000e+00 8.806198384724674977e-01 1.884892438219228916e-01 0.000000000000000000e+00
4.800000000000000000e+01 8.981481481481481399e-01 1.018518518518518601e-01 0.000000000000000000e+00 8.532346763941034418e-01 1.315800330776751015e-01 0.000000000000000000e+00
4.900000000000000000e+01 9.166666666666666297e-01 8.333333333333337034e-02 0.000000000000000000e+00 8.135277557163278495e-01 8.517592318088321179e-02 0.000000000000000000e+00
5.000000000000000000e+01 9.351851851851852304e-01 6.481481481481476958e-02 0.000000000000000000e+00 7.757638224806209237e-01 5.221415811067221802e-02 0.000000000000000000e+00
5.100000000000000000e+01 9.537037037037037202e-01 4.629629629629627985e-02 0.000000000000000000e+00 7.570826111067497921e-01 3.144529463548053488e-02 0.000000000000000000e+00
5.200000000000000000e+01 9.722222222222222099e-01 2.777777777777779011e-02 0.000000000000000000e+00 7.691727165856497850e-01 1.816767214977427214e-02 0.000000000000000000e+00
5.300000000000000000e+01 9.907407407407406996e-01 9.259259259259300379e-03 0.000000000000000000e+00 8.105333100060738705e-01 6.559273952415988103e-03 0.000000000000000000e+00

Residual energy after optimization is 0.0038358431968027115 C0x=0.750665633837443 C0z=0.837543067997489 C0xz=1.0
Optimization procedure took 323.89459776878357 seconds