### PARAMETERS OF THE TIME EVOLUTION ### 
Total time tau = 72
Timestep dt = 1
P = tau/dt = 72
Number of Fourier coefficients Nc = 72

gamma(t) = t/T*(delta_t + \sum_i^Nc gamma_i*f_i(wi, t) 
beta(t) = (1-t/T)*(delta_t + \sum_i^Nc beta_i*f_i(wi, t)

CRAB coefficient   Cz_start// Cx_start// Cxz_start // pulses//  Cz_opt // Cx_opt // Cxz_opt  
0.000000000000000000e+00 0.000000000000000000e+00 0.000000000000000000e+00 5.555504980798024128e+00 2.022864323363383399e+00 -1.159969287606877897e+00 0.000000000000000000e+00
0.000000000000000000e+00 0.000000000000000000e+00 0.000000000000000000e+00 4.242968733445668938e+00 -9.387386939962935273e+00 7.701193905641090964e+00 0.000000000000000000e+00
0.000000000000000000e+00 0.000000000000000000e+00 0.000000000000000000e+00 1.793203193338390733e+00 5.621462821495920359e+00 -4.606036355118728665e+00 0.000000000000000000e+00
0.000000000000000000e+00 0.000000000000000000e+00 0.000000000000000000e+00 6.911228027946417218e-02 2.461405579358701967e+00 -2.487103949450988338e+00 0.000000000000000000e+00
0.000000000000000000e+00 0.000000000000000000e+00 0.000000000000000000e+00 6.381588260284879466e-01 5.049124177189669105e+00 -5.441131953326209469e+00 0.000000000000000000e+00
0.000000000000000000e+00 0.000000000000000000e+00 0.000000000000000000e+00 6.835166034306319638e+00 1.723962109240136797e+01 -1.204577298382810291e+01 0.000000000000000000e+00
0.000000000000000000e+00 0.000000000000000000e+00 0.000000000000000000e+00 4.796969968266571627e+00 -2.223689212540453486e+00 1.482841298662422425e+00 0.000000000000000000e+00
0.000000000000000000e+00 0.000000000000000000e+00 0.000000000000000000e+00 3.739107912423954350e+00 1.093895619167125588e+01 -9.279710163689260938e+00 0.000000000000000000e+00
0.000000000000000000e+00 0.000000000000000000e+00 0.000000000000000000e+00 6.058958338324602622e+00 -1.018725220253227981e+01 7.415566626681820317e+00 0.000000000000000000e+00
0.000000000000000000e+00 0.000000000000000000e+00 0.000000000000000000e+00 4.674674833683141739e-01 8.711451749746810691e+00 -8.970335263792515335e+00 0.000000000000000000e+00
0.000000000000000000e+00 0.000000000000000000e+00 0.000000000000000000e+00 5.677373567840664492e+00 -4.577368120955157771e+00 4.008450744118214892e+00 0.000000000000000000e+00
0.000000000000000000e+00 0.000000000000000000e+00 0.000000000000000000e+00 3.139742351947520049e+00 -5.937838010354902885e+00 5.362190643282215063e+00 0.000000000000000000e+00
0.000000000000000000e+00 0.000000000000000000e+00 0.000000000000000000e+00 1.237099723308846544e+00 -1.110380445166283181e+01 1.098648098385042537e+01 0.000000000000000000e+00
0.000000000000000000e+00 0.000000000000000000e+00 0.000000000000000000e+00 9.530263299107158304e+00 4.092319786542065430e+01 -2.712784747710478328e+01 0.000000000000000000e+00
0.000000000000000000e+00 0.000000000000000000e+00 0.000000000000000000e+00 4.292571347254954262e+00 -1.099421136351880790e+01 9.007282375243688577e+00 0.000000000000000000e+00
0.000000000000000000e+00 0.000000000000000000e+00 0.000000000000000000e+00 8.947378847637998955e-01 -4.415129217299138986e+00 3.925253508659103385e+00 0.000000000000000000e+00
0.000000000000000000e+00 0.000000000000000000e+00 0.000000000000000000e+00 1.795645471655855641e+00 5.697456391183044033e+00 -4.680895034231756568e+00 0.000000000000000000e+00
0.000000000000000000e+00 0.000000000000000000e+00 0.000000000000000000e+00 5.032063891672706291e+00 9.193825072879347360e+00 -7.639387188578817600e+00 0.000000000000000000e+00
0.000000000000000000e+00 0.000000000000000000e+00 0.000000000000000000e+00 6.977509603481226286e+00 2.478622305467422571e+00 -2.048703392652738431e-01 0.000000000000000000e+00
0.000000000000000000e+00 0.000000000000000000e+00 0.000000000000000000e+00 8.055623205658937636e+00 1.563771472734352130e+01 -1.224627198071639889e+01 0.000000000000000000e+00
0.000000000000000000e+00 0.000000000000000000e+00 0.000000000000000000e+00 4.586431703489863843e+00 -1.118163140582689330e+01 8.923599271023716639e+00 0.000000000000000000e+00
0.000000000000000000e+00 0.000000000000000000e+00 0.000000000000000000e+00 5.674890671955948873e-01 6.987845567404797897e+00 -7.327269877703007417e+00 0.000000000000000000e+00
0.000000000000000000e+00 0.000000000000000000e+00 0.000000000000000000e+00 3.846482821860013335e+00 8.222997686393043182e+00 -6.989433754435250279e+00 0.000000000000000000e+00
0.000000000000000000e+00 0.000000000000000000e+00 0.000000000000000000e+00 6.106244866101953939e+00 -8.273330419046722284e+00 5.783809198599100476e+00 0.000000000000000000e+00
0.000000000000000000e+00 0.000000000000000000e+00 0.000000000000000000e+00 2.303428939973358514e+00 3.300691307208921899e+00 -3.559690893945718138e+00 0.000000000000000000e+00
0.000000000000000000e+00 0.000000000000000000e+00 0.000000000000000000e+00 4.661672028856652439e+00 -8.606559397429215608e+00 6.753128941554749076e+00 0.000000000000000000e+00
0.000000000000000000e+00 0.000000000000000000e+00 0.000000000000000000e+00 5.155876223433553562e+00 1.246133518138195662e+01 -1.007326110521253426e+01 0.000000000000000000e+00
0.000000000000000000e+00 0.000000000000000000e+00 0.000000000000000000e+00 9.399276462497940798e+00 2.916919856413928613e+01 -2.125054222196466114e+01 0.000000000000000000e+00
0.000000000000000000e+00 0.000000000000000000e+00 0.000000000000000000e+00 5.026394858893211470e+00 8.978997952479392808e+00 -7.473420918297464688e+00 0.000000000000000000e+00
0.000000000000000000e+00 0.000000000000000000e+00 0.000000000000000000e+00 1.311522191650202451e+01 6.679427375502471932e-03 2.047428828646806129e-02 0.000000000000000000e+00
0.000000000000000000e+00 0.000000000000000000e+00 0.000000000000000000e+00 9.307877181962505020e-01 -5.703208344029485843e+00 5.221104795193862280e+00 0.000000000000000000e+00
0.000000000000000000e+00 0.000000000000000000e+00 0.000000000000000000e+00 1.813823274262036733e+01 -1.871586792553643977e-03 -4.032458220696592995e-03 0.000000000000000000e+00
0.000000000000000000e+00 0.000000000000000000e+00 0.000000000000000000e+00 8.206406807075042664e+00 2.527814140122269393e+01 -1.762810119578666956e+01 0.000000000000000000e+00
0.000000000000000000e+00 0.000000000000000000e+00 0.000000000000000000e+00 6.210583178673863003e-01 5.565198092073294411e+00 -5.945396042913763779e+00 0.000000000000000000e+00
0.000000000000000000e+00 0.000000000000000000e+00 0.000000000000000000e+00 3.956844451514172079e+00 3.768945577555592674e+00 -3.237621939305847185e+00 0.000000000000000000e+00
0.000000000000000000e+00 0.000000000000000000e+00 0.000000000000000000e+00 4.239917315049771318e+00 -9.276723324249127600e+00 7.610954790648656321e+00 0.000000000000000000e+00
0.000000000000000000e+00 0.000000000000000000e+00 0.000000000000000000e+00 1.852921092624717492e+00 7.294350322513909468e+00 -6.271445871379283332e+00 0.000000000000000000e+00
0.000000000000000000e+00 0.000000000000000000e+00 0.000000000000000000e+00 2.048599937515098279e+00 9.325032408876749557e+00 -8.586592749506712252e+00 0.000000000000000000e+00
0.000000000000000000e+00 0.000000000000000000e+00 0.000000000000000000e+00 1.175277093176586352e+00 -1.104225883643653461e+01 1.080783747224377755e+01 0.000000000000000000e+00
0.000000000000000000e+00 0.000000000000000000e+00 0.000000000000000000e+00 3.055893806175912886e+00 -9.307609755385144013e+00 8.252120115629475450e+00 0.000000000000000000e+00
0.000000000000000000e+00 0.000000000000000000e+00 0.000000000000000000e+00 5.411100266389251345e+00 8.989764697950885619e+00 -6.825699288755037841e+00 0.000000000000000000e+00
0.000000000000000000e+00 0.000000000000000000e+00 0.000000000000000000e+00 2.454628910658662289e+00 -3.132823973628012570e+00 2.154220399015676080e+00 0.000000000000000000e+00
0.000000000000000000e+00 0.000000000000000000e+00 0.000000000000000000e+00 8.537556418267579161e+00 -2.285923941284263350e+01 1.936170928892364174e+01 0.000000000000000000e+00
0.000000000000000000e+00 0.000000000000000000e+00 0.000000000000000000e+00 9.733643936133670849e+00 -4.053836483117264322e+01 2.995896935309564668e+01 0.000000000000000000e+00
0.000000000000000000e+00 0.000000000000000000e+00 0.000000000000000000e+00 1.036373892993124546e+00 -8.878246688534877862e+00 8.460074404224442901e+00 0.000000000000000000e+00
0.000000000000000000e+00 0.000000000000000000e+00 0.000000000000000000e+00 3.668332442175992636e+00 1.161779313408243475e+01 -9.844139822292858000e+00 0.000000000000000000e+00
0.000000000000000000e+00 0.000000000000000000e+00 0.000000000000000000e+00 6.319036859795445160e+00 5.801883082583368711e+00 -5.443844838134062059e+00 0.000000000000000000e+00
0.000000000000000000e+00 0.000000000000000000e+00 0.000000000000000000e+00 7.661033996905904253e+00 -4.424725443799038516e+01 3.133572079847273884e+01 0.000000000000000000e+00
0.000000000000000000e+00 0.000000000000000000e+00 0.000000000000000000e+00 1.922421713345721928e-01 6.283332640475027375e+00 -6.362082926307652819e+00 0.000000000000000000e+00
0.000000000000000000e+00 0.000000000000000000e+00 0.000000000000000000e+00 6.723466008435952102e-01 3.940201113814016498e+00 -4.356669039493872297e+00 0.000000000000000000e+00
0.000000000000000000e+00 0.000000000000000000e+00 0.000000000000000000e+00 5.832882127259885863e+00 -1.090030192423547639e+01 8.683406431967036099e+00 0.000000000000000000e+00
0.000000000000000000e+00 0.000000000000000000e+00 0.000000000000000000e+00 5.929846838052064584e+00 -1.229592188363414351e+01 9.485719746861047241e+00 0.000000000000000000e+00
0.000000000000000000e+00 0.000000000000000000e+00 0.000000000000000000e+00 3.182066989603327123e+00 -4.014224385145729102e+00 3.704604882597382964e+00 0.000000000000000000e+00
0.000000000000000000e+00 0.000000000000000000e+00 0.000000000000000000e+00 3.990648868510799474e+00 2.184036584464986053e+00 -1.908139392820736635e+00 0.000000000000000000e+00
0.000000000000000000e+00 0.000000000000000000e+00 0.000000000000000000e+00 6.380667691566479505e+00 1.056412797327330289e+01 -9.067076050651925456e+00 0.000000000000000000e+00
0.000000000000000000e+00 0.000000000000000000e+00 0.000000000000000000e+00 5.624777482399311523e+00 -1.776805037608201188e+00 1.839413734816711443e+00 0.000000000000000000e+00
0.000000000000000000e+00 0.000000000000000000e+00 0.000000000000000000e+00 3.939316725517747919e+00 4.558052775583429472e+00 -3.901813362585099032e+00 0.000000000000000000e+00
0.000000000000000000e+00 0.000000000000000000e+00 0.000000000000000000e+00 3.841649097059009588e+00 8.384611517027140692e+00 -7.125173157213342101e+00 0.000000000000000000e+00
0.000000000000000000e+00 0.000000000000000000e+00 0.000000000000000000e+00 1.956149537369926961e+01 -9.401813666534426794e-03 3.647890325754133290e-03 0.000000000000000000e+00
0.000000000000000000e+00 0.000000000000000000e+00 0.000000000000000000e+00 2.071587176630132632e+01 2.166434563349527956e-04 -7.308143844986004362e-03 0.000000000000000000e+00
0.000000000000000000e+00 0.000000000000000000e+00 0.000000000000000000e+00 2.499424155058125319e+00 -5.077114133998626322e+00 3.902629569851732150e+00 0.000000000000000000e+00
0.000000000000000000e+00 0.000000000000000000e+00 0.000000000000000000e+00 1.086322108388774588e+01 -6.256760478880114551e-01 7.327001398559461753e-01 0.000000000000000000e+00
0.000000000000000000e+00 0.000000000000000000e+00 0.000000000000000000e+00 3.286549154513855875e+00 9.835808677175013059e-01 -6.145227433292416164e-01 0.000000000000000000e+00
0.000000000000000000e+00 0.000000000000000000e+00 0.000000000000000000e+00 2.584550985897238196e+00 -8.486987441379129748e+00 6.991768428323186235e+00 0.000000000000000000e+00
0.000000000000000000e+00 0.000000000000000000e+00 0.000000000000000000e+00 2.346754066612869494e+01 -1.439779710120999952e-03 2.516378028579854733e-03 0.000000000000000000e+00
0.000000000000000000e+00 0.000000000000000000e+00 0.000000000000000000e+00 2.286424142618154853e+00 3.947761396835917314e+00 -4.126567753397271332e+00 0.000000000000000000e+00
0.000000000000000000e+00 0.000000000000000000e+00 0.000000000000000000e+00 1.029788624866529112e+01 5.234576932018521589e+00 -4.652375777130514756e+00 0.000000000000000000e+00
0.000000000000000000e+00 0.000000000000000000e+00 0.000000000000000000e+00 8.037012364687733168e+00 1.332496798011180417e+01 -1.072474401303920821e+01 0.000000000000000000e+00
0.000000000000000000e+00 0.000000000000000000e+00 0.000000000000000000e+00 4.163334606603037891e+00 -6.142419958176715156e+00 5.031676577066836131e+00 0.000000000000000000e+00
0.000000000000000000e+00 0.000000000000000000e+00 0.000000000000000000e+00 5.420416348857177269e+00 8.619085852083246735e+00 -6.516368374708036981e+00 0.000000000000000000e+00
0.000000000000000000e+00 0.000000000000000000e+00 0.000000000000000000e+00 1.931760908034966917e+01 3.827472339318882186e-03 -1.166340410178857111e-02 0.000000000000000000e+00
0.000000000000000000e+00 0.000000000000000000e+00 0.000000000000000000e+00 9.204009278171085384e+00 -3.464447851029857617e+01 2.122979593768190654e+01 0.000000000000000000e+00

Amplitudes vs time: t // theta_tt_old // theta_mt_old // alpha_cdt_old// theta_tt_opt // theta_mt_opt// alpha_cdt_opt  
0.000000000000000000e+00 6.944444444444444059e-03 9.930555555555555802e-01 0.000000000000000000e+00 9.112887445035296186e-02 7.008120687232430868e-01 0.000000000000000000e+00
1.000000000000000000e+00 2.083333333333333218e-02 9.791666666666666297e-01 0.000000000000000000e+00 2.481245975234081524e-01 6.650275536125611620e-01 0.000000000000000000e+00
2.000000000000000000e+00 3.472222222222222376e-02 9.652777777777777901e-01 0.000000000000000000e+00 3.763770193973035583e-01 6.666660249286581186e-01 0.000000000000000000e+00
3.000000000000000000e+00 4.861111111111111188e-02 9.513888888888888395e-01 0.000000000000000000e+00 4.809390620130325478e-01 6.828742481414235010e-01 0.000000000000000000e+00
4.000000000000000000e+00 6.250000000000000000e-02 9.375000000000000000e-01 0.000000000000000000e+00 5.654415151576490661e-01 7.049647125402094261e-01 0.000000000000000000e+00
5.000000000000000000e+00 7.638888888888889506e-02 9.236111111111111605e-01 0.000000000000000000e+00 6.325561197760316556e-01 7.285199742052839156e-01 0.000000000000000000e+00
6.000000000000000000e+00 9.027777777777777624e-02 9.097222222222222099e-01 0.000000000000000000e+00 6.846999865507247263e-01 7.491681739656144146e-01 0.000000000000000000e+00
7.000000000000000000e+00 1.041666666666666713e-01 8.958333333333333703e-01 0.000000000000000000e+00 7.244086401280550591e-01 7.629338433816248433e-01 0.000000000000000000e+00
8.000000000000000000e+00 1.180555555555555525e-01 8.819444444444444198e-01 0.000000000000000000e+00 7.542551412441368397e-01 7.681249415851307827e-01 0.000000000000000000e+00
9.000000000000000000e+00 1.319444444444444475e-01 8.680555555555555802e-01 0.000000000000000000e+00 7.765538413743865442e-01 7.660638506031312023e-01 0.000000000000000000e+00
1.000000000000000000e+01 1.458333333333333426e-01 8.541666666666666297e-01 0.000000000000000000e+00 7.931623301425847483e-01 7.599502323329070386e-01 0.000000000000000000e+00
1.100000000000000000e+01 1.597222222222222099e-01 8.402777777777777901e-01 0.000000000000000000e+00 8.055191833242861810e-01 7.529316231672313897e-01 0.000000000000000000e+00
1.200000000000000000e+01 1.736111111111111049e-01 8.263888888888888395e-01 0.000000000000000000e+00 8.148327205335079704e-01 7.467954963889892328e-01 0.000000000000000000e+00
1.300000000000000000e+01 1.875000000000000000e-01 8.125000000000000000e-01 0.000000000000000000e+00 8.222442207091970046e-01 7.418114419388108782e-01 0.000000000000000000e+00
1.400000000000000000e+01 2.013888888888888951e-01 7.986111111111111605e-01 0.000000000000000000e+00 8.288467285209606406e-01 7.372955248738897183e-01 0.000000000000000000e+00
1.500000000000000000e+01 2.152777777777777901e-01 7.847222222222222099e-01 0.000000000000000000e+00 8.355497623887562231e-01 7.322665074721435019e-01 0.000000000000000000e+00
1.600000000000000000e+01 2.291666666666666574e-01 7.708333333333333703e-01 0.000000000000000000e+00 8.428581559888352892e-01 7.259614502631901445e-01 0.000000000000000000e+00
1.700000000000000000e+01 2.430555555555555525e-01 7.569444444444444198e-01 0.000000000000000000e+00 8.506761149781509879e-01 7.182818983357879272e-01 0.000000000000000000e+00
1.800000000000000000e+01 2.569444444444444198e-01 7.430555555555555802e-01 0.000000000000000000e+00 8.582736429937312117e-01 7.101014667776985867e-01 0.000000000000000000e+00
1.900000000000000000e+01 2.708333333333333148e-01 7.291666666666667407e-01 0.000000000000000000e+00 8.645276345762771264e-01 7.031135077650552123e-01 0.000000000000000000e+00
2.000000000000000000e+01 2.847222222222222099e-01 7.152777777777777901e-01 0.000000000000000000e+00 8.684170735815153197e-01 6.990499691365976709e-01 0.000000000000000000e+00
2.100000000000000000e+01 2.986111111111111049e-01 7.013888888888888395e-01 0.000000000000000000e+00 8.695444768885159936e-01 6.986643482336636346e-01 0.000000000000000000e+00
2.200000000000000000e+01 3.125000000000000000e-01 6.875000000000000000e-01 0.000000000000000000e+00 8.683418193552636666e-01 7.012584330906888042e-01 0.000000000000000000e+00
2.300000000000000000e+01 3.263888888888888951e-01 6.736111111111111605e-01 0.000000000000000000e+00 8.657690386280836314e-01 7.052121349129469863e-01 0.000000000000000000e+00
2.400000000000000000e+01 3.402777777777777901e-01 6.597222222222222099e-01 0.000000000000000000e+00 8.626907753741974716e-01 7.091214303989156198e-01 0.000000000000000000e+00
2.500000000000000000e+01 3.541666666666666852e-01 6.458333333333332593e-01 0.000000000000000000e+00 8.594280128953122322e-01 7.125599746465044459e-01 0.000000000000000000e+00
2.600000000000000000e+01 3.680555555555555802e-01 6.319444444444444198e-01 0.000000000000000000e+00 8.558993604655416032e-01 7.157930045304442546e-01 0.000000000000000000e+00
2.700000000000000000e+01 3.819444444444444198e-01 6.180555555555555802e-01 0.000000000000000000e+00 8.522693665568923382e-01 7.187677412004084276e-01 0.000000000000000000e+00
2.800000000000000000e+01 3.958333333333333148e-01 6.041666666666667407e-01 0.000000000000000000e+00 8.494977334152993276e-01 7.204473818408274610e-01 0.000000000000000000e+00
2.900000000000000000e+01 4.097222222222222099e-01 5.902777777777777901e-01 0.000000000000000000e+00 8.491409054601422035e-01 7.192886899573939230e-01 0.000000000000000000e+00
3.000000000000000000e+01 4.236111111111111049e-01 5.763888888888888395e-01 0.000000000000000000e+00 8.523401038201963154e-01 7.145802608439917325e-01 0.000000000000000000e+00
3.100000000000000000e+01 4.375000000000000000e-01 5.625000000000000000e-01 0.000000000000000000e+00 8.587021810298522961e-01 7.074678207768333449e-01 0.000000000000000000e+00
3.200000000000000000e+01 4.513888888888888951e-01 5.486111111111111605e-01 0.000000000000000000e+00 8.660435516246194343e-01 7.006640461081025117e-01 0.000000000000000000e+00
3.300000000000000000e+01 4.652777777777777901e-01 5.347222222222222099e-01 0.000000000000000000e+00 8.713879659703804847e-01 6.969525318919307377e-01 0.000000000000000000e+00
3.400000000000000000e+01 4.791666666666666852e-01 5.208333333333332593e-01 0.000000000000000000e+00 8.725869986313385951e-01 6.976288128176786341e-01 0.000000000000000000e+00
3.500000000000000000e+01 4.930555555555555802e-01 5.069444444444444198e-01 0.000000000000000000e+00 8.693304129079637566e-01 7.020233251723386747e-01 0.000000000000000000e+00
3.600000000000000000e+01 5.069444444444444198e-01 4.930555555555555802e-01 0.000000000000000000e+00 8.627158462647213089e-01 7.082489151167536967e-01 0.000000000000000000e+00
3.700000000000000000e+01 5.208333333333333703e-01 4.791666666666666297e-01 0.000000000000000000e+00 8.536970901628005981e-01 7.142838124828515545e-01 0.000000000000000000e+00
3.800000000000000000e+01 5.347222222222222099e-01 4.652777777777777901e-01 0.000000000000000000e+00 8.416875202648387289e-01 7.184125061930957123e-01 0.000000000000000000e+00
3.900000000000000000e+01 5.486111111111111605e-01 4.513888888888888395e-01 0.000000000000000000e+00 8.245249155937894869e-01 7.189267698999338707e-01 0.000000000000000000e+00
4.000000000000000000e+01 5.625000000000000000e-01 4.375000000000000000e-01 0.000000000000000000e+00 7.999197199853058660e-01 7.138992440226531455e-01 0.000000000000000000e+00
4.100000000000000000e+01 5.763888888888888395e-01 4.236111111111111605e-01 0.000000000000000000e+00 7.672968687330390392e-01 7.018165040130504018e-01 0.000000000000000000e+00
4.200000000000000000e+01 5.902777777777777901e-01 4.097222222222222099e-01 0.000000000000000000e+00 7.286137409405488707e-01 6.828775718745394574e-01 0.000000000000000000e+00
4.300000000000000000e+01 6.041666666666666297e-01 3.958333333333333703e-01 0.000000000000000000e+00 6.875605950811248812e-01 6.598056818714235217e-01 0.000000000000000000e+00
4.400000000000000000e+01 6.180555555555555802e-01 3.819444444444444198e-01 0.000000000000000000e+00 6.478213882309873384e-01 6.371201629603058247e-01 0.000000000000000000e+00
4.500000000000000000e+01 6.319444444444444198e-01 3.680555555555555802e-01 0.000000000000000000e+00 6.117360487592838902e-01 6.190251537980669960e-01 0.000000000000000000e+00
4.600000000000000000e+01 6.458333333333333703e-01 3.541666666666666297e-01 0.000000000000000000e+00 5.802580329412794224e-01 6.073456153074447972e-01 0.000000000000000000e+00
4.700000000000000000e+01 6.597222222222222099e-01 3.402777777777777901e-01 0.000000000000000000e+00 5.539895139452821748e-01 6.010757909848760683e-01 0.000000000000000000e+00
4.800000000000000000e+01 6.736111111111111605e-01 3.263888888888888395e-01 0.000000000000000000e+00 5.342557648263097647e-01 5.978782568199532133e-01 0.000000000000000000e+00
4.900000000000000000e+01 6.875000000000000000e-01 3.125000000000000000e-01 0.000000000000000000e+00 5.232725232403155902e-01 5.962961398153681092e-01 0.000000000000000000e+00
5.000000000000000000e+01 7.013888888888888395e-01 2.986111111111111605e-01 0.000000000000000000e+00 5.232735723687648166e-01 5.968809303975318725e-01 0.000000000000000000e+00
5.100000000000000000e+01 7.152777777777777901e-01 2.847222222222222099e-01 0.000000000000000000e+00 5.352589798957640976e-01 6.013855997286642330e-01 0.000000000000000000e+00
5.200000000000000000e+01 7.291666666666666297e-01 2.708333333333333703e-01 0.000000000000000000e+00 5.582032652818679219e-01 6.108045316847257045e-01 0.000000000000000000e+00
5.300000000000000000e+01 7.430555555555555802e-01 2.569444444444444198e-01 0.000000000000000000e+00 5.891404048643545943e-01 6.239553257072696368e-01 0.000000000000000000e+00
5.400000000000000000e+01 7.569444444444444198e-01 2.430555555555555802e-01 0.000000000000000000e+00 6.239883934812838762e-01 6.377472381190487649e-01 0.000000000000000000e+00
5.500000000000000000e+01 7.708333333333333703e-01 2.291666666666666297e-01 0.000000000000000000e+00 6.586958291980146152e-01 6.488040960067495977e-01 0.000000000000000000e+00
5.600000000000000000e+01 7.847222222222222099e-01 2.152777777777777901e-01 0.000000000000000000e+00 6.903005747397733538e-01 6.550076784184185597e-01 0.000000000000000000e+00
5.700000000000000000e+01 7.986111111111111605e-01 2.013888888888888395e-01 0.000000000000000000e+00 7.175600273640129201e-01 6.557094596780681517e-01 0.000000000000000000e+00
5.800000000000000000e+01 8.125000000000000000e-01 1.875000000000000000e-01 0.000000000000000000e+00 7.408568083621785982e-01 6.505865384372200300e-01 0.000000000000000000e+00
5.900000000000000000e+01 8.263888888888888395e-01 1.736111111111111605e-01 0.000000000000000000e+00 7.612763653509848627e-01 6.382870745554493075e-01 0.000000000000000000e+00
6.000000000000000000e+01 8.402777777777777901e-01 1.597222222222222099e-01 0.000000000000000000e+00 7.792329786039441375e-01 6.161485718796659850e-01 0.000000000000000000e+00
6.100000000000000000e+01 8.541666666666666297e-01 1.458333333333333703e-01 0.000000000000000000e+00 7.935391166934246954e-01 5.813411661314596968e-01 0.000000000000000000e+00
6.200000000000000000e+01 8.680555555555555802e-01 1.319444444444444198e-01 0.000000000000000000e+00 8.018134880120236785e-01 5.326290921695747693e-01 0.000000000000000000e+00
6.300000000000000000e+01 8.819444444444444198e-01 1.180555555555555802e-01 0.000000000000000000e+00 8.022992917814574243e-01 4.714960328935691170e-01 0.000000000000000000e+00
6.400000000000000000e+01 8.958333333333333703e-01 1.041666666666666297e-01 0.000000000000000000e+00 7.959574144812282537e-01 4.019115620801345656e-01 0.000000000000000000e+00
6.500000000000000000e+01 9.097222222222222099e-01 9.027777777777779011e-02 0.000000000000000000e+00 7.871221826804490895e-01 3.289999968395896923e-01 0.000000000000000000e+00
6.600000000000000000e+01 9.236111111111111605e-01 7.638888888888883955e-02 0.000000000000000000e+00 7.817864957386400082e-01 2.575222795350219362e-01 0.000000000000000000e+00
6.700000000000000000e+01 9.375000000000000000e-01 6.250000000000000000e-02 0.000000000000000000e+00 7.843553614580127675e-01 1.909976347725630685e-01 0.000000000000000000e+00
6.800000000000000000e+01 9.513888888888888395e-01 4.861111111111116045e-02 0.000000000000000000e+00 7.951069213932319135e-01 1.316898066799304656e-01 0.000000000000000000e+00
6.900000000000000000e+01 9.652777777777777901e-01 3.472222222222220989e-02 0.000000000000000000e+00 8.103382693566455464e-01 8.109755427081852264e-02 0.000000000000000000e+00
7.000000000000000000e+01 9.791666666666666297e-01 2.083333333333337034e-02 0.000000000000000000e+00 8.252331901213818544e-01 4.040901553881197372e-02 0.000000000000000000e+00
7.100000000000000000e+01 9.930555555555555802e-01 6.944444444444419773e-03 0.000000000000000000e+00 8.373260514366812624e-01 1.060884706163588327e-02 0.000000000000000000e+00

Residual energy after optimization is 0.0010439669586692242 C0x=1.3187643032710752 C0z=0.8425970225116288 C0xz=1.0
Optimization procedure took 626.0614612102509 seconds