### PARAMETERS OF THE TIME EVOLUTION ### 
Total time tau = 30
Timestep dt = 1
P = tau/dt = 30
Number of Fourier coefficients Nc = 30

gamma(t) = t/T*(delta_t + \sum_i^Nc gamma_i*f_i(wi, t) 
beta(t) = (1-t/T)*(delta_t + \sum_i^Nc beta_i*f_i(wi, t)

CRAB coefficient   Cz_start// Cx_start// Cxz_start // pulses//  Cz_opt // Cx_opt // Cxz_opt  
0.000000000000000000e+00 0.000000000000000000e+00 0.000000000000000000e+00 2.342695209042363391e+00 1.158517895214428606e+01 1.145458117479662263e+01 5.986648549501084915e+01
0.000000000000000000e+00 0.000000000000000000e+00 0.000000000000000000e+00 2.775602557863701580e+00 -5.850798506159090806e+00 -7.869055330695082340e+00 -5.496508287820915228e+01
0.000000000000000000e+00 0.000000000000000000e+00 0.000000000000000000e+00 5.271097352761765720e+00 -2.615895269098208242e+00 1.649674280292630080e+00 3.878930395889442195e+01
0.000000000000000000e+00 0.000000000000000000e+00 0.000000000000000000e+00 3.124528578235392207e+00 -1.580150765824926928e+01 -1.462837781565720086e+01 -6.287933310969683731e+01
0.000000000000000000e+00 0.000000000000000000e+00 0.000000000000000000e+00 8.983703268787328611e+00 -1.411799944689369291e+01 -1.233553002612359073e+01 3.003961134118499388e+01
0.000000000000000000e+00 0.000000000000000000e+00 0.000000000000000000e+00 5.126670908937506432e+00 -1.611951387000465274e+01 -8.141044151502876858e+00 3.216057711897756377e+01
0.000000000000000000e+00 0.000000000000000000e+00 0.000000000000000000e+00 1.173332601567056876e+01 -2.196827947147211191e+00 -3.819230646303456655e+00 2.593865184177089667e+00
0.000000000000000000e+00 0.000000000000000000e+00 0.000000000000000000e+00 1.020790660461056198e+01 2.317264452300092969e+01 2.711353867930997552e+01 -3.572740107897573836e+01
0.000000000000000000e+00 0.000000000000000000e+00 0.000000000000000000e+00 9.459750493691993611e+00 4.614510524183863538e+01 4.529675937330278401e+01 -8.499232672728415139e+01
0.000000000000000000e+00 0.000000000000000000e+00 0.000000000000000000e+00 1.116637739436531973e+01 -1.273545592152695249e+01 -1.883837515220321635e+01 1.648677896574108459e+01
0.000000000000000000e+00 0.000000000000000000e+00 0.000000000000000000e+00 1.429510228518139847e+01 -6.218226174893082964e-03 -5.230729035006389388e-02 2.100098297101749348e-02
0.000000000000000000e+00 0.000000000000000000e+00 0.000000000000000000e+00 4.399141007443472695e+00 -2.110452673028736292e+00 -9.581824683997506753e+00 -9.457706657652650506e+01
0.000000000000000000e+00 0.000000000000000000e+00 0.000000000000000000e+00 2.743807683434568823e+00 -3.806833491465519526e+00 -6.321523961953711357e+00 -4.710974709609546807e+01
0.000000000000000000e+00 0.000000000000000000e+00 0.000000000000000000e+00 3.307987739057475896e+00 -1.018633995903403466e+01 -7.059404575506512458e+00 -1.396551159963997257e+01
0.000000000000000000e+00 0.000000000000000000e+00 0.000000000000000000e+00 5.535135362419562277e+00 1.948256306320760700e+01 7.779623594316809942e+00 -6.501094924710373846e+01
0.000000000000000000e+00 0.000000000000000000e+00 0.000000000000000000e+00 1.139664157561858104e+01 1.119849631176179905e+01 1.759761039688043383e+01 -1.397995671041957699e+01
0.000000000000000000e+00 0.000000000000000000e+00 0.000000000000000000e+00 3.742639698857649133e+00 2.009178343789330157e+01 1.940737978284108678e+01 8.672276506041202992e+01
0.000000000000000000e+00 0.000000000000000000e+00 0.000000000000000000e+00 6.833921448363759588e+00 5.595600456550782198e+00 1.502390263705622608e+01 1.035242213138600533e+02
0.000000000000000000e+00 0.000000000000000000e+00 0.000000000000000000e+00 1.567767740065599380e+00 -1.908569431983583797e+01 -1.745906673081862337e+01 -8.864166406088098427e+01
0.000000000000000000e+00 0.000000000000000000e+00 0.000000000000000000e+00 2.429469947453030798e+00 1.032762244548782071e+01 9.240621382392312455e+00 4.238338279381041218e+01
0.000000000000000000e+00 0.000000000000000000e+00 0.000000000000000000e+00 3.495560547862285983e+00 2.267870873458521341e+00 5.304268105225105501e+00 4.634173828623182345e+01
0.000000000000000000e+00 0.000000000000000000e+00 0.000000000000000000e+00 2.431290586685621147e+00 1.044153309234019567e+01 9.417740559763949193e+00 4.162965975543237818e+01
0.000000000000000000e+00 0.000000000000000000e+00 0.000000000000000000e+00 9.788765130530270753e+00 -5.268025140455316091e+01 -5.592875051355712657e+01 8.916531466776491754e+01
0.000000000000000000e+00 0.000000000000000000e+00 0.000000000000000000e+00 5.307758282004510164e+00 8.396347977298946885e-01 3.667332904216416001e+00 3.368393612306752516e+01
0.000000000000000000e+00 0.000000000000000000e+00 0.000000000000000000e+00 6.716315908955379221e+00 -3.466773419245739785e+00 1.639365697540507982e+00 4.024390469433048878e+01
0.000000000000000000e+00 0.000000000000000000e+00 0.000000000000000000e+00 1.892275406849457386e+00 -5.887619765133413452e+00 -3.360245909382375107e+00 2.535129553968767269e+00
0.000000000000000000e+00 0.000000000000000000e+00 0.000000000000000000e+00 7.128264290972866846e+00 5.332302260978099895e+00 -1.962030348220009213e+00 -6.184482314636321831e+01
0.000000000000000000e+00 0.000000000000000000e+00 0.000000000000000000e+00 1.133133345600687791e+00 1.218025404281173429e+01 9.502381591796474680e+00 4.633507753347761593e+01
0.000000000000000000e+00 0.000000000000000000e+00 0.000000000000000000e+00 6.578201271203079514e+00 -1.134799924308080854e+01 -1.793803973530807028e+01 -8.563282253531322397e+01
0.000000000000000000e+00 0.000000000000000000e+00 0.000000000000000000e+00 1.410421315454968116e+01 1.155427037668836296e-02 4.982158084768602974e-02 -2.566260630973814238e-02

Amplitudes vs time: t // theta_tt_old // theta_mt_old // alpha_cdt_old// theta_tt_opt // theta_mt_opt// alpha_cdt_opt  
0.000000000000000000e+00 1.666666666666666644e-02 9.833333333333332815e-01 0.000000000000000000e+00 -4.237302033652299432e-02 3.934018304940968824e-01 2.352874362302941336e-01
1.000000000000000000e+00 5.000000000000000278e-02 9.499999999999999556e-01 0.000000000000000000e+00 8.448078676326739589e-02 7.204047720336883565e-01 4.539545392957791137e-01
2.000000000000000000e+00 8.333333333333332871e-02 9.166666666666666297e-01 0.000000000000000000e+00 2.295922827233318197e-01 6.151848018844623400e-01 4.572249230238440987e-01
3.000000000000000000e+00 1.166666666666666685e-01 8.833333333333333037e-01 0.000000000000000000e+00 3.184799846315569671e-01 5.395884671570834179e-01 4.636741662705965439e-01
4.000000000000000000e+00 1.499999999999999944e-01 8.499999999999999778e-01 0.000000000000000000e+00 3.617951315111105348e-01 4.712116342564401372e-01 4.739150479556499818e-01
5.000000000000000000e+00 1.833333333333333204e-01 8.166666666666666519e-01 0.000000000000000000e+00 3.787103927198154363e-01 3.985557221591962684e-01 4.852483941868399597e-01
6.000000000000000000e+00 2.166666666666666741e-01 7.833333333333333259e-01 0.000000000000000000e+00 3.852062029667394083e-01 3.255862752765502632e-01 4.961929216605369675e-01
7.000000000000000000e+00 2.500000000000000000e-01 7.500000000000000000e-01 0.000000000000000000e+00 3.931356615362436857e-01 2.550501437753384115e-01 5.056483437829371042e-01
8.000000000000000000e+00 2.833333333333333259e-01 7.166666666666666741e-01 0.000000000000000000e+00 4.105144419473725770e-01 1.952918994005384823e-01 5.149577371888085509e-01
9.000000000000000000e+00 3.166666666666666519e-01 6.833333333333333481e-01 0.000000000000000000e+00 4.377338900462939275e-01 1.533099755693987931e-01 5.272209336476620933e-01
1.000000000000000000e+01 3.499999999999999778e-01 6.500000000000000222e-01 0.000000000000000000e+00 4.652367715187702979e-01 1.311851606155720051e-01 5.430656426890507760e-01
1.100000000000000000e+01 3.833333333333333592e-01 6.166666666666666963e-01 0.000000000000000000e+00 4.826670392619639705e-01 1.276599725927510254e-01 5.582073970499337179e-01
1.200000000000000000e+01 4.166666666666666852e-01 5.833333333333332593e-01 0.000000000000000000e+00 4.896595262177194652e-01 1.359442320461047293e-01 5.684067014978069210e-01
1.300000000000000000e+01 4.500000000000000111e-01 5.500000000000000444e-01 0.000000000000000000e+00 4.925458976450370896e-01 1.463587634506717805e-01 5.744712324200129672e-01
1.400000000000000000e+01 4.833333333333333370e-01 5.166666666666666075e-01 0.000000000000000000e+00 4.950925222600822684e-01 1.546220902185086454e-01 5.788394163397061476e-01
1.500000000000000000e+01 5.166666666666667185e-01 4.833333333333332815e-01 0.000000000000000000e+00 5.003005734093503021e-01 1.630019422680545338e-01 5.800819509024393028e-01
1.600000000000000000e+01 5.500000000000000444e-01 4.499999999999999556e-01 0.000000000000000000e+00 5.166290749608158928e-01 1.741917189697325119e-01 5.739469554208369573e-01
1.700000000000000000e+01 5.833333333333333703e-01 4.166666666666666297e-01 0.000000000000000000e+00 5.516614016270032783e-01 1.869821487936943194e-01 5.576412341817729157e-01
1.800000000000000000e+01 6.166666666666666963e-01 3.833333333333333037e-01 0.000000000000000000e+00 6.006712145400117109e-01 1.949008320567390540e-01 5.318592239410122602e-01
1.900000000000000000e+01 6.500000000000000222e-01 3.499999999999999778e-01 0.000000000000000000e+00 6.509221920905415848e-01 1.891675476261905631e-01 5.010011799025733126e-01
2.000000000000000000e+01 6.833333333333333481e-01 3.166666666666666519e-01 0.000000000000000000e+00 6.969683295717341576e-01 1.685815462062765779e-01 4.703082308311081761e-01
2.100000000000000000e+01 7.166666666666666741e-01 2.833333333333333259e-01 0.000000000000000000e+00 7.420384260246585262e-01 1.439632384780534791e-01 4.385532263228633099e-01
2.200000000000000000e+01 7.500000000000000000e-01 2.500000000000000000e-01 0.000000000000000000e+00 7.838085445676594709e-01 1.251784800021575328e-01 3.954034875501548640e-01
2.300000000000000000e+01 7.833333333333333259e-01 2.166666666666666741e-01 0.000000000000000000e+00 8.110753166488715582e-01 1.089942997765515342e-01 3.322156376802354316e-01
2.400000000000000000e+01 8.166666666666666519e-01 1.833333333333333481e-01 0.000000000000000000e+00 8.208838485186662481e-01 8.959810216824456996e-02 2.547921916276010279e-01
2.500000000000000000e+01 8.499999999999999778e-01 1.500000000000000222e-01 0.000000000000000000e+00 8.290074887882877830e-01 7.223893438688148982e-02 1.795934094527353864e-01
2.600000000000000000e+01 8.833333333333333037e-01 1.166666666666666963e-01 0.000000000000000000e+00 8.513716425264079568e-01 6.160360693422377298e-02 1.182429509933200507e-01
2.700000000000000000e+01 9.166666666666666297e-01 8.333333333333337034e-02 0.000000000000000000e+00 8.771537063838337200e-01 4.683254484606392404e-02 7.157143619072314777e-02
2.800000000000000000e+01 9.499999999999999556e-01 5.000000000000004441e-02 0.000000000000000000e+00 8.722104506056854722e-01 1.926725356638804218e-02 3.662748643249003067e-02
2.900000000000000000e+01 9.833333333333332815e-01 1.666666666666671848e-02 0.000000000000000000e+00 8.155912355307560757e-01 -1.965641064952813703e-03 1.089963338075250476e-02

Residual energy after optimization is 2.9628266138713245e-05 C0x=-0.450758851818817 C0z=0.7729430018999258 C0xz=1.0
Optimization procedure took 240.95568895339966 seconds