### PARAMETERS OF THE TIME EVOLUTION ### 
Total time tau = 45
Timestep dt = 1
P = tau/dt = 45
Number of Fourier coefficients Nc = 45

gamma(t) = t/T*(delta_t + \sum_i^Nc gamma_i*f_i(wi, t) 
beta(t) = (1-t/T)*(delta_t + \sum_i^Nc beta_i*f_i(wi, t)

CRAB coefficient   Cz_start// Cx_start// Cxz_start // pulses//  Cz_opt // Cx_opt // Cxz_opt  
0.000000000000000000e+00 0.000000000000000000e+00 0.000000000000000000e+00 5.379080795346220079e+00 -1.056375942474464313e+00 -6.999964461581392738e-01 0.000000000000000000e+00
0.000000000000000000e+00 0.000000000000000000e+00 0.000000000000000000e+00 1.881162814862288590e-01 1.378794207044099052e+00 -2.566073163647968158e+01 0.000000000000000000e+00
0.000000000000000000e+00 0.000000000000000000e+00 0.000000000000000000e+00 1.046573127933187131e+01 5.856512119774750502e+00 -5.510842134617065291e+00 0.000000000000000000e+00
0.000000000000000000e+00 0.000000000000000000e+00 0.000000000000000000e+00 6.638161946448172479e+00 -2.699474952847787712e+00 1.671692557891382336e+01 0.000000000000000000e+00
0.000000000000000000e+00 0.000000000000000000e+00 0.000000000000000000e+00 1.401769991243372981e+00 -1.106764955572738574e+00 2.446387680351186944e+01 0.000000000000000000e+00
0.000000000000000000e+00 0.000000000000000000e+00 0.000000000000000000e+00 1.814809758457964151e+01 -1.588999732061511464e-03 5.530524626225256316e-04 0.000000000000000000e+00
0.000000000000000000e+00 0.000000000000000000e+00 0.000000000000000000e+00 1.850083790241547232e+00 1.466499946960217349e+00 -1.317308482716424223e+01 0.000000000000000000e+00
0.000000000000000000e+00 0.000000000000000000e+00 0.000000000000000000e+00 8.431896276818852121e-01 -5.032274602948826336e-01 -7.204684322222319359e+00 0.000000000000000000e+00
0.000000000000000000e+00 0.000000000000000000e+00 0.000000000000000000e+00 1.355415149220939641e+00 -1.378695159078988208e+00 2.650660289501210087e+01 0.000000000000000000e+00
0.000000000000000000e+00 0.000000000000000000e+00 0.000000000000000000e+00 3.575939547870744306e+00 2.405830554549186928e+00 -2.078129758317508902e+01 0.000000000000000000e+00
0.000000000000000000e+00 0.000000000000000000e+00 0.000000000000000000e+00 1.097251596156367626e+01 -4.535621805757809710e+01 3.277897623245472403e+01 0.000000000000000000e+00
0.000000000000000000e+00 0.000000000000000000e+00 0.000000000000000000e+00 1.215058654702199092e+01 -2.259471531382304388e+00 9.582497908849119117e-01 0.000000000000000000e+00
0.000000000000000000e+00 0.000000000000000000e+00 0.000000000000000000e+00 1.303789122203215989e+01 -2.476352788591166032e+00 8.149242051078802174e-01 0.000000000000000000e+00
0.000000000000000000e+00 0.000000000000000000e+00 0.000000000000000000e+00 3.816410915295852302e+00 -5.499053651581385926e-01 -7.130600452979073189e+00 0.000000000000000000e+00
0.000000000000000000e+00 0.000000000000000000e+00 0.000000000000000000e+00 9.138164153432805747e+00 -3.205611781421620066e+00 7.157586432137407861e+00 0.000000000000000000e+00
0.000000000000000000e+00 0.000000000000000000e+00 0.000000000000000000e+00 1.518957104868635710e+01 -3.409146412368574963e-01 5.953003150553858036e-02 0.000000000000000000e+00
0.000000000000000000e+00 0.000000000000000000e+00 0.000000000000000000e+00 2.124824928153977055e+00 3.412003371259103579e-01 -1.507122383285500256e+01 0.000000000000000000e+00
0.000000000000000000e+00 0.000000000000000000e+00 0.000000000000000000e+00 5.991929857259864711e+00 6.304118435114758334e-01 1.241816997956518787e+00 0.000000000000000000e+00
0.000000000000000000e+00 0.000000000000000000e+00 0.000000000000000000e+00 5.162232602040893958e+00 3.949101950502162062e+00 -3.061847802352247783e+01 0.000000000000000000e+00
0.000000000000000000e+00 0.000000000000000000e+00 0.000000000000000000e+00 1.104680374883314897e+01 4.144632395549778892e+01 -2.881525560705049571e+01 0.000000000000000000e+00
0.000000000000000000e+00 0.000000000000000000e+00 0.000000000000000000e+00 2.071283789253933971e+00 7.710435219549424124e-01 -1.719481490623414999e+01 0.000000000000000000e+00
0.000000000000000000e+00 0.000000000000000000e+00 0.000000000000000000e+00 1.513756162818059536e+01 3.633507761665599745e-01 -5.648846009403961366e-02 0.000000000000000000e+00
0.000000000000000000e+00 0.000000000000000000e+00 0.000000000000000000e+00 5.887983105668006090e+00 -3.296026246133941129e+00 3.051245131195564042e+01 0.000000000000000000e+00
0.000000000000000000e+00 0.000000000000000000e+00 0.000000000000000000e+00 2.764655771041233390e+00 -3.634881575384591113e+00 4.050864413392947228e+01 0.000000000000000000e+00
0.000000000000000000e+00 0.000000000000000000e+00 0.000000000000000000e+00 1.699239016936942015e+00 9.630865604934250035e-01 -9.875038399222673124e-01 0.000000000000000000e+00
0.000000000000000000e+00 0.000000000000000000e+00 0.000000000000000000e+00 5.879442354095872680e+00 -3.551454039770719717e+00 3.230762368943433671e+01 0.000000000000000000e+00
0.000000000000000000e+00 0.000000000000000000e+00 0.000000000000000000e+00 8.945106510668750843e+00 2.580979395645699004e+00 -6.588542910421819165e+00 0.000000000000000000e+00
0.000000000000000000e+00 0.000000000000000000e+00 0.000000000000000000e+00 1.288746922801852612e+01 3.467651853036141762e+00 -1.175574855631299709e+00 0.000000000000000000e+00
0.000000000000000000e+00 0.000000000000000000e+00 0.000000000000000000e+00 3.332225316980689023e+00 2.395970322348549786e+00 -6.050783269041303036e+00 0.000000000000000000e+00
0.000000000000000000e+00 0.000000000000000000e+00 0.000000000000000000e+00 1.957056559451452848e+00 1.346581557188463174e+00 -1.762574099191634502e+01 0.000000000000000000e+00
0.000000000000000000e+00 0.000000000000000000e+00 0.000000000000000000e+00 4.906815219954459018e+00 5.055277356024909352e+00 -2.342688806723979766e+01 0.000000000000000000e+00
0.000000000000000000e+00 0.000000000000000000e+00 0.000000000000000000e+00 5.298129370948420735e+00 1.046238194667160171e+00 -1.484809225297017399e+01 0.000000000000000000e+00
0.000000000000000000e+00 0.000000000000000000e+00 0.000000000000000000e+00 1.881378239455977042e+00 1.479293784762695907e+00 -1.492065132841460873e+01 0.000000000000000000e+00
0.000000000000000000e+00 0.000000000000000000e+00 0.000000000000000000e+00 1.550577450746931873e+00 -3.554240170780897934e-02 1.335269819096546939e+01 0.000000000000000000e+00
0.000000000000000000e+00 0.000000000000000000e+00 0.000000000000000000e+00 2.648680518015064322e+00 -3.881178402291789009e+00 3.538754068271506270e+01 0.000000000000000000e+00
0.000000000000000000e+00 0.000000000000000000e+00 0.000000000000000000e+00 4.330790623777757808e+00 -4.531213579553843296e+00 4.349485796167384422e+01 0.000000000000000000e+00
0.000000000000000000e+00 0.000000000000000000e+00 0.000000000000000000e+00 5.543630574305073999e+00 -4.940481966459004504e+00 3.011831030659406849e+01 0.000000000000000000e+00
0.000000000000000000e+00 0.000000000000000000e+00 0.000000000000000000e+00 4.091144321140855133e+00 -4.378644495920900326e+00 2.770891964000052710e+01 0.000000000000000000e+00
0.000000000000000000e+00 0.000000000000000000e+00 0.000000000000000000e+00 3.651850774460262627e+00 1.721572602637497340e+00 -1.950076223667673148e+01 0.000000000000000000e+00
0.000000000000000000e+00 0.000000000000000000e+00 0.000000000000000000e+00 3.567647223374689425e+00 2.459094731091400199e+00 -2.073507289893198191e+01 0.000000000000000000e+00
0.000000000000000000e+00 0.000000000000000000e+00 0.000000000000000000e+00 7.241402849294688027e-01 4.446729818554833180e-01 -2.210912436507278045e+01 0.000000000000000000e+00
0.000000000000000000e+00 0.000000000000000000e+00 0.000000000000000000e+00 1.108928604096292014e+00 -1.904316045697016957e+00 2.193545827329758424e+01 0.000000000000000000e+00
0.000000000000000000e+00 0.000000000000000000e+00 0.000000000000000000e+00 6.171699021559594378e+00 8.954868626411457200e+00 -6.999965188970432450e+01 0.000000000000000000e+00
0.000000000000000000e+00 0.000000000000000000e+00 0.000000000000000000e+00 1.972524730676069871e-01 1.438481945419556318e+00 -2.669288011813062766e+01 0.000000000000000000e+00
0.000000000000000000e+00 0.000000000000000000e+00 0.000000000000000000e+00 2.075640764465511712e+00 7.281263674267514086e-01 -1.706354839847189453e+01 0.000000000000000000e+00

Amplitudes vs time: t // theta_tt_old // theta_mt_old // alpha_cdt_old// theta_tt_opt // theta_mt_opt// alpha_cdt_opt  
0.000000000000000000e+00 1.111111111111111154e-02 9.888888888888889284e-01 0.000000000000000000e+00 1.062183287356358447e-01 7.307533492954301213e-01 0.000000000000000000e+00
1.000000000000000000e+00 3.333333333333333287e-02 9.666666666666666741e-01 0.000000000000000000e+00 2.708055571690870522e-01 6.636775075629464116e-01 0.000000000000000000e+00
2.000000000000000000e+00 5.555555555555555247e-02 9.444444444444444198e-01 0.000000000000000000e+00 3.472358273524974726e-01 5.809522365032275815e-01 0.000000000000000000e+00
3.000000000000000000e+00 7.777777777777777901e-02 9.222222222222222765e-01 0.000000000000000000e+00 3.606894619962115467e-01 5.074879479461373855e-01 0.000000000000000000e+00
4.000000000000000000e+00 1.000000000000000056e-01 9.000000000000000222e-01 0.000000000000000000e+00 3.639489248739809502e-01 4.782600467867745841e-01 0.000000000000000000e+00
5.000000000000000000e+00 1.222222222222222182e-01 8.777777777777777679e-01 0.000000000000000000e+00 3.929659430692465927e-01 4.953222805315011801e-01 0.000000000000000000e+00
6.000000000000000000e+00 1.444444444444444309e-01 8.555555555555556246e-01 0.000000000000000000e+00 4.504451960137749733e-01 5.383953998918373784e-01 0.000000000000000000e+00
7.000000000000000000e+00 1.666666666666666574e-01 8.333333333333333703e-01 0.000000000000000000e+00 5.189553517673721750e-01 5.854482020885414251e-01 0.000000000000000000e+00
8.000000000000000000e+00 1.888888888888888840e-01 8.111111111111111160e-01 0.000000000000000000e+00 5.813418707146216224e-01 6.239579235865528872e-01 0.000000000000000000e+00
9.000000000000000000e+00 2.111111111111111105e-01 7.888888888888888618e-01 0.000000000000000000e+00 6.303682822604529390e-01 6.509893527615808750e-01 0.000000000000000000e+00
1.000000000000000000e+01 2.333333333333333370e-01 7.666666666666666075e-01 0.000000000000000000e+00 6.665265122687685784e-01 6.682382300876829051e-01 0.000000000000000000e+00
1.100000000000000000e+01 2.555555555555555358e-01 7.444444444444444642e-01 0.000000000000000000e+00 6.926245238093438061e-01 6.781254680051239658e-01 0.000000000000000000e+00
1.200000000000000000e+01 2.777777777777777901e-01 7.222222222222222099e-01 0.000000000000000000e+00 7.111621456792773799e-01 6.827188300297591939e-01 0.000000000000000000e+00
1.300000000000000000e+01 2.999999999999999889e-01 6.999999999999999556e-01 0.000000000000000000e+00 7.242248922999133809e-01 6.837526488779949174e-01 0.000000000000000000e+00
1.400000000000000000e+01 3.222222222222222432e-01 6.777777777777778123e-01 0.000000000000000000e+00 7.335508444862777200e-01 6.821165606971935080e-01 0.000000000000000000e+00
1.500000000000000000e+01 3.444444444444444420e-01 6.555555555555555580e-01 0.000000000000000000e+00 7.401771772209286837e-01 6.772676646405184631e-01 0.000000000000000000e+00
1.600000000000000000e+01 3.666666666666666408e-01 6.333333333333333037e-01 0.000000000000000000e+00 7.443295801761784514e-01 6.676664128637364026e-01 0.000000000000000000e+00
1.700000000000000000e+01 3.888888888888888951e-01 6.111111111111111605e-01 0.000000000000000000e+00 7.455072954660025841e-01 6.518333576404682361e-01 0.000000000000000000e+00
1.800000000000000000e+01 4.111111111111110938e-01 5.888888888888889062e-01 0.000000000000000000e+00 7.420299105314646093e-01 6.285598379702427296e-01 0.000000000000000000e+00
1.900000000000000000e+01 4.333333333333333481e-01 5.666666666666666519e-01 0.000000000000000000e+00 7.301887200252250576e-01 5.961304781642182693e-01 0.000000000000000000e+00
2.000000000000000000e+01 4.555555555555555469e-01 5.444444444444445086e-01 0.000000000000000000e+00 7.045515841415378455e-01 5.524697260526933995e-01 0.000000000000000000e+00
2.100000000000000000e+01 4.777777777777778012e-01 5.222222222222221433e-01 0.000000000000000000e+00 6.609052774456988244e-01 4.977532721253610792e-01 0.000000000000000000e+00
2.200000000000000000e+01 5.000000000000000000e-01 5.000000000000000000e-01 0.000000000000000000e+00 6.011926300560703762e-01 4.379711149339391429e-01 0.000000000000000000e+00
2.300000000000000000e+01 5.222222222222222543e-01 4.777777777777777457e-01 0.000000000000000000e+00 5.370862562976276289e-01 3.856205436960478128e-01 0.000000000000000000e+00
2.400000000000000000e+01 5.444444444444443976e-01 4.555555555555556024e-01 0.000000000000000000e+00 4.881081009420541461e-01 3.552610817333050064e-01 0.000000000000000000e+00
2.500000000000000000e+01 5.666666666666666519e-01 4.333333333333333481e-01 0.000000000000000000e+00 4.732061293640004163e-01 3.560491905659495249e-01 0.000000000000000000e+00
2.600000000000000000e+01 5.888888888888889062e-01 4.111111111111110938e-01 0.000000000000000000e+00 5.001621757347897157e-01 3.863752207756694923e-01 0.000000000000000000e+00
2.700000000000000000e+01 6.111111111111111605e-01 3.888888888888888395e-01 0.000000000000000000e+00 5.605167968362524400e-01 4.344375028939929662e-01 0.000000000000000000e+00
2.800000000000000000e+01 6.333333333333333037e-01 3.666666666666666963e-01 0.000000000000000000e+00 6.346177487643477333e-01 4.842335065762967128e-01 0.000000000000000000e+00
2.900000000000000000e+01 6.555555555555555580e-01 3.444444444444444420e-01 0.000000000000000000e+00 7.033397446718036017e-01 5.228237883597364188e-01 0.000000000000000000e+00
3.000000000000000000e+01 6.777777777777778123e-01 3.222222222222221877e-01 0.000000000000000000e+00 7.573285280063811742e-01 5.444992970680604394e-01 0.000000000000000000e+00
3.100000000000000000e+01 6.999999999999999556e-01 3.000000000000000444e-01 0.000000000000000000e+00 7.973790111843764850e-01 5.502282068586158426e-01 0.000000000000000000e+00
3.200000000000000000e+01 7.222222222222222099e-01 2.777777777777777901e-01 0.000000000000000000e+00 8.281929426078513679e-01 5.439740543516378146e-01 0.000000000000000000e+00
3.300000000000000000e+01 7.444444444444444642e-01 2.555555555555555358e-01 0.000000000000000000e+00 8.530966881761760101e-01 5.289027922448608088e-01 0.000000000000000000e+00
3.400000000000000000e+01 7.666666666666667185e-01 2.333333333333332815e-01 0.000000000000000000e+00 8.739958901218197740e-01 5.056259267618573583e-01 0.000000000000000000e+00
3.500000000000000000e+01 7.888888888888888618e-01 2.111111111111111382e-01 0.000000000000000000e+00 8.937647029048604308e-01 4.726706442219194004e-01 0.000000000000000000e+00
3.600000000000000000e+01 8.111111111111111160e-01 1.888888888888888840e-01 0.000000000000000000e+00 9.162539901386556052e-01 4.280463851504949235e-01 0.000000000000000000e+00
3.700000000000000000e+01 8.333333333333333703e-01 1.666666666666666297e-01 0.000000000000000000e+00 9.437328551113651764e-01 3.708549314283444143e-01 0.000000000000000000e+00
3.800000000000000000e+01 8.555555555555555136e-01 1.444444444444444864e-01 0.000000000000000000e+00 9.756177976532238727e-01 3.026247080854056470e-01 0.000000000000000000e+00
3.900000000000000000e+01 8.777777777777777679e-01 1.222222222222222321e-01 0.000000000000000000e+00 1.010048295116880990e+00 2.281978903673703152e-01 0.000000000000000000e+00
4.000000000000000000e+01 9.000000000000000222e-01 9.999999999999997780e-02 0.000000000000000000e+00 1.045055743924983016e+00 1.554393128281415237e-01 0.000000000000000000e+00
4.100000000000000000e+01 9.222222222222222765e-01 7.777777777777772350e-02 0.000000000000000000e+00 1.076551306104130301e+00 9.301574685150659771e-02 0.000000000000000000e+00
4.200000000000000000e+01 9.444444444444444198e-01 5.555555555555558023e-02 0.000000000000000000e+00 1.096207939780454277e+00 4.690535885766289326e-02 0.000000000000000000e+00
4.300000000000000000e+01 9.666666666666666741e-01 3.333333333333332593e-02 0.000000000000000000e+00 1.094850681936983650e+00 1.803355865428482585e-02 0.000000000000000000e+00
4.400000000000000000e+01 9.888888888888889284e-01 1.111111111111107164e-02 0.000000000000000000e+00 1.070884838250953930e+00 3.255198641821803116e-03 0.000000000000000000e+00

Residual energy after optimization is 0.004961813247707068 C0x=0.1809213359988005 C0z=1.053463967829845 C0xz=1.0
Optimization procedure took 156.77267003059387 seconds