### PARAMETERS OF THE TIME EVOLUTION ### 
Total time tau = 81
Timestep dt = 1
P = tau/dt = 81
Number of Fourier coefficients Nc = 81

gamma(t) = t/T*(delta_t + \sum_i^Nc gamma_i*f_i(wi, t) 
beta(t) = (1-t/T)*(delta_t + \sum_i^Nc beta_i*f_i(wi, t)

CRAB coefficient   Cz_start// Cx_start// Cxz_start // pulses//  Cz_opt // Cx_opt // Cxz_opt  
0.000000000000000000e+00 0.000000000000000000e+00 0.000000000000000000e+00 3.499363738433402649e+00 8.080611253736436073e-01 6.275949749043435721e-01 0.000000000000000000e+00
0.000000000000000000e+00 0.000000000000000000e+00 0.000000000000000000e+00 1.481940388742534420e+00 -2.238382056071834825e+00 -1.454457620705017495e+00 0.000000000000000000e+00
0.000000000000000000e+00 0.000000000000000000e+00 0.000000000000000000e+00 2.202835873514404685e+00 2.311307247488420202e+00 1.128475630567146393e+00 0.000000000000000000e+00
0.000000000000000000e+00 0.000000000000000000e+00 0.000000000000000000e+00 1.648186119783697556e+00 -5.544348715867241512e-02 -1.499656923710314949e-01 0.000000000000000000e+00
0.000000000000000000e+00 0.000000000000000000e+00 0.000000000000000000e+00 2.272238886519794665e+00 1.400093747328281069e+00 5.586049985299911258e-01 0.000000000000000000e+00
0.000000000000000000e+00 0.000000000000000000e+00 0.000000000000000000e+00 8.130359943494024577e+00 -5.323628153397041984e+00 -4.187179740659821015e+00 0.000000000000000000e+00
0.000000000000000000e+00 0.000000000000000000e+00 0.000000000000000000e+00 1.332048856006543680e+01 -1.488172083249106326e-02 2.473723294537588657e+00 0.000000000000000000e+00
0.000000000000000000e+00 0.000000000000000000e+00 0.000000000000000000e+00 2.432394768795720452e+01 4.973910218077747924e-04 -1.149938372329569825e-03 0.000000000000000000e+00
0.000000000000000000e+00 0.000000000000000000e+00 0.000000000000000000e+00 6.886167929724593684e+00 -1.839759820441725147e+00 6.769395332715311131e-01 0.000000000000000000e+00
0.000000000000000000e+00 0.000000000000000000e+00 0.000000000000000000e+00 1.172356555908704401e+01 9.262648422477704813e+00 4.099453262017695998e+00 0.000000000000000000e+00
0.000000000000000000e+00 0.000000000000000000e+00 0.000000000000000000e+00 2.037805801823997509e+00 3.314921833413082997e+00 1.789456353707464364e+00 0.000000000000000000e+00
0.000000000000000000e+00 0.000000000000000000e+00 0.000000000000000000e+00 6.957401318644199639e-01 1.229287570068388957e+00 8.548117926243310460e-01 0.000000000000000000e+00
0.000000000000000000e+00 0.000000000000000000e+00 0.000000000000000000e+00 9.161717497483262918e+00 -2.850141813539744717e+00 -4.959704924269761506e+00 0.000000000000000000e+00
0.000000000000000000e+00 0.000000000000000000e+00 0.000000000000000000e+00 1.275713472042052388e+01 -5.260971508477385150e+00 -8.782763171178240569e+00 0.000000000000000000e+00
0.000000000000000000e+00 0.000000000000000000e+00 0.000000000000000000e+00 1.264054856510261615e+01 5.460793639954402146e+00 2.735505231518949643e+00 0.000000000000000000e+00
0.000000000000000000e+00 0.000000000000000000e+00 0.000000000000000000e+00 2.196319154560073272e+01 -1.924589332261226549e-03 2.386844753017614354e-03 0.000000000000000000e+00
0.000000000000000000e+00 0.000000000000000000e+00 0.000000000000000000e+00 2.281341390645590828e+00 1.262460097699556805e+00 4.726896769406935817e-01 0.000000000000000000e+00
0.000000000000000000e+00 0.000000000000000000e+00 0.000000000000000000e+00 1.320436050828981855e+00 -3.573111441118467901e+00 -2.241558712283636456e+00 0.000000000000000000e+00
0.000000000000000000e+00 0.000000000000000000e+00 0.000000000000000000e+00 5.491260598650857361e+00 5.626881596891029957e+00 2.387051716562765158e+00 0.000000000000000000e+00
0.000000000000000000e+00 0.000000000000000000e+00 0.000000000000000000e+00 5.358570334212211961e+00 4.680364142846432429e+00 2.606597780439178447e+00 0.000000000000000000e+00
0.000000000000000000e+00 0.000000000000000000e+00 0.000000000000000000e+00 1.227748012545933953e+01 4.236290335637593607e+00 9.249747192942310292e+00 0.000000000000000000e+00
0.000000000000000000e+00 0.000000000000000000e+00 0.000000000000000000e+00 7.699196428870488162e+00 -1.579474875684306223e+00 -4.595781687866310250e+00 0.000000000000000000e+00
0.000000000000000000e+00 0.000000000000000000e+00 0.000000000000000000e+00 3.887008859810065609e+00 5.495556806796559890e+00 2.913166993611399302e+00 0.000000000000000000e+00
0.000000000000000000e+00 0.000000000000000000e+00 0.000000000000000000e+00 1.740662243383055952e+01 4.370547867784921880e-01 -1.341289988696209745e+00 0.000000000000000000e+00
0.000000000000000000e+00 0.000000000000000000e+00 0.000000000000000000e+00 1.772234877087211302e+01 -1.686343981784777513e-01 6.159294181553451875e-01 0.000000000000000000e+00
0.000000000000000000e+00 0.000000000000000000e+00 0.000000000000000000e+00 3.731269861606341554e+00 4.904694794606559327e+00 2.809943818724569553e+00 0.000000000000000000e+00
0.000000000000000000e+00 0.000000000000000000e+00 0.000000000000000000e+00 1.006557964116822079e+00 -2.593288100349069758e+00 -1.569739717000508072e+00 0.000000000000000000e+00
0.000000000000000000e+00 0.000000000000000000e+00 0.000000000000000000e+00 1.192516781462947861e+01 -1.047553834984506871e+01 -6.292655567346454148e+00 0.000000000000000000e+00
0.000000000000000000e+00 0.000000000000000000e+00 0.000000000000000000e+00 2.352502604803867303e+00 5.445497469307111066e-02 -2.699324946909579248e-01 0.000000000000000000e+00
0.000000000000000000e+00 0.000000000000000000e+00 0.000000000000000000e+00 1.677502571697523237e+01 -2.096240725087179069e+00 5.826506851653003416e+00 0.000000000000000000e+00
0.000000000000000000e+00 0.000000000000000000e+00 0.000000000000000000e+00 8.997577945986878767e-02 1.072305940254279166e+00 6.940349067883125889e-01 0.000000000000000000e+00
0.000000000000000000e+00 0.000000000000000000e+00 0.000000000000000000e+00 8.013410069767568089e+00 -6.550564114672512872e+00 -6.456497050025743256e+00 0.000000000000000000e+00
0.000000000000000000e+00 0.000000000000000000e+00 0.000000000000000000e+00 5.042439184109063000e+00 -1.773277545470840932e+00 -3.234265825125295923e-01 0.000000000000000000e+00
0.000000000000000000e+00 0.000000000000000000e+00 0.000000000000000000e+00 4.522470008019925380e+00 -5.214720248583450513e+00 -3.341789141453747281e+00 0.000000000000000000e+00
0.000000000000000000e+00 0.000000000000000000e+00 0.000000000000000000e+00 4.305052574179161873e+00 -1.119210579794535310e+00 -1.262114389459656261e+00 0.000000000000000000e+00
0.000000000000000000e+00 0.000000000000000000e+00 0.000000000000000000e+00 8.567499146425578971e+00 1.048187780783859324e+01 1.137826789712994469e+01 0.000000000000000000e+00
0.000000000000000000e+00 0.000000000000000000e+00 0.000000000000000000e+00 3.490578966273314876e+00 6.030549954256227974e-01 5.105115140441807142e-01 0.000000000000000000e+00
0.000000000000000000e+00 0.000000000000000000e+00 0.000000000000000000e+00 5.764320395065305469e+00 2.180405023180062241e+00 -1.423722014769674526e+00 0.000000000000000000e+00
0.000000000000000000e+00 0.000000000000000000e+00 0.000000000000000000e+00 4.393586144198668109e+00 -3.010907756050345885e+00 -2.284855799752661731e+00 0.000000000000000000e+00
0.000000000000000000e+00 0.000000000000000000e+00 0.000000000000000000e+00 1.566345409750926843e+00 -1.184031032448954024e+00 -8.227704356226241966e-01 0.000000000000000000e+00
0.000000000000000000e+00 0.000000000000000000e+00 0.000000000000000000e+00 2.001687103918109045e+01 5.367957422794215026e-03 1.228788789013669260e-02 0.000000000000000000e+00
0.000000000000000000e+00 0.000000000000000000e+00 0.000000000000000000e+00 3.354648082267772224e+00 -2.709541425106610113e+00 -1.421123285469130693e+00 0.000000000000000000e+00
0.000000000000000000e+00 0.000000000000000000e+00 0.000000000000000000e+00 9.289544602483753577e-01 -1.731486444142158021e+00 -1.018416017029650122e+00 0.000000000000000000e+00
0.000000000000000000e+00 0.000000000000000000e+00 0.000000000000000000e+00 5.130500506906614078e+00 2.559956256885311809e-01 7.896051132707034848e-01 0.000000000000000000e+00
0.000000000000000000e+00 0.000000000000000000e+00 0.000000000000000000e+00 5.519414799934326821e-01 2.597532760797384377e+00 1.714394469978231417e+00 0.000000000000000000e+00
0.000000000000000000e+00 0.000000000000000000e+00 0.000000000000000000e+00 4.887975462591149345e+00 -4.794622357109707522e+00 -2.216446605579343476e+00 0.000000000000000000e+00
0.000000000000000000e+00 0.000000000000000000e+00 0.000000000000000000e+00 1.504568612326969834e+01 -2.286662833572965958e+00 -1.917339587899848263e+00 0.000000000000000000e+00
0.000000000000000000e+00 0.000000000000000000e+00 0.000000000000000000e+00 3.674166095385253072e+00 4.200706224633625752e+00 2.466801709260268094e+00 0.000000000000000000e+00
0.000000000000000000e+00 0.000000000000000000e+00 0.000000000000000000e+00 5.886731021180064971e-01 2.316393176469630166e+00 1.540794181167639554e+00 0.000000000000000000e+00
0.000000000000000000e+00 0.000000000000000000e+00 0.000000000000000000e+00 6.535417096658738600e+00 -1.201842937074613538e+01 -7.685744334132118993e+00 0.000000000000000000e+00
0.000000000000000000e+00 0.000000000000000000e+00 0.000000000000000000e+00 1.450721440902514203e+00 -2.577059296688516632e+00 -1.653216945380466152e+00 0.000000000000000000e+00
0.000000000000000000e+00 0.000000000000000000e+00 0.000000000000000000e+00 9.853168589212490502e+00 -2.362682246211401105e-01 2.066513104710544724e+00 0.000000000000000000e+00
0.000000000000000000e+00 0.000000000000000000e+00 0.000000000000000000e+00 3.669282845705263529e+00 4.129964517889008313e+00 2.427312063153296506e+00 0.000000000000000000e+00
0.000000000000000000e+00 0.000000000000000000e+00 0.000000000000000000e+00 3.068868883300624351e+00 -8.116459256304576542e+00 -4.789510666027166685e+00 0.000000000000000000e+00
0.000000000000000000e+00 0.000000000000000000e+00 0.000000000000000000e+00 1.499880473538872927e+01 2.811826431430131112e+00 -3.957280162098864018e+00 0.000000000000000000e+00
0.000000000000000000e+00 0.000000000000000000e+00 0.000000000000000000e+00 7.287634546151942061e+00 6.394444234773675184e+00 3.808319107966313677e+00 0.000000000000000000e+00
0.000000000000000000e+00 0.000000000000000000e+00 0.000000000000000000e+00 1.600491759759772759e+00 -7.193847925943439581e-01 -5.455985571820328728e-01 0.000000000000000000e+00
0.000000000000000000e+00 0.000000000000000000e+00 0.000000000000000000e+00 7.275565684742725026e+00 6.394385647788380034e+00 3.922328522644812132e+00 0.000000000000000000e+00
0.000000000000000000e+00 0.000000000000000000e+00 0.000000000000000000e+00 4.405398133326459131e+00 -3.246023419031320412e+00 -2.404364697208850377e+00 0.000000000000000000e+00
0.000000000000000000e+00 0.000000000000000000e+00 0.000000000000000000e+00 7.197786068104579105e-01 9.427088890611459160e-01 6.768471561884774612e-01 0.000000000000000000e+00
0.000000000000000000e+00 0.000000000000000000e+00 0.000000000000000000e+00 4.246951558645571723e+00 1.754290930534837256e-01 -5.299405423604497400e-01 0.000000000000000000e+00
0.000000000000000000e+00 0.000000000000000000e+00 0.000000000000000000e+00 2.181742059224747621e+00 2.534122742677022977e+00 1.269712336224780636e+00 0.000000000000000000e+00
0.000000000000000000e+00 0.000000000000000000e+00 0.000000000000000000e+00 5.184174119725701857e+00 1.479356649156558179e+00 1.399062754013822074e+00 0.000000000000000000e+00
0.000000000000000000e+00 0.000000000000000000e+00 0.000000000000000000e+00 1.564157605262537221e+00 -1.213060445528221898e+00 -8.422309106796616041e-01 0.000000000000000000e+00
0.000000000000000000e+00 0.000000000000000000e+00 0.000000000000000000e+00 3.151669904773433561e+00 -7.002068179026359473e+00 -4.066165277383906762e+00 0.000000000000000000e+00
0.000000000000000000e+00 0.000000000000000000e+00 0.000000000000000000e+00 3.837283031511542486e-01 3.116511989778610658e+00 2.031065002774828265e+00 0.000000000000000000e+00
0.000000000000000000e+00 0.000000000000000000e+00 0.000000000000000000e+00 1.181224797886398292e+01 -3.065175725721649869e+00 -3.349283210362329122e+00 0.000000000000000000e+00
0.000000000000000000e+00 0.000000000000000000e+00 0.000000000000000000e+00 3.935216844757424060e+00 5.268556898726655113e+00 2.706150288943795612e+00 0.000000000000000000e+00
0.000000000000000000e+00 0.000000000000000000e+00 0.000000000000000000e+00 1.793775986193879346e+00 1.853961898982193102e+00 9.819064474716621138e-01 0.000000000000000000e+00
0.000000000000000000e+00 0.000000000000000000e+00 0.000000000000000000e+00 8.278125257821388416e+00 -1.173304306156219390e+00 6.953052881852644918e-01 0.000000000000000000e+00
0.000000000000000000e+00 0.000000000000000000e+00 0.000000000000000000e+00 7.040587792465657024e+00 3.002711602914994504e+00 3.490785944721575440e+00 0.000000000000000000e+00
0.000000000000000000e+00 0.000000000000000000e+00 0.000000000000000000e+00 2.026540223782610006e+00 3.320417679187949389e+00 1.801682123113003131e+00 0.000000000000000000e+00
0.000000000000000000e+00 0.000000000000000000e+00 0.000000000000000000e+00 7.419568560285896286e-01 6.687470685024701211e-01 5.020841656406656028e-01 0.000000000000000000e+00
0.000000000000000000e+00 0.000000000000000000e+00 0.000000000000000000e+00 5.094417117079911961e+00 -5.818222111974956645e-01 3.443902560624648723e-01 0.000000000000000000e+00
0.000000000000000000e+00 0.000000000000000000e+00 0.000000000000000000e+00 9.119271359932362486e+00 3.777686701835281102e-01 -1.906347613064922397e+00 0.000000000000000000e+00
0.000000000000000000e+00 0.000000000000000000e+00 0.000000000000000000e+00 5.098063073763452913e+00 -4.973793139786720774e-01 3.894810452127086542e-01 0.000000000000000000e+00
0.000000000000000000e+00 0.000000000000000000e+00 0.000000000000000000e+00 1.509115080434010991e+01 -5.262315284171654728e-01 5.884141107487106837e+00 0.000000000000000000e+00
0.000000000000000000e+00 0.000000000000000000e+00 0.000000000000000000e+00 8.300496752210717588e+00 -3.435864684537318636e-01 1.562467424403664706e+00 0.000000000000000000e+00
0.000000000000000000e+00 0.000000000000000000e+00 0.000000000000000000e+00 3.319205869567562139e+00 -3.562611457381636537e+00 -1.934559847238319641e+00 0.000000000000000000e+00
0.000000000000000000e+00 0.000000000000000000e+00 0.000000000000000000e+00 1.667190804583033170e+01 1.933815243839220432e+00 -5.261715159067854586e+00 0.000000000000000000e+00
0.000000000000000000e+00 0.000000000000000000e+00 0.000000000000000000e+00 8.626793499629081818e-01 -8.979899812394187553e-01 -4.896772290494107449e-01 0.000000000000000000e+00

Amplitudes vs time: t // theta_tt_old // theta_mt_old // alpha_cdt_old// theta_tt_opt // theta_mt_opt// alpha_cdt_opt  
0.000000000000000000e+00 6.172839506172839164e-03 9.938271604938271331e-01 0.000000000000000000e+00 1.062126102503314490e-01 7.360578336313292613e-01 0.000000000000000000e+00
1.000000000000000000e+00 1.851851851851851749e-02 9.814814814814815103e-01 0.000000000000000000e+00 2.933145854971381250e-01 7.209653748894029324e-01 0.000000000000000000e+00
2.000000000000000000e+00 3.086419753086419582e-02 9.691358024691357764e-01 0.000000000000000000e+00 4.377571439291985111e-01 7.248396795826472783e-01 0.000000000000000000e+00
3.000000000000000000e+00 4.320987654320987414e-02 9.567901234567901536e-01 0.000000000000000000e+00 5.412632325314422621e-01 7.305927875318526388e-01 0.000000000000000000e+00
4.000000000000000000e+00 5.555555555555555247e-02 9.444444444444444198e-01 0.000000000000000000e+00 6.125767724840509576e-01 7.331844668585294489e-01 0.000000000000000000e+00
5.000000000000000000e+00 6.790123456790123080e-02 9.320987654320987970e-01 0.000000000000000000e+00 6.617390408350755093e-01 7.333705968400576758e-01 0.000000000000000000e+00
6.000000000000000000e+00 8.024691358024690913e-02 9.197530864197530631e-01 0.000000000000000000e+00 6.969433480252471558e-01 7.331052397492630046e-01 0.000000000000000000e+00
7.000000000000000000e+00 9.259259259259258745e-02 9.074074074074074403e-01 0.000000000000000000e+00 7.234798426877303568e-01 7.336066921222692550e-01 0.000000000000000000e+00
8.000000000000000000e+00 1.049382716049382658e-01 8.950617283950617065e-01 0.000000000000000000e+00 7.440331862412697950e-01 7.351879811680577248e-01 0.000000000000000000e+00
9.000000000000000000e+00 1.172839506172839441e-01 8.827160493827160836e-01 0.000000000000000000e+00 7.596527209841051897e-01 7.376117597245281932e-01 0.000000000000000000e+00
1.000000000000000000e+01 1.296296296296296224e-01 8.703703703703703498e-01 0.000000000000000000e+00 7.708705470093986101e-01 7.403101494411150618e-01 0.000000000000000000e+00
1.100000000000000000e+01 1.419753086419753008e-01 8.580246913580247270e-01 0.000000000000000000e+00 7.785831131924341175e-01 7.424625999443583702e-01 0.000000000000000000e+00
1.200000000000000000e+01 1.543209876543209791e-01 8.456790123456789932e-01 0.000000000000000000e+00 7.844373384745780831e-01 7.431578187974496874e-01 0.000000000000000000e+00
1.300000000000000000e+01 1.666666666666666574e-01 8.333333333333333703e-01 0.000000000000000000e+00 7.906247596981252901e-01 7.417058010589506756e-01 0.000000000000000000e+00
1.400000000000000000e+01 1.790123456790123357e-01 8.209876543209876365e-01 0.000000000000000000e+00 7.992030799384398643e-01 7.379343516751293297e-01 0.000000000000000000e+00
1.500000000000000000e+01 1.913580246913580141e-01 8.086419753086420137e-01 0.000000000000000000e+00 8.112733029969266818e-01 7.322654160910359034e-01 0.000000000000000000e+00
1.600000000000000000e+01 2.037037037037036924e-01 7.962962962962962798e-01 0.000000000000000000e+00 8.264354627446932611e-01 7.255283569870520921e-01 0.000000000000000000e+00
1.700000000000000000e+01 2.160493827160493707e-01 7.839506172839506570e-01 0.000000000000000000e+00 8.428488523360555540e-01 7.186463264169717924e-01 0.000000000000000000e+00
1.800000000000000000e+01 2.283950617283950490e-01 7.716049382716049232e-01 0.000000000000000000e+00 8.579496648515212431e-01 7.123647861070607767e-01 0.000000000000000000e+00
1.900000000000000000e+01 2.407407407407407274e-01 7.592592592592593004e-01 0.000000000000000000e+00 8.695490389336681947e-01 7.070854163724251684e-01 0.000000000000000000e+00
2.000000000000000000e+01 2.530864197530864335e-01 7.469135802469135665e-01 0.000000000000000000e+00 8.768144273778899489e-01 7.027672188531781661e-01 0.000000000000000000e+00
2.100000000000000000e+01 2.654320987654321118e-01 7.345679012345678327e-01 0.000000000000000000e+00 8.806531441328309118e-01 6.988748636521403546e-01 0.000000000000000000e+00
2.200000000000000000e+01 2.777777777777777901e-01 7.222222222222222099e-01 0.000000000000000000e+00 8.832817246628916763e-01 6.944561499083609091e-01 0.000000000000000000e+00
2.300000000000000000e+01 2.901234567901234684e-01 7.098765432098765871e-01 0.000000000000000000e+00 8.871607344157814712e-01 6.884651622889835787e-01 0.000000000000000000e+00
2.400000000000000000e+01 3.024691358024691468e-01 6.975308641975308532e-01 0.000000000000000000e+00 8.938044223320796844e-01 6.803116260070630750e-01 0.000000000000000000e+00
2.500000000000000000e+01 3.148148148148148251e-01 6.851851851851851194e-01 0.000000000000000000e+00 9.030583670690213172e-01 6.703827231351691118e-01 0.000000000000000000e+00
2.600000000000000000e+01 3.271604938271605034e-01 6.728395061728394966e-01 0.000000000000000000e+00 9.132126341759637667e-01 6.601640984291704539e-01 0.000000000000000000e+00
2.700000000000000000e+01 3.395061728395061817e-01 6.604938271604938738e-01 0.000000000000000000e+00 9.218836074328207175e-01 6.517496183344531069e-01 0.000000000000000000e+00
2.800000000000000000e+01 3.518518518518518601e-01 6.481481481481481399e-01 0.000000000000000000e+00 9.271816782561996817e-01 6.469214922758639297e-01 0.000000000000000000e+00
2.900000000000000000e+01 3.641975308641975384e-01 6.358024691358024061e-01 0.000000000000000000e+00 9.285221591706882549e-01 6.463301382894159897e-01 0.000000000000000000e+00
3.000000000000000000e+01 3.765432098765432167e-01 6.234567901234567833e-01 0.000000000000000000e+00 9.266425228745052145e-01 6.493130909256844552e-01 0.000000000000000000e+00
3.100000000000000000e+01 3.888888888888888951e-01 6.111111111111111605e-01 0.000000000000000000e+00 9.228602266494224660e-01 6.544987467412954896e-01 0.000000000000000000e+00
3.200000000000000000e+01 4.012345679012345734e-01 5.987654320987654266e-01 0.000000000000000000e+00 9.180704466544182818e-01 6.607936231865787491e-01 0.000000000000000000e+00
3.300000000000000000e+01 4.135802469135802517e-01 5.864197530864196928e-01 0.000000000000000000e+00 9.121516078328657517e-01 6.680521386731473887e-01 0.000000000000000000e+00
3.400000000000000000e+01 4.259259259259259300e-01 5.740740740740740700e-01 0.000000000000000000e+00 9.041935493517418987e-01 6.769248767415653179e-01 0.000000000000000000e+00
3.500000000000000000e+01 4.382716049382716084e-01 5.617283950617284471e-01 0.000000000000000000e+00 8.934261535559335776e-01 6.879647775208798111e-01 0.000000000000000000e+00
3.600000000000000000e+01 4.506172839506172867e-01 5.493827160493827133e-01 0.000000000000000000e+00 8.802390755729614380e-01 7.006314248752504303e-01 0.000000000000000000e+00
3.700000000000000000e+01 4.629629629629629650e-01 5.370370370370369795e-01 0.000000000000000000e+00 8.665707996352475240e-01 7.129575162146218892e-01 0.000000000000000000e+00
3.800000000000000000e+01 4.753086419753086433e-01 5.246913580246913567e-01 0.000000000000000000e+00 8.553059243017426816e-01 7.222197577342939212e-01 0.000000000000000000e+00
3.900000000000000000e+01 4.876543209876543217e-01 5.123456790123457338e-01 0.000000000000000000e+00 8.489430923878660273e-01 7.262735219852129998e-01 0.000000000000000000e+00
4.000000000000000000e+01 5.000000000000000000e-01 5.000000000000000000e-01 0.000000000000000000e+00 8.482856928042843414e-01 7.247420999075769865e-01 0.000000000000000000e+00
4.100000000000000000e+01 5.123456790123457338e-01 4.876543209876542662e-01 0.000000000000000000e+00 8.519370925294256214e-01 7.193206181139911726e-01 0.000000000000000000e+00
4.200000000000000000e+01 5.246913580246913567e-01 4.753086419753086433e-01 0.000000000000000000e+00 8.569177029488548314e-01 7.130057167816077346e-01 0.000000000000000000e+00
4.300000000000000000e+01 5.370370370370370905e-01 4.629629629629629095e-01 0.000000000000000000e+00 8.600525514660228854e-01 7.087119106595497486e-01 0.000000000000000000e+00
4.400000000000000000e+01 5.493827160493827133e-01 4.506172839506172867e-01 0.000000000000000000e+00 8.593311537907928344e-01 7.080567491505667110e-01 0.000000000000000000e+00
4.500000000000000000e+01 5.617283950617284471e-01 4.382716049382715529e-01 0.000000000000000000e+00 8.544951574144626916e-01 7.109138618544403876e-01 0.000000000000000000e+00
4.600000000000000000e+01 5.740740740740740700e-01 4.259259259259259300e-01 0.000000000000000000e+00 8.466112699707141198e-01 7.158185157699780143e-01 0.000000000000000000e+00
4.700000000000000000e+01 5.864197530864198038e-01 4.135802469135801962e-01 0.000000000000000000e+00 8.369973235607954809e-01 7.208306061223809236e-01 0.000000000000000000e+00
4.800000000000000000e+01 5.987654320987654266e-01 4.012345679012345734e-01 0.000000000000000000e+00 8.261979162407888655e-01 7.243040443353743196e-01 0.000000000000000000e+00
4.900000000000000000e+01 6.111111111111111605e-01 3.888888888888888395e-01 0.000000000000000000e+00 8.135759648691667234e-01 7.252107234804421321e-01 0.000000000000000000e+00
5.000000000000000000e+01 6.234567901234567833e-01 3.765432098765432167e-01 0.000000000000000000e+00 7.976373237181451081e-01 7.230209072849190788e-01 0.000000000000000000e+00
5.100000000000000000e+01 6.358024691358025171e-01 3.641975308641974829e-01 0.000000000000000000e+00 7.767714134847631957e-01 7.173977884876865385e-01 0.000000000000000000e+00
5.200000000000000000e+01 6.481481481481481399e-01 3.518518518518518601e-01 0.000000000000000000e+00 7.499504735088954321e-01 7.079971713139282530e-01 0.000000000000000000e+00
5.300000000000000000e+01 6.604938271604938738e-01 3.395061728395061262e-01 0.000000000000000000e+00 7.171169608471491541e-01 6.945237833231183711e-01 0.000000000000000000e+00
5.400000000000000000e+01 6.728395061728394966e-01 3.271604938271605034e-01 0.000000000000000000e+00 6.792943081951881013e-01 6.770194382763907726e-01 0.000000000000000000e+00
5.500000000000000000e+01 6.851851851851852304e-01 3.148148148148147696e-01 0.000000000000000000e+00 6.386134839315530387e-01 6.562430569255011115e-01 0.000000000000000000e+00
5.600000000000000000e+01 6.975308641975308532e-01 3.024691358024691468e-01 0.000000000000000000e+00 5.983448967813661534e-01 6.339589800007540132e-01 0.000000000000000000e+00
5.700000000000000000e+01 7.098765432098765871e-01 2.901234567901234129e-01 0.000000000000000000e+00 5.627864160846248742e-01 6.129481313694156164e-01 0.000000000000000000e+00
5.800000000000000000e+01 7.222222222222222099e-01 2.777777777777777901e-01 0.000000000000000000e+00 5.367334929378491104e-01 5.965972901992856459e-01 0.000000000000000000e+00
5.900000000000000000e+01 7.345679012345679437e-01 2.654320987654320563e-01 0.000000000000000000e+00 5.244122283270192808e-01 5.880457587104386263e-01 0.000000000000000000e+00
6.000000000000000000e+01 7.469135802469135665e-01 2.530864197530864335e-01 0.000000000000000000e+00 5.281282592338736315e-01 5.890888584897195912e-01 0.000000000000000000e+00
6.100000000000000000e+01 7.592592592592593004e-01 2.407407407407406996e-01 0.000000000000000000e+00 5.472162439350194418e-01 5.992674780625213415e-01 0.000000000000000000e+00
6.200000000000000000e+01 7.716049382716049232e-01 2.283950617283950768e-01 0.000000000000000000e+00 5.778998001306347998e-01 6.156428843526436934e-01 0.000000000000000000e+00
6.300000000000000000e+01 7.839506172839506570e-01 2.160493827160493430e-01 0.000000000000000000e+00 6.143122725784280203e-01 6.335342172212194978e-01 0.000000000000000000e+00
6.400000000000000000e+01 7.962962962962962798e-01 2.037037037037037202e-01 0.000000000000000000e+00 6.503622822876121701e-01 6.480254313614535189e-01 0.000000000000000000e+00
6.500000000000000000e+01 8.086419753086420137e-01 1.913580246913579863e-01 0.000000000000000000e+00 6.816769055862115234e-01 6.555759961762159804e-01 0.000000000000000000e+00
6.600000000000000000e+01 8.209876543209876365e-01 1.790123456790123635e-01 0.000000000000000000e+00 7.067813620556882004e-01 6.549128766976701765e-01 0.000000000000000000e+00
6.700000000000000000e+01 8.333333333333333703e-01 1.666666666666666297e-01 0.000000000000000000e+00 7.270211497419207802e-01 6.467064946608244158e-01 0.000000000000000000e+00
6.800000000000000000e+01 8.456790123456789932e-01 1.543209876543210068e-01 0.000000000000000000e+00 7.453140222736700515e-01 6.322062966609391932e-01 0.000000000000000000e+00
6.900000000000000000e+01 8.580246913580247270e-01 1.419753086419752730e-01 0.000000000000000000e+00 7.643409319610576791e-01 6.116455795173306731e-01 0.000000000000000000e+00
7.000000000000000000e+01 8.703703703703703498e-01 1.296296296296296502e-01 0.000000000000000000e+00 7.850099696790411308e-01 5.834151353072318802e-01 0.000000000000000000e+00
7.100000000000000000e+01 8.827160493827160836e-01 1.172839506172839164e-01 0.000000000000000000e+00 8.058798112778026157e-01 5.445966834049866812e-01 0.000000000000000000e+00
7.200000000000000000e+01 8.950617283950617065e-01 1.049382716049382935e-01 0.000000000000000000e+00 8.237986810089235057e-01 4.926553423561697009e-01 0.000000000000000000e+00
7.300000000000000000e+01 9.074074074074074403e-01 9.259259259259255970e-02 0.000000000000000000e+00 8.354884446901634787e-01 4.273808667631739944e-01 0.000000000000000000e+00
7.400000000000000000e+01 9.197530864197530631e-01 8.024691358024693688e-02 0.000000000000000000e+00 8.393847383866364087e-01 3.519697390031700790e-01 0.000000000000000000e+00
7.500000000000000000e+01 9.320987654320987970e-01 6.790123456790120304e-02 0.000000000000000000e+00 8.368927938313045489e-01 2.725819638588669047e-01 0.000000000000000000e+00
7.600000000000000000e+01 9.444444444444444198e-01 5.555555555555558023e-02 0.000000000000000000e+00 8.324096979263305718e-01 1.965350534133901705e-01 0.000000000000000000e+00
7.700000000000000000e+01 9.567901234567901536e-01 4.320987654320984639e-02 0.000000000000000000e+00 8.319545851041511009e-01 1.300358259046122122e-01 0.000000000000000000e+00
7.800000000000000000e+01 9.691358024691357764e-01 3.086419753086422357e-02 0.000000000000000000e+00 8.408659635059225756e-01 7.658088349268202255e-02 0.000000000000000000e+00
7.900000000000000000e+01 9.814814814814815103e-01 1.851851851851848973e-02 0.000000000000000000e+00 8.615063193690165599e-01 3.676016464943988871e-02 0.000000000000000000e+00
8.000000000000000000e+01 9.938271604938271331e-01 6.172839506172866919e-03 0.000000000000000000e+00 8.920097827211048713e-01 9.411000122486535766e-03 0.000000000000000000e+00

Residual energy after optimization is 9.308978142631271e-05 C0x=1.3018870479832603 C0z=0.9092932653950437 C0xz=1.0
Optimization procedure took 509.6241407394409 seconds