### PARAMETERS OF THE TIME EVOLUTION ### 
Total time tau = 36
Timestep dt = 1
P = tau/dt = 36
Number of Fourier coefficients Nc = 36

gamma(t) = t/T*(delta_t + \sum_i^Nc gamma_i*f_i(wi, t) 
beta(t) = (1-t/T)*(delta_t + \sum_i^Nc beta_i*f_i(wi, t)

CRAB coefficient   Cz_start// Cx_start// Cxz_start // pulses//  Cz_opt // Cx_opt // Cxz_opt  
0.000000000000000000e+00 0.000000000000000000e+00 0.000000000000000000e+00 6.642897272393099684e+00 1.773944475372108514e+02 -2.008249474082003871e+01 0.000000000000000000e+00
0.000000000000000000e+00 0.000000000000000000e+00 0.000000000000000000e+00 1.790120752493370215e+00 1.993612837557611783e+02 -1.491276810042883483e+01 0.000000000000000000e+00
0.000000000000000000e+00 0.000000000000000000e+00 0.000000000000000000e+00 7.170651193259551803e+00 -3.803808362937121501e+02 3.900708120012635050e+01 0.000000000000000000e+00
0.000000000000000000e+00 0.000000000000000000e+00 0.000000000000000000e+00 9.062190977442780015e-01 -4.887360039051986860e+01 2.990219602580879155e+00 0.000000000000000000e+00
0.000000000000000000e+00 0.000000000000000000e+00 0.000000000000000000e+00 6.051547131123193424e+00 -2.210550999464994391e+02 2.179094369995684488e+01 0.000000000000000000e+00
0.000000000000000000e+00 0.000000000000000000e+00 0.000000000000000000e+00 5.376034751872939665e+00 1.660603822799825480e+02 -1.772286513517591899e+01 0.000000000000000000e+00
0.000000000000000000e+00 0.000000000000000000e+00 0.000000000000000000e+00 1.047193431724620760e+00 -1.300892847893214253e+02 9.314230921149462716e+00 0.000000000000000000e+00
0.000000000000000000e+00 0.000000000000000000e+00 0.000000000000000000e+00 4.279688752610015356e+00 -1.479496974541922896e+02 9.917996624987500454e+00 0.000000000000000000e+00
0.000000000000000000e+00 0.000000000000000000e+00 0.000000000000000000e+00 2.671996313524192868e+00 -1.502018965952630367e+02 1.385216335116137465e+01 0.000000000000000000e+00
0.000000000000000000e+00 0.000000000000000000e+00 0.000000000000000000e+00 1.596459372186683101e+00 4.202718105168755613e+01 -1.924497862813457250e+00 0.000000000000000000e+00
0.000000000000000000e+00 0.000000000000000000e+00 0.000000000000000000e+00 9.540759893962603710e-01 -8.030384144675488756e+01 5.383237241847942833e+00 0.000000000000000000e+00
0.000000000000000000e+00 0.000000000000000000e+00 0.000000000000000000e+00 7.584946618303002985e+00 1.768033721679457813e+02 -1.791989149638148859e+01 0.000000000000000000e+00
0.000000000000000000e+00 0.000000000000000000e+00 0.000000000000000000e+00 4.878147520724416708e+00 -5.630450889363869749e+01 1.296009425586627906e+01 0.000000000000000000e+00
0.000000000000000000e+00 0.000000000000000000e+00 0.000000000000000000e+00 1.401924481225567298e+01 -2.468003281207915012e-01 6.098772863931999771e-02 0.000000000000000000e+00
0.000000000000000000e+00 0.000000000000000000e+00 0.000000000000000000e+00 1.323513495499978454e+01 4.371582117576941151e+00 -9.780365818105121178e-01 0.000000000000000000e+00
0.000000000000000000e+00 0.000000000000000000e+00 0.000000000000000000e+00 6.630429054577473558e+00 1.763992642532361970e+02 -1.958834714984439529e+01 0.000000000000000000e+00
0.000000000000000000e+00 0.000000000000000000e+00 0.000000000000000000e+00 6.340215542330085441e+00 -2.031815821053892179e+01 6.271264154670527446e+00 0.000000000000000000e+00
0.000000000000000000e+00 0.000000000000000000e+00 0.000000000000000000e+00 1.039180707861709507e+01 -1.017005253871222337e+01 8.307714153787829625e-01 0.000000000000000000e+00
0.000000000000000000e+00 0.000000000000000000e+00 0.000000000000000000e+00 1.063211847051822367e+01 5.782225381567396738e+00 -3.952353860713759270e-01 0.000000000000000000e+00
0.000000000000000000e+00 0.000000000000000000e+00 0.000000000000000000e+00 4.268896968163379491e+00 -1.387909687465114246e+02 9.041627529110957795e+00 0.000000000000000000e+00
0.000000000000000000e+00 0.000000000000000000e+00 0.000000000000000000e+00 1.277886697894511148e+00 -1.554976214992443033e+02 1.222459096061876593e+01 0.000000000000000000e+00
0.000000000000000000e+00 0.000000000000000000e+00 0.000000000000000000e+00 1.487765101226652042e+01 9.461609723605518552e-02 -2.353346622244243194e-02 0.000000000000000000e+00
0.000000000000000000e+00 0.000000000000000000e+00 0.000000000000000000e+00 1.530422656176596519e+01 -3.812639604018337042e-02 1.700325837344987892e-02 0.000000000000000000e+00
0.000000000000000000e+00 0.000000000000000000e+00 0.000000000000000000e+00 4.972751334957177249e-01 1.967334961511546680e+02 -1.455451379482922114e+01 0.000000000000000000e+00
0.000000000000000000e+00 0.000000000000000000e+00 0.000000000000000000e+00 4.076066232624001806e+00 5.438714252697982232e+01 -6.564305929361201386e+00 0.000000000000000000e+00
0.000000000000000000e+00 0.000000000000000000e+00 0.000000000000000000e+00 6.037278183657136310e+00 -2.238831343996715475e+02 2.166756757355626206e+01 0.000000000000000000e+00
0.000000000000000000e+00 0.000000000000000000e+00 0.000000000000000000e+00 2.588266038649634559e+00 -8.805865664983619467e+01 6.638970825337572990e+00 0.000000000000000000e+00
0.000000000000000000e+00 0.000000000000000000e+00 0.000000000000000000e+00 3.708155181007751766e-01 2.040007169362821458e+02 -1.486155356459188859e+01 0.000000000000000000e+00
0.000000000000000000e+00 0.000000000000000000e+00 0.000000000000000000e+00 5.429338756843216096e+00 1.419974471123551041e+02 -1.699829888591667526e+01 0.000000000000000000e+00
0.000000000000000000e+00 0.000000000000000000e+00 0.000000000000000000e+00 3.873363173022748018e+00 2.388459832620462748e+02 -1.647131364825933630e+01 0.000000000000000000e+00
0.000000000000000000e+00 0.000000000000000000e+00 0.000000000000000000e+00 1.319129148609671454e+01 -4.266919872641982359e+00 9.694641550755895842e-01 0.000000000000000000e+00
0.000000000000000000e+00 0.000000000000000000e+00 0.000000000000000000e+00 9.755428510323879365e+00 8.037420829126579847e+00 -7.297950616295012516e-01 0.000000000000000000e+00
0.000000000000000000e+00 0.000000000000000000e+00 0.000000000000000000e+00 2.363789909804105527e+00 1.181844451258997140e+02 -1.285612554447100031e+01 0.000000000000000000e+00
0.000000000000000000e+00 0.000000000000000000e+00 0.000000000000000000e+00 6.530030960184744160e+00 1.397863531841857991e+02 -1.287545235222144413e+01 0.000000000000000000e+00
0.000000000000000000e+00 0.000000000000000000e+00 0.000000000000000000e+00 1.815482808273147697e+01 -7.287871213678713198e-04 -1.703842566931801101e-03 0.000000000000000000e+00
0.000000000000000000e+00 0.000000000000000000e+00 0.000000000000000000e+00 8.479644826223443843e+00 -2.266742155588782381e+01 2.263286021993833330e+00 0.000000000000000000e+00

Amplitudes vs time: t // theta_tt_old // theta_mt_old // alpha_cdt_old// theta_tt_opt // theta_mt_opt// alpha_cdt_opt  
0.000000000000000000e+00 1.388888888888888812e-02 9.861111111111111605e-01 0.000000000000000000e+00 1.508773839197471434e-01 7.605218125791417538e-01 0.000000000000000000e+00
1.000000000000000000e+00 4.166666666666666435e-02 9.583333333333333703e-01 0.000000000000000000e+00 3.868806795976539870e-01 7.438634365960490324e-01 0.000000000000000000e+00
2.000000000000000000e+00 6.944444444444444753e-02 9.305555555555555802e-01 0.000000000000000000e+00 5.263810832045809907e-01 7.353503523854634238e-01 0.000000000000000000e+00
3.000000000000000000e+00 9.722222222222222376e-02 9.027777777777777901e-01 0.000000000000000000e+00 6.067814087962747349e-01 7.315283790903908123e-01 0.000000000000000000e+00
4.000000000000000000e+00 1.250000000000000000e-01 8.750000000000000000e-01 0.000000000000000000e+00 6.558272400432363369e-01 7.303920304804134567e-01 0.000000000000000000e+00
5.000000000000000000e+00 1.527777777777777901e-01 8.472222222222222099e-01 0.000000000000000000e+00 6.880722980280598033e-01 7.292263208033247235e-01 0.000000000000000000e+00
6.000000000000000000e+00 1.805555555555555525e-01 8.194444444444444198e-01 0.000000000000000000e+00 7.104611618466243339e-01 7.281054657267314045e-01 0.000000000000000000e+00
7.000000000000000000e+00 2.083333333333333426e-01 7.916666666666666297e-01 0.000000000000000000e+00 7.268817096150216317e-01 7.263059807917707777e-01 0.000000000000000000e+00
8.000000000000000000e+00 2.361111111111111049e-01 7.638888888888888395e-01 0.000000000000000000e+00 7.398825991396540402e-01 7.234166793649430272e-01 0.000000000000000000e+00
9.000000000000000000e+00 2.638888888888888951e-01 7.361111111111111605e-01 0.000000000000000000e+00 7.504442433517907185e-01 7.206396687117277988e-01 0.000000000000000000e+00
1.000000000000000000e+01 2.916666666666666852e-01 7.083333333333332593e-01 0.000000000000000000e+00 7.587454248113698618e-01 7.179648668124516409e-01 0.000000000000000000e+00
1.100000000000000000e+01 3.194444444444444198e-01 6.805555555555555802e-01 0.000000000000000000e+00 7.654146048948252679e-01 7.139392793754583133e-01 0.000000000000000000e+00
1.200000000000000000e+01 3.472222222222222099e-01 6.527777777777777901e-01 0.000000000000000000e+00 7.712978166749860920e-01 7.086495116177375930e-01 0.000000000000000000e+00
1.300000000000000000e+01 3.750000000000000000e-01 6.250000000000000000e-01 0.000000000000000000e+00 7.766603596708465673e-01 7.025164977318255621e-01 0.000000000000000000e+00
1.400000000000000000e+01 4.027777777777777901e-01 5.972222222222222099e-01 0.000000000000000000e+00 7.815682927768079491e-01 6.930641910875300349e-01 0.000000000000000000e+00
1.500000000000000000e+01 4.305555555555555802e-01 5.694444444444444198e-01 0.000000000000000000e+00 7.863516988573215905e-01 6.777198421903876113e-01 0.000000000000000000e+00
1.600000000000000000e+01 4.583333333333333148e-01 5.416666666666667407e-01 0.000000000000000000e+00 7.901062206699931423e-01 6.582478472739730080e-01 0.000000000000000000e+00
1.700000000000000000e+01 4.861111111111111049e-01 5.138888888888888395e-01 0.000000000000000000e+00 7.889510132649298901e-01 6.377944770771372118e-01 0.000000000000000000e+00
1.800000000000000000e+01 5.138888888888888395e-01 4.861111111111111605e-01 0.000000000000000000e+00 7.786305644097609724e-01 6.164413395277412722e-01 0.000000000000000000e+00
1.900000000000000000e+01 5.416666666666666297e-01 4.583333333333333703e-01 0.000000000000000000e+00 7.611780015752035444e-01 5.951196683147422783e-01 0.000000000000000000e+00
2.000000000000000000e+01 5.694444444444444198e-01 4.305555555555555802e-01 0.000000000000000000e+00 7.473036802603362228e-01 5.804445527037761510e-01 0.000000000000000000e+00
2.100000000000000000e+01 5.972222222222222099e-01 4.027777777777777901e-01 0.000000000000000000e+00 7.484786028661057911e-01 5.787616791578786835e-01 0.000000000000000000e+00
2.200000000000000000e+01 6.250000000000000000e-01 3.750000000000000000e-01 0.000000000000000000e+00 7.661634124285000569e-01 5.871930167253521793e-01 0.000000000000000000e+00
2.300000000000000000e+01 6.527777777777777901e-01 3.472222222222222099e-01 0.000000000000000000e+00 7.913068713826520995e-01 5.961268744875983794e-01 0.000000000000000000e+00
2.400000000000000000e+01 6.805555555555555802e-01 3.194444444444444198e-01 0.000000000000000000e+00 8.144728641684864101e-01 5.984498560073991946e-01 0.000000000000000000e+00
2.500000000000000000e+01 7.083333333333333703e-01 2.916666666666666297e-01 0.000000000000000000e+00 8.336441726329580915e-01 5.916486781992071897e-01 0.000000000000000000e+00
2.600000000000000000e+01 7.361111111111111605e-01 2.638888888888888395e-01 0.000000000000000000e+00 8.520149112526517188e-01 5.743991629784932496e-01 0.000000000000000000e+00
2.700000000000000000e+01 7.638888888888888395e-01 2.361111111111111605e-01 0.000000000000000000e+00 8.716450577091228169e-01 5.471398788495114296e-01 0.000000000000000000e+00
2.800000000000000000e+01 7.916666666666666297e-01 2.083333333333333703e-01 0.000000000000000000e+00 8.909696090450764938e-01 5.131350795948546040e-01 0.000000000000000000e+00
2.900000000000000000e+01 8.194444444444444198e-01 1.805555555555555802e-01 0.000000000000000000e+00 9.074571349750197857e-01 4.725631652812094519e-01 0.000000000000000000e+00
3.000000000000000000e+01 8.472222222222222099e-01 1.527777777777777901e-01 0.000000000000000000e+00 9.228656091437067444e-01 4.176592219664473360e-01 0.000000000000000000e+00
3.100000000000000000e+01 8.750000000000000000e-01 1.250000000000000000e-01 0.000000000000000000e+00 9.453672289609197366e-01 3.406693097596364961e-01 0.000000000000000000e+00
3.200000000000000000e+01 9.027777777777777901e-01 9.722222222222220989e-02 0.000000000000000000e+00 9.807125295017624644e-01 2.467499384572214016e-01 0.000000000000000000e+00
3.300000000000000000e+01 9.305555555555555802e-01 6.944444444444441977e-02 0.000000000000000000e+00 1.016835084237266873e+00 1.535620001994059403e-01 0.000000000000000000e+00
3.400000000000000000e+01 9.583333333333333703e-01 4.166666666666662966e-02 0.000000000000000000e+00 1.024570383367257920e+00 7.700193047547795877e-02 0.000000000000000000e+00
3.500000000000000000e+01 9.861111111111111605e-01 1.388888888888883955e-02 0.000000000000000000e+00 9.858231477632559692e-01 2.113502169802476335e-02 0.000000000000000000e+00

Residual energy after optimization is 0.005168139230467464 C0x=1.3720062119569703 C0z=0.9537725906080184 C0xz=1.0
Optimization procedure took 79.89606523513794 seconds