### PARAMETERS OF THE TIME EVOLUTION ### 
Total time tau = 30
Timestep dt = 1
P = tau/dt = 30
Number of Fourier coefficients Nc = 30

gamma(t) = t/T*(delta_t + \sum_i^Nc gamma_i*f_i(wi, t) 
beta(t) = (1-t/T)*(delta_t + \sum_i^Nc beta_i*f_i(wi, t)

CRAB coefficient   Cz_start// Cx_start// Cxz_start // pulses//  Cz_opt // Cx_opt // Cxz_opt  
0.000000000000000000e+00 0.000000000000000000e+00 0.000000000000000000e+00 3.625794878260381271e+00 3.990159223958604784e+00 -5.011354041996904130e+01 3.823002150086637574e+00
0.000000000000000000e+00 0.000000000000000000e+00 0.000000000000000000e+00 3.143298726890398687e+00 2.338695215563635355e+00 -3.711888869429732551e+01 -1.457291531791929051e+00
0.000000000000000000e+00 0.000000000000000000e+00 0.000000000000000000e+00 3.021424733394825868e+00 -2.842433061324160182e+00 3.558032494148934433e+01 -1.137093547260500825e+00
0.000000000000000000e+00 0.000000000000000000e+00 0.000000000000000000e+00 9.917348706342501430e+00 -1.178163207491597295e-02 -3.710746074933092553e-02 -4.309931574087756852e-03
0.000000000000000000e+00 0.000000000000000000e+00 0.000000000000000000e+00 1.516841480826980337e+01 3.965161800601384699e-03 -3.121335300913206066e-03 -4.488509806218755720e-04
0.000000000000000000e+00 0.000000000000000000e+00 0.000000000000000000e+00 3.125476555925399413e+00 1.537226625261254087e+00 -2.596319638053753920e+01 -1.511405631442666708e+00
0.000000000000000000e+00 0.000000000000000000e+00 0.000000000000000000e+00 5.387054099933239470e+00 -1.520758476771349788e+00 4.747150566691580309e+01 1.696802645858092262e+00
0.000000000000000000e+00 0.000000000000000000e+00 0.000000000000000000e+00 3.039036119898490096e+00 -2.163094749554908436e+00 2.596402901379175887e+01 -1.274964271946416261e+00
0.000000000000000000e+00 0.000000000000000000e+00 0.000000000000000000e+00 1.222336457322664316e+01 2.669330165828308690e-03 -1.599973211417889682e-03 3.075273098322709679e-03
0.000000000000000000e+00 0.000000000000000000e+00 0.000000000000000000e+00 7.609638224173747467e+00 -4.578311497867908891e-02 -2.453355060882941030e-01 -5.350831865335804217e-03
0.000000000000000000e+00 0.000000000000000000e+00 0.000000000000000000e+00 5.882754633761872576e+00 -6.983403124901029768e-01 -1.514352392973604289e+01 -7.686246895757051334e+00
0.000000000000000000e+00 0.000000000000000000e+00 0.000000000000000000e+00 2.775286720793976425e+00 -7.180573781922183763e+00 9.957387406724474488e+01 1.976594048671361792e+00
0.000000000000000000e+00 0.000000000000000000e+00 0.000000000000000000e+00 6.038859795465038260e+00 -2.294718906310478257e+00 5.749624664968394683e+01 -5.439130493447192904e+00
0.000000000000000000e+00 0.000000000000000000e+00 0.000000000000000000e+00 1.674323805242032837e+00 -3.633457995992305012e+00 5.060990384893476346e+01 1.803374764817958331e+00
0.000000000000000000e+00 0.000000000000000000e+00 0.000000000000000000e+00 3.259408919914375868e+00 7.259907659725935325e+00 -1.047908300479148096e+02 -2.279651844959263152e-01
0.000000000000000000e+00 0.000000000000000000e+00 0.000000000000000000e+00 2.125133114203450635e+00 8.153726198285832893e+00 -1.125049824081352909e+02 -6.220976649044978934e+00
0.000000000000000000e+00 0.000000000000000000e+00 0.000000000000000000e+00 5.952795078316565736e+00 2.067265181723588974e+00 -4.211794621963043284e+01 5.883181071381044625e+00
0.000000000000000000e+00 0.000000000000000000e+00 0.000000000000000000e+00 4.961657634288261676e+00 1.642496613425286300e+00 -3.883816148748382346e+01 -9.071145802309329431e-01
0.000000000000000000e+00 0.000000000000000000e+00 0.000000000000000000e+00 2.484585464196283233e+00 4.057884887959372078e-01 -3.245199667615984218e+00 9.300483400563679393e-01
0.000000000000000000e+00 0.000000000000000000e+00 0.000000000000000000e+00 1.570012486308567823e+00 -4.043773735507899758e+00 5.545790962536476343e+01 3.132519931470151953e+00
0.000000000000000000e+00 0.000000000000000000e+00 0.000000000000000000e+00 2.627269883701935260e+00 -4.519071898492715178e+00 6.447271607695569173e+01 2.547228411341074139e+00
0.000000000000000000e+00 0.000000000000000000e+00 0.000000000000000000e+00 5.993100032086055684e+00 1.490048305151079999e+00 -1.985604562676784468e+01 6.305646457562123608e+00
0.000000000000000000e+00 0.000000000000000000e+00 0.000000000000000000e+00 2.546852251243972187e+00 -1.888764719836416139e+00 2.847255160407763341e+01 1.893123536677902674e+00
0.000000000000000000e+00 0.000000000000000000e+00 0.000000000000000000e+00 2.477743292045600398e+00 6.616148500071421523e-01 -6.796517065309432226e+00 8.033122314053250390e-01
0.000000000000000000e+00 0.000000000000000000e+00 0.000000000000000000e+00 1.369432204401202391e+00 5.101264639511279064e+00 -7.674804410996310366e+01 -3.715383388786616781e+00
0.000000000000000000e+00 0.000000000000000000e+00 0.000000000000000000e+00 2.448292806689295720e+00 1.756649710374011519e+00 -2.201766308082592261e+01 2.184335711660338464e-01
0.000000000000000000e+00 0.000000000000000000e+00 0.000000000000000000e+00 2.372175311053536628e+00 4.411581740156486298e+00 -5.910353872147994991e+01 -1.510746318605699301e+00
0.000000000000000000e+00 0.000000000000000000e+00 0.000000000000000000e+00 3.746941387508246457e+00 -6.708343967011358266e+00 1.008685631319386857e+02 -1.673428604298754063e+00
0.000000000000000000e+00 0.000000000000000000e+00 0.000000000000000000e+00 1.077347129615565891e+01 -2.113335264742486654e-03 -1.880658138286061968e-03 3.707596531370151074e-03
0.000000000000000000e+00 0.000000000000000000e+00 0.000000000000000000e+00 1.690867944442584259e+00 -3.332402285140713349e+00 4.648903494712964601e+01 1.416609536279039183e+00

Amplitudes vs time: t // theta_tt_old // theta_mt_old // alpha_cdt_old// theta_tt_opt // theta_mt_opt// alpha_cdt_opt  
0.000000000000000000e+00 1.666666666666666644e-02 9.833333333333332815e-01 0.000000000000000000e+00 9.987180219659223118e-03 8.331736906172894086e-01 6.289305715514714734e-02
1.000000000000000000e+00 5.000000000000000278e-02 9.499999999999999556e-01 0.000000000000000000e+00 4.724611014300737072e-02 7.157003050697109403e-01 1.667429305303276266e-01
2.000000000000000000e+00 8.333333333333332871e-02 9.166666666666666297e-01 0.000000000000000000e+00 1.002562800113724339e-01 5.884043971351737845e-01 2.302811449278987510e-01
3.000000000000000000e+00 1.166666666666666685e-01 8.833333333333333037e-01 0.000000000000000000e+00 1.612802783271979068e-01 4.338683565067338321e-01 2.615475207341173558e-01
4.000000000000000000e+00 1.499999999999999944e-01 8.499999999999999778e-01 0.000000000000000000e+00 2.215460792042834304e-01 3.012585537914528322e-01 2.744146953166826108e-01
5.000000000000000000e+00 1.833333333333333204e-01 8.166666666666666519e-01 0.000000000000000000e+00 2.751388099022540334e-01 1.998531688500130021e-01 2.815382066296915342e-01
6.000000000000000000e+00 2.166666666666666741e-01 7.833333333333333259e-01 0.000000000000000000e+00 3.205520596466283623e-01 1.202492932644945722e-01 2.912507858876511868e-01
7.000000000000000000e+00 2.500000000000000000e-01 7.500000000000000000e-01 0.000000000000000000e+00 3.592390542404171327e-01 6.368288755601386741e-02 3.073368682515100758e-01
8.000000000000000000e+00 2.833333333333333259e-01 7.166666666666666741e-01 0.000000000000000000e+00 3.961699013495721955e-01 3.194996299838878673e-02 3.280189965954702913e-01
9.000000000000000000e+00 3.166666666666666519e-01 6.833333333333333481e-01 0.000000000000000000e+00 4.365581525605136681e-01 1.549418275372696496e-02 3.462395973579082131e-01
1.000000000000000000e+01 3.499999999999999778e-01 6.500000000000000222e-01 0.000000000000000000e+00 4.752735915985389359e-01 4.529001098607043918e-03 3.543345450928754858e-01
1.100000000000000000e+01 3.833333333333333592e-01 6.166666666666666963e-01 0.000000000000000000e+00 4.952498821509310756e-01 -1.948688568803091936e-03 3.500205957522446454e-01
1.200000000000000000e+01 4.166666666666666852e-01 5.833333333333332593e-01 0.000000000000000000e+00 4.846921321727534204e-01 -4.006159643296203221e-03 3.384306202353273285e-01
1.300000000000000000e+01 4.500000000000000111e-01 5.500000000000000444e-01 0.000000000000000000e+00 4.510956943002500941e-01 -5.464308988540708678e-03 3.289652585157959996e-01
1.400000000000000000e+01 4.833333333333333370e-01 5.166666666666666075e-01 0.000000000000000000e+00 4.124826634559989325e-01 -7.219985654538907394e-03 3.289838207022390826e-01
1.500000000000000000e+01 5.166666666666667185e-01 4.833333333333332815e-01 0.000000000000000000e+00 3.834430634305595609e-01 -5.867449381969827571e-03 3.383618048586782834e-01
1.600000000000000000e+01 5.500000000000000444e-01 4.499999999999999556e-01 0.000000000000000000e+00 3.765237416191611342e-01 -1.560308620966732729e-04 3.505329884902401716e-01
1.700000000000000000e+01 5.833333333333333703e-01 4.166666666666666297e-01 0.000000000000000000e+00 4.049505688374908652e-01 9.486359573565431025e-03 3.602121963895612566e-01
1.800000000000000000e+01 6.166666666666666963e-01 3.833333333333333037e-01 0.000000000000000000e+00 4.714848672177906486e-01 2.568325404918264665e-02 3.677903805847257956e-01
1.900000000000000000e+01 6.500000000000000222e-01 3.499999999999999778e-01 0.000000000000000000e+00 5.609558084093301256e-01 4.851884997467237337e-02 3.728712250724086630e-01
2.000000000000000000e+01 6.833333333333333481e-01 3.166666666666666519e-01 0.000000000000000000e+00 6.505329961227596103e-01 6.724228355638298127e-02 3.665106574438419251e-01
2.100000000000000000e+01 7.166666666666666741e-01 2.833333333333333259e-01 0.000000000000000000e+00 7.197798510347150902e-01 6.778788416392830807e-02 3.368730723890851486e-01
2.200000000000000000e+01 7.500000000000000000e-01 2.500000000000000000e-01 0.000000000000000000e+00 7.511312116379327275e-01 4.892590154328304436e-02 2.835780015446776048e-01
2.300000000000000000e+01 7.833333333333333259e-01 2.166666666666666741e-01 0.000000000000000000e+00 7.394582133443516891e-01 2.421469775865024709e-02 2.208308997291288378e-01
2.400000000000000000e+01 8.166666666666666519e-01 1.833333333333333481e-01 0.000000000000000000e+00 7.071899605447334869e-01 8.294348757693581486e-03 1.641658358577036125e-01
2.500000000000000000e+01 8.499999999999999778e-01 1.500000000000000222e-01 0.000000000000000000e+00 6.907262275565344556e-01 5.347305966312158876e-03 1.183005677524140431e-01
2.600000000000000000e+01 8.833333333333333037e-01 1.166666666666666963e-01 0.000000000000000000e+00 7.033071740731959842e-01 8.831579900322624604e-03 7.987472279716095747e-02
2.700000000000000000e+01 9.166666666666666297e-01 8.333333333333337034e-02 0.000000000000000000e+00 7.270927665476953905e-01 8.987163216801794668e-03 4.713414053893894007e-02
2.800000000000000000e+01 9.499999999999999556e-01 5.000000000000004441e-02 0.000000000000000000e+00 7.446183380082344039e-01 2.780849238516364813e-03 2.231914750271180026e-02
2.900000000000000000e+01 9.833333333333332815e-01 1.666666666666671848e-02 0.000000000000000000e+00 7.569870961576256052e-01 -1.843018762072191029e-03 6.153134717635899698e-03

Residual energy after optimization is 3.436022323555221e-06 C0x=-0.22052004972929576 C0z=0.7629238080914975 C0xz=1.0
Optimization procedure took 87.34899067878723 seconds