### PARAMETERS OF THE TIME EVOLUTION ### 
Total time tau = 27
Timestep dt = 1
P = tau/dt = 27
Number of Fourier coefficients Nc = 27

gamma(t) = t/T*(delta_t + \sum_i^Nc gamma_i*f_i(wi, t) 
beta(t) = (1-t/T)*(delta_t + \sum_i^Nc beta_i*f_i(wi, t)

CRAB coefficient   Cz_start// Cx_start// Cxz_start // pulses//  Cz_opt // Cx_opt // Cxz_opt  
0.000000000000000000e+00 0.000000000000000000e+00 0.000000000000000000e+00 4.861257083734450646e+00 -5.154107508306692509e+00 8.071206035377779031e+00 0.000000000000000000e+00
0.000000000000000000e+00 0.000000000000000000e+00 0.000000000000000000e+00 2.607548111305440131e+01 2.748108933609301821e-03 -1.722058695280197921e-02 0.000000000000000000e+00
0.000000000000000000e+00 0.000000000000000000e+00 0.000000000000000000e+00 4.191739381064085279e+01 -2.231492476201283551e-03 4.583962752602322062e-03 0.000000000000000000e+00
0.000000000000000000e+00 0.000000000000000000e+00 0.000000000000000000e+00 6.691094035039702703e+01 -7.180858489951504747e-03 9.994149254018393908e-03 0.000000000000000000e+00
0.000000000000000000e+00 0.000000000000000000e+00 0.000000000000000000e+00 7.317729254284446316e-01 -1.079290875187050069e+01 2.231432635374977025e+01 0.000000000000000000e+00
0.000000000000000000e+00 0.000000000000000000e+00 0.000000000000000000e+00 3.879510711316319771e+01 -4.515950352774633636e-02 1.086172360068155332e-02 0.000000000000000000e+00
0.000000000000000000e+00 0.000000000000000000e+00 0.000000000000000000e+00 6.295521037772899575e+01 -3.599009379551163651e-02 3.173705253971764381e-03 0.000000000000000000e+00
0.000000000000000000e+00 0.000000000000000000e+00 0.000000000000000000e+00 3.533225481096407350e+01 -4.275349047810544229e-02 -5.622848387693540201e-02 0.000000000000000000e+00
0.000000000000000000e+00 0.000000000000000000e+00 0.000000000000000000e+00 6.345383491349708693e-01 1.146943073723488560e+01 -2.347643967557543832e+01 0.000000000000000000e+00
0.000000000000000000e+00 0.000000000000000000e+00 0.000000000000000000e+00 1.125616215712821955e+01 8.278098030813526437e-03 -1.156216140471843547e-02 0.000000000000000000e+00
0.000000000000000000e+00 0.000000000000000000e+00 0.000000000000000000e+00 1.039184492493936602e+02 2.924374799742922804e+00 -5.003128699513423427e+00 0.000000000000000000e+00
0.000000000000000000e+00 0.000000000000000000e+00 0.000000000000000000e+00 2.425528476584504656e+00 -1.052184693614118949e+01 2.161952499949999762e+01 0.000000000000000000e+00
0.000000000000000000e+00 0.000000000000000000e+00 0.000000000000000000e+00 1.586400192784321206e+01 9.069687711711677328e-03 4.874565049126036330e-04 0.000000000000000000e+00
0.000000000000000000e+00 0.000000000000000000e+00 0.000000000000000000e+00 8.932986511220429193e+00 -2.480340931206531652e-02 -1.203007433313747765e-02 0.000000000000000000e+00
0.000000000000000000e+00 0.000000000000000000e+00 0.000000000000000000e+00 1.864511375642697999e+01 4.484390367732270233e-02 5.323374334851297546e-02 0.000000000000000000e+00
0.000000000000000000e+00 0.000000000000000000e+00 0.000000000000000000e+00 2.287994744174320694e+00 1.109425355930001267e+01 -2.307254653340497086e+01 0.000000000000000000e+00
0.000000000000000000e+00 0.000000000000000000e+00 0.000000000000000000e+00 2.038036965291039593e+01 3.276922039745030438e-03 -7.036778030248332094e-03 0.000000000000000000e+00
0.000000000000000000e+00 0.000000000000000000e+00 0.000000000000000000e+00 5.592399544166308800e+01 1.097518377339647522e+00 -2.383227954884509892e+00 0.000000000000000000e+00
0.000000000000000000e+00 0.000000000000000000e+00 0.000000000000000000e+00 3.504432025001034567e+00 2.568868870103452995e+00 -4.710076859038053954e+00 0.000000000000000000e+00
0.000000000000000000e+00 0.000000000000000000e+00 0.000000000000000000e+00 3.892008894885216819e+01 4.393924248369239505e-02 -1.383898727913423360e-02 0.000000000000000000e+00
0.000000000000000000e+00 0.000000000000000000e+00 0.000000000000000000e+00 2.982446134179436470e+01 7.470325004487343538e-03 -2.888129357759269475e-02 0.000000000000000000e+00
0.000000000000000000e+00 0.000000000000000000e+00 0.000000000000000000e+00 3.234200835510450389e+01 1.098012275286986122e-03 -6.594090953983501938e-03 0.000000000000000000e+00
0.000000000000000000e+00 0.000000000000000000e+00 0.000000000000000000e+00 2.519011483067682278e+01 -1.210233713058085246e-03 1.788365053373570197e-03 0.000000000000000000e+00
0.000000000000000000e+00 0.000000000000000000e+00 0.000000000000000000e+00 4.758908743586792944e+00 6.458196700254494438e+00 -1.022749008651544322e+01 0.000000000000000000e+00
0.000000000000000000e+00 0.000000000000000000e+00 0.000000000000000000e+00 2.314834198748811644e+01 4.876338976839524227e-03 -1.637343516639542737e-02 0.000000000000000000e+00
0.000000000000000000e+00 0.000000000000000000e+00 0.000000000000000000e+00 2.377063645365624467e+01 -7.926647246998614477e-03 2.344570484481514963e-02 0.000000000000000000e+00
0.000000000000000000e+00 0.000000000000000000e+00 0.000000000000000000e+00 4.794100241084350245e+01 7.949829747415609882e-02 -1.134576373245755887e-01 0.000000000000000000e+00

Amplitudes vs time: t // theta_tt_old // theta_mt_old // alpha_cdt_old// theta_tt_opt // theta_mt_opt// alpha_cdt_opt  
0.000000000000000000e+00 1.684192529622907386e-01 7.523379312730118507e-01 0.000000000000000000e+00 1.773390450965696974e-01 7.457609705743816209e-01 0.000000000000000000e+00
1.000000000000000000e+00 4.250565679604153546e-01 7.337012998856415891e-01 0.000000000000000000e+00 4.407378754925154185e-01 7.287003624838991334e-01 0.000000000000000000e+00
2.000000000000000000e+00 5.654927129787822304e-01 7.299698911629133313e-01 0.000000000000000000e+00 5.749938106927507953e-01 7.291795967963499159e-01 0.000000000000000000e+00
3.000000000000000000e+00 6.363737527930194426e-01 7.319060236377317175e-01 0.000000000000000000e+00 6.417929963412284389e-01 7.315060874747958408e-01 0.000000000000000000e+00
4.000000000000000000e+00 6.783775005167326233e-01 7.320696130837505144e-01 0.000000000000000000e+00 6.823758986702301854e-01 7.314434014495869718e-01 0.000000000000000000e+00
5.000000000000000000e+00 7.072153865863048949e-01 7.294516687210583772e-01 0.000000000000000000e+00 7.101681428527030215e-01 7.291326658271286565e-01 0.000000000000000000e+00
6.000000000000000000e+00 7.284340947929339727e-01 7.269012505101746235e-01 0.000000000000000000e+00 7.314360485575865933e-01 7.261383441231150648e-01 0.000000000000000000e+00
7.000000000000000000e+00 7.438723962974603809e-01 7.242333304597068366e-01 0.000000000000000000e+00 7.457233181624505214e-01 7.242081312233488166e-01 0.000000000000000000e+00
8.000000000000000000e+00 7.550818084152087772e-01 7.226091751936210006e-01 0.000000000000000000e+00 7.565027272879545350e-01 7.219440655627173964e-01 0.000000000000000000e+00
9.000000000000000000e+00 7.655393030546774336e-01 7.197017368964477857e-01 0.000000000000000000e+00 7.671656963498648674e-01 7.189757894118156134e-01 0.000000000000000000e+00
1.000000000000000000e+01 7.743500610240408033e-01 7.153899363913847065e-01 0.000000000000000000e+00 7.750578233667395622e-01 7.148516326954617028e-01 0.000000000000000000e+00
1.100000000000000000e+01 7.811080000135484092e-01 7.107092806792969508e-01 0.000000000000000000e+00 7.823701803689152579e-01 7.094101659777422020e-01 0.000000000000000000e+00
1.200000000000000000e+01 7.887606277187584336e-01 7.032989238303133384e-01 0.000000000000000000e+00 7.898418868356569256e-01 7.019169552238868626e-01 0.000000000000000000e+00
1.300000000000000000e+01 7.973339133147360203e-01 6.931432988684866903e-01 0.000000000000000000e+00 7.983022958558987359e-01 6.916344818563778807e-01 0.000000000000000000e+00
1.400000000000000000e+01 8.069312331639891811e-01 6.806676090051178019e-01 0.000000000000000000e+00 8.085059630454559665e-01 6.778441222985656101e-01 0.000000000000000000e+00
1.500000000000000000e+01 8.195564220403432909e-01 6.623235445111229636e-01 0.000000000000000000e+00 8.211993683725202775e-01 6.601036917048594965e-01 0.000000000000000000e+00
1.600000000000000000e+01 8.353885695950131751e-01 6.409390647204551428e-01 0.000000000000000000e+00 8.370346232278134124e-01 6.376501183563468844e-01 0.000000000000000000e+00
1.700000000000000000e+01 8.468502558017645399e-01 6.271785670007722358e-01 0.000000000000000000e+00 8.481320700443861771e-01 6.262624297425717357e-01 0.000000000000000000e+00
1.800000000000000000e+01 8.470292434543941207e-01 6.173120176324291553e-01 0.000000000000000000e+00 8.444787292873675577e-01 6.179015820016029448e-01 0.000000000000000000e+00
1.900000000000000000e+01 8.492002670906230177e-01 5.949543936421038959e-01 0.000000000000000000e+00 8.499871938075953537e-01 5.908574613049150104e-01 0.000000000000000000e+00
2.000000000000000000e+01 8.631624202290349990e-01 5.607083654277698059e-01 0.000000000000000000e+00 8.654426189841146755e-01 5.585605454234842115e-01 0.000000000000000000e+00
2.100000000000000000e+01 8.753540917919413467e-01 5.220199432683758634e-01 0.000000000000000000e+00 8.744950495087150388e-01 5.214366567617702009e-01 0.000000000000000000e+00
2.200000000000000000e+01 8.859737739363402476e-01 4.641301942032741157e-01 0.000000000000000000e+00 8.866118454598661547e-01 4.612196337018163450e-01 0.000000000000000000e+00
2.300000000000000000e+01 9.145323975802752692e-01 3.712869344316134801e-01 0.000000000000000000e+00 9.188048643998724119e-01 3.678343643385008632e-01 0.000000000000000000e+00
2.400000000000000000e+01 9.631789505629667625e-01 2.595310723062911884e-01 0.000000000000000000e+00 9.657041311285958773e-01 2.616268596024609039e-01 0.000000000000000000e+00
2.500000000000000000e+01 9.945681774131732711e-01 1.562947165941690197e-01 0.000000000000000000e+00 9.958069491448076072e-01 1.538154596954518782e-01 0.000000000000000000e+00
2.600000000000000000e+01 9.546487854942019569e-01 5.718409441811675431e-02 0.000000000000000000e+00 9.725465820885137447e-01 5.666449466242165500e-02 0.000000000000000000e+00

Residual energy after optimization is 0.0068616826349266295 C0x=0.9572984819980642 C0z=1.0727536403224343 C0xz=1.0
Optimization procedure took 20.61425018310547 seconds