### PARAMETERS OF THE TIME EVOLUTION ### 
Total time tau = 27
Timestep dt = 1
P = tau/dt = 27
Number of Fourier coefficients Nc = 27

gamma(t) = t/T*(delta_t + \sum_i^Nc gamma_i*f_i(wi, t) 
beta(t) = (1-t/T)*(delta_t + \sum_i^Nc beta_i*f_i(wi, t)

CRAB coefficient   Cz_start// Cx_start// Cxz_start // pulses//  Cz_opt // Cx_opt // Cxz_opt  
0.000000000000000000e+00 0.000000000000000000e+00 0.000000000000000000e+00 2.740459755030432021e+01 2.874756961686295606e-04 -6.575342731075011805e-03 0.000000000000000000e+00
0.000000000000000000e+00 0.000000000000000000e+00 0.000000000000000000e+00 3.415126557021674891e+00 3.508762896651028917e+00 -4.955367315609697343e+00 0.000000000000000000e+00
0.000000000000000000e+00 0.000000000000000000e+00 0.000000000000000000e+00 9.477304934201013609e+00 -9.630622133735915469e-01 9.984617881029911324e-01 0.000000000000000000e+00
0.000000000000000000e+00 0.000000000000000000e+00 0.000000000000000000e+00 1.206680189010699067e+01 8.542949555190029187e-01 -1.236933954183101481e+00 0.000000000000000000e+00
0.000000000000000000e+00 0.000000000000000000e+00 0.000000000000000000e+00 8.495663981456299751e+00 1.558022728879977503e+00 -1.677356706707595402e+00 0.000000000000000000e+00
0.000000000000000000e+00 0.000000000000000000e+00 0.000000000000000000e+00 4.326381837625505966e+01 1.040168776349193180e+01 -1.003480309498642065e+01 0.000000000000000000e+00
0.000000000000000000e+00 0.000000000000000000e+00 0.000000000000000000e+00 4.028365765158363132e+01 1.467974172158339030e+01 -1.575754452760538094e+01 0.000000000000000000e+00
0.000000000000000000e+00 0.000000000000000000e+00 0.000000000000000000e+00 2.904921120718349670e+01 -1.488663927199631513e-04 -1.296938887399329450e-02 0.000000000000000000e+00
0.000000000000000000e+00 0.000000000000000000e+00 0.000000000000000000e+00 4.637036912794853549e+01 -3.244119643449374646e+00 3.593618767644708445e+00 0.000000000000000000e+00
0.000000000000000000e+00 0.000000000000000000e+00 0.000000000000000000e+00 6.550805684810338647e+00 -2.977989593019827907e+00 3.381846811850732770e+00 0.000000000000000000e+00
0.000000000000000000e+00 0.000000000000000000e+00 0.000000000000000000e+00 4.633495905233498746e+00 -1.624338342530430523e+00 2.032325249140296997e+00 0.000000000000000000e+00
0.000000000000000000e+00 0.000000000000000000e+00 0.000000000000000000e+00 2.796066102672581266e+00 1.206545890627516160e+00 -1.863677188949564467e+00 0.000000000000000000e+00
0.000000000000000000e+00 0.000000000000000000e+00 0.000000000000000000e+00 1.185902515484372799e+01 -4.376643502588004608e-01 8.491590605190302288e-01 0.000000000000000000e+00
0.000000000000000000e+00 0.000000000000000000e+00 0.000000000000000000e+00 4.696064405141488152e+01 4.671423876965026700e+00 -5.269088939924387205e+00 0.000000000000000000e+00
0.000000000000000000e+00 0.000000000000000000e+00 0.000000000000000000e+00 2.154022283617462108e+01 -8.068360231035451302e-03 -3.167971001963105354e-03 0.000000000000000000e+00
0.000000000000000000e+00 0.000000000000000000e+00 0.000000000000000000e+00 3.166815000253267343e+00 -4.159930827687896127e+00 6.024155459084452602e+00 0.000000000000000000e+00
0.000000000000000000e+00 0.000000000000000000e+00 0.000000000000000000e+00 2.038981067881914555e+01 1.717231714162201000e-03 -5.197060836257781646e-03 0.000000000000000000e+00
0.000000000000000000e+00 0.000000000000000000e+00 0.000000000000000000e+00 2.286110735880402345e+01 8.801108136823750441e-03 -1.382600933225772155e-03 0.000000000000000000e+00
0.000000000000000000e+00 0.000000000000000000e+00 0.000000000000000000e+00 4.043265463434295270e+01 -8.672913769117789329e+00 9.439369427126088397e+00 0.000000000000000000e+00
0.000000000000000000e+00 0.000000000000000000e+00 0.000000000000000000e+00 3.094144043078204120e+01 -8.252939432828806585e-03 -6.841574315792828091e-03 0.000000000000000000e+00
0.000000000000000000e+00 0.000000000000000000e+00 0.000000000000000000e+00 1.220335604231006386e+02 -3.007234762731503608e+01 3.116305884185167585e+01 0.000000000000000000e+00
0.000000000000000000e+00 0.000000000000000000e+00 0.000000000000000000e+00 3.992703143883723982e+01 2.383248260352284831e+01 -2.458773044986397593e+01 0.000000000000000000e+00
0.000000000000000000e+00 0.000000000000000000e+00 0.000000000000000000e+00 1.078404205935446569e+01 -1.017466421531291232e+01 9.715618806490045500e+00 0.000000000000000000e+00
0.000000000000000000e+00 0.000000000000000000e+00 0.000000000000000000e+00 1.027964147548809422e+02 -1.646740219423853180e+00 2.008772619633500067e+00 0.000000000000000000e+00
0.000000000000000000e+00 0.000000000000000000e+00 0.000000000000000000e+00 2.117841091585100344e+01 2.435968598092223911e-03 -4.727042458461772761e-03 0.000000000000000000e+00
0.000000000000000000e+00 0.000000000000000000e+00 0.000000000000000000e+00 1.766116546742005156e+01 -4.496979788399980624e-03 -1.132331859170534333e-02 0.000000000000000000e+00
0.000000000000000000e+00 0.000000000000000000e+00 0.000000000000000000e+00 2.837543173431641463e+01 -3.458843875087853816e-03 7.727041783150440796e-04 0.000000000000000000e+00

Amplitudes vs time: t // theta_tt_old // theta_mt_old // alpha_cdt_old// theta_tt_opt // theta_mt_opt// alpha_cdt_opt  
0.000000000000000000e+00 1.902436512436701810e-01 7.725473718098352371e-01 0.000000000000000000e+00 1.874106739234690233e-01 7.725002209963693911e-01 0.000000000000000000e+00
1.000000000000000000e+00 4.952995402567112460e-01 7.549603688243676780e-01 0.000000000000000000e+00 4.888198082572953185e-01 7.553517162459278955e-01 0.000000000000000000e+00
2.000000000000000000e+00 6.762399823952873756e-01 7.322119656361615325e-01 0.000000000000000000e+00 6.705907565015712946e-01 7.331119420582902224e-01 0.000000000000000000e+00
3.000000000000000000e+00 7.683949533015512756e-01 7.171129516818333105e-01 0.000000000000000000e+00 7.662373820748120679e-01 7.173716109300192212e-01 0.000000000000000000e+00
4.000000000000000000e+00 8.009824136299366071e-01 7.133870640842777666e-01 0.000000000000000000e+00 8.028141187236801368e-01 7.136103272197336089e-01 0.000000000000000000e+00
5.000000000000000000e+00 7.995733329472396456e-01 7.147863648567739370e-01 0.000000000000000000e+00 8.024441298086134600e-01 7.153129303581797771e-01 0.000000000000000000e+00
6.000000000000000000e+00 7.907067005760457512e-01 7.147181740383663495e-01 0.000000000000000000e+00 7.926400382660211408e-01 7.163090393764670605e-01 0.000000000000000000e+00
7.000000000000000000e+00 7.785015634070959756e-01 7.100970667267734182e-01 0.000000000000000000e+00 7.829935689972828960e-01 7.122873911283966741e-01 0.000000000000000000e+00
8.000000000000000000e+00 7.488323961681236929e-01 7.090565323452635571e-01 0.000000000000000000e+00 7.572020437958852934e-01 7.143579896396138329e-01 0.000000000000000000e+00
9.000000000000000000e+00 6.916106862787128051e-01 7.073591870794786463e-01 0.000000000000000000e+00 7.042196749589271221e-01 7.179246774636491857e-01 0.000000000000000000e+00
1.000000000000000000e+01 6.061630575635887919e-01 6.780153427162357582e-01 0.000000000000000000e+00 6.215025911349426613e-01 6.892278901410667791e-01 0.000000000000000000e+00
1.100000000000000000e+01 5.166226345341763393e-01 6.115004123101023259e-01 0.000000000000000000e+00 5.169670618803446915e-01 5.939867120647588372e-01 0.000000000000000000e+00
1.200000000000000000e+01 4.716528120075693109e-01 5.600787211968588641e-01 0.000000000000000000e+00 4.376989630431111222e-01 5.330979608859360841e-01 0.000000000000000000e+00
1.300000000000000000e+01 5.049659875345083870e-01 5.617149049248009174e-01 0.000000000000000000e+00 4.904583310813175334e-01 5.717307273635809928e-01 0.000000000000000000e+00
1.400000000000000000e+01 5.995234464809739983e-01 5.902422090360907037e-01 0.000000000000000000e+00 6.067333804404698716e-01 6.005051358208294277e-01 0.000000000000000000e+00
1.500000000000000000e+01 7.062344867569640972e-01 6.137907299930291938e-01 0.000000000000000000e+00 7.073328529792043406e-01 6.160022427393830879e-01 0.000000000000000000e+00
1.600000000000000000e+01 7.979527070880717554e-01 6.152128950846424971e-01 0.000000000000000000e+00 7.931856298682304907e-01 6.172916128492619281e-01 0.000000000000000000e+00
1.700000000000000000e+01 8.688996688754848652e-01 5.968545233458120158e-01 0.000000000000000000e+00 8.636522671586266409e-01 5.979397142079937444e-01 0.000000000000000000e+00
1.800000000000000000e+01 9.158463468368049920e-01 5.779897622309915217e-01 0.000000000000000000e+00 9.138551969977303235e-01 5.780821105917096636e-01 0.000000000000000000e+00
1.900000000000000000e+01 9.472959928047454126e-01 5.645291971848503954e-01 0.000000000000000000e+00 9.476921522688209754e-01 5.645133174866101555e-01 0.000000000000000000e+00
2.000000000000000000e+01 9.722213101438768046e-01 5.407945502455658859e-01 0.000000000000000000e+00 9.727407866248409807e-01 5.413062746415139292e-01 0.000000000000000000e+00
2.100000000000000000e+01 9.951544463034123211e-01 4.877629055577735739e-01 0.000000000000000000e+00 9.954611084456728154e-01 4.907325013274281833e-01 0.000000000000000000e+00
2.200000000000000000e+01 1.019361376723348034e+00 4.033674391855293639e-01 0.000000000000000000e+00 1.020162692648284075e+00 4.087805926268784917e-01 0.000000000000000000e+00
2.300000000000000000e+01 1.046573340339285618e+00 2.939562479636996795e-01 0.000000000000000000e+00 1.049388046350856030e+00 2.997732138507729904e-01 0.000000000000000000e+00
2.400000000000000000e+01 1.075005425922447522e+00 1.765117733670207856e-01 0.000000000000000000e+00 1.082213031271600734e+00 1.829792801889659759e-01 0.000000000000000000e+00
2.500000000000000000e+01 1.085298502900196471e+00 8.406351182631054131e-02 0.000000000000000000e+00 1.091015350996013655e+00 8.684557650881005730e-02 0.000000000000000000e+00
2.600000000000000000e+01 1.066372704566693974e+00 2.447272002492540538e-02 0.000000000000000000e+00 1.092047679039669816e+00 2.581699371645673410e-02 0.000000000000000000e+00

Residual energy after optimization is 0.012685551485777116 C0x=0.9769029409769677 C0z=1.0187071468243312 C0xz=1.0
Optimization procedure took 10.908062934875488 seconds