### PARAMETERS OF THE TIME EVOLUTION ### 
Total time tau = 66
Timestep dt = 1
P = tau/dt = 66
Number of Fourier coefficients Nc = 66

gamma(t) = t/T*(delta_t + \sum_i^Nc gamma_i*f_i(wi, t) 
beta(t) = (1-t/T)*(delta_t + \sum_i^Nc beta_i*f_i(wi, t)

CRAB coefficient   Cz_start// pulses//  Cz_opt  
0.000000000000000000e+00 1.792793409162496232e+01 5.381211525803206858e-02
0.000000000000000000e+00 3.307934876921012091e+01 -3.211840318210548717e-01
0.000000000000000000e+00 4.640295341637121851e+01 9.939873308583652232e-04
0.000000000000000000e+00 1.266176587161057299e+01 9.129475429980214995e-01
0.000000000000000000e+00 7.856003387134783189e+00 1.642154098616229296e+00
0.000000000000000000e+00 3.405355499548137033e+01 2.554028060944665834e-02
0.000000000000000000e+00 7.477789135790469288e+01 -2.155678418259772788e-05
0.000000000000000000e+00 7.483488813318599497e+00 -1.707894509030591923e+00
0.000000000000000000e+00 7.601322591667718598e+01 1.386771929223729830e-05
0.000000000000000000e+00 6.081616795062699765e+01 1.024694646896797284e-05
0.000000000000000000e+00 3.282151601935352403e+01 2.771412538755368971e-01
0.000000000000000000e+00 1.485792402252679167e+01 -4.880470861275769123e-01
0.000000000000000000e+00 1.345810732029446122e+01 -9.075819497794398449e-01
0.000000000000000000e+00 1.884660734282644690e+00 2.870691380430191557e-03
0.000000000000000000e+00 7.936473126600836281e+01 -1.048380835993910695e-05
0.000000000000000000e+00 1.423911246250096241e+01 4.228659157541549418e-01
0.000000000000000000e+00 5.716935528596035709e+01 -3.077850974260987318e-05
0.000000000000000000e+00 2.498445372245288709e+01 1.418675011628825608e-03
0.000000000000000000e+00 5.438214858341318347e+01 1.337525783010102922e-05
0.000000000000000000e+00 6.342320394292514862e+01 -3.579896944832719520e-06
0.000000000000000000e+00 3.344363399761286360e+01 2.695121470652151463e-01
0.000000000000000000e+00 5.792097373198244270e+01 2.984689285588707609e-05
0.000000000000000000e+00 2.706674214689284597e+01 -2.904608345695115692e-04
0.000000000000000000e+00 2.304202410274051260e+01 1.281755737951028595e-01
0.000000000000000000e+00 2.211640671847408512e+01 -1.890961012915706729e-01
0.000000000000000000e+00 5.593335311933336129e+01 6.733082338004979761e-06
0.000000000000000000e+00 1.425168694395754088e+01 4.403063533856139133e-01
0.000000000000000000e+00 3.077130080798989553e+01 -1.119727993281131699e-02
0.000000000000000000e+00 3.861841403842102061e+00 -4.381727921736343692e-03
0.000000000000000000e+00 2.188472333307759143e+01 1.727242305162039471e-01
0.000000000000000000e+00 1.542752897497294384e+01 -5.144649591723058357e-01
0.000000000000000000e+00 4.606208189788571161e+01 -2.436437636388712538e-02
0.000000000000000000e+00 3.384677761658824124e+01 -8.805529191265930311e-02
0.000000000000000000e+00 1.567062158193307120e+01 7.241576735722454750e-01
0.000000000000000000e+00 6.251607676834666449e+01 3.625338589888678963e-06
0.000000000000000000e+00 9.865358223257949533e+00 -1.696927561691770614e-01
0.000000000000000000e+00 3.291304079471617960e+00 9.179768046227007941e-03
0.000000000000000000e+00 2.900125687476487713e+01 1.036110033834458481e-04
0.000000000000000000e+00 7.652889883059906140e+00 1.183687593149008732e+00
0.000000000000000000e+00 8.166190274913233793e+01 -2.421821910172496046e-06
0.000000000000000000e+00 1.654830572912122122e+01 -1.830503270993648623e-01
0.000000000000000000e+00 3.184972909444804401e+01 1.556812675866654505e-01
0.000000000000000000e+00 6.622015736232372163e+00 1.177171551826430990e-01
0.000000000000000000e+00 4.658392501987685108e+01 -3.990320866579382146e-04
0.000000000000000000e+00 8.298624167166325449e+00 -1.793440656479106110e+00
0.000000000000000000e+00 1.184820363897973650e+01 -8.452837356417215453e-01
0.000000000000000000e+00 7.708656740950188180e+01 -7.208433265528962924e-06
0.000000000000000000e+00 1.214429333926136678e+02 1.290203502758941433e-03
0.000000000000000000e+00 3.045374803496425997e+01 4.760638571471408585e-03
0.000000000000000000e+00 9.147971202977247529e+00 1.003854038367270496e+00
0.000000000000000000e+00 1.922282795126994159e+01 8.652593027990135299e-01
0.000000000000000000e+00 6.421469544628081394e+01 6.824782451046779348e-06
0.000000000000000000e+00 1.100009328571266209e+01 7.197783811077026472e-01
0.000000000000000000e+00 1.003319047973651301e+01 -5.899362957929390472e-01
0.000000000000000000e+00 3.201191702292430818e+01 -2.033548028385268325e-01
0.000000000000000000e+00 9.891922834021070798e+01 -3.239211216203332884e-04
0.000000000000000000e+00 4.605609415033299570e+01 2.379264247002093116e-02
0.000000000000000000e+00 6.873555508472507825e+01 -1.542756477874802562e-06
0.000000000000000000e+00 2.319767108666639643e+01 -9.362018991804735291e-02
0.000000000000000000e+00 1.833894747028611860e+01 9.599264224195147577e-02
0.000000000000000000e+00 1.791915477867437545e+01 3.663783199322291195e-03
0.000000000000000000e+00 3.563517901169704061e+01 9.456020986032662725e-07
0.000000000000000000e+00 3.328730888820612677e+01 -1.091305513378961756e-01
0.000000000000000000e+00 3.776253980920930076e+01 -1.455277610989926180e-04
0.000000000000000000e+00 2.022491501814000969e+01 -8.270584702453141757e-02
0.000000000000000000e+00 1.907812164103656727e+01 -9.142320135060219011e-01

Amplitudes vs time: t // theta_tt_old // theta_mt_old // alpha_cdt_old//theta_ttdot_old // theta_tt_opt // theta_mt_opt// alpha_cdt_opt// theta_ttdot_opt //  
0.000000000000000000e+00 7.479377093512503891e-03 9.925206229064874597e-01 9.089228491586309397e-04 1.432674450429718450e-02 7.566172441745960472e-03 9.925206229064874597e-01 8.671769039445184060e-04 1.366635634408023929e-02
1.000000000000000000e+00 2.718296066937775368e-02 9.728170393306222463e-01 1.864983157207258891e-03 2.825867752629129814e-02 2.473433363857296952e-02 9.728170393306222463e-01 1.531047033727121580e-03 2.331294247398492045e-02
2.000000000000000000e+00 6.724518500327736348e-02 9.327548149967226365e-01 3.725688804983277955e-03 5.209773617201104295e-02 5.696656559114732926e-02 9.327548149967226365e-01 2.890506596289939886e-03 4.125943387659321282e-02
3.000000000000000000e+00 1.297226175480808152e-01 8.702773824519192125e-01 5.766331089110042669e-03 7.122643031297937188e-02 1.077525371337359067e-01 8.702773824519192125e-01 4.610108981257667049e-03 5.946643485910400873e-02
4.000000000000000000e+00 2.056156315984673244e-01 7.943843684015327034e-01 7.333253484851694898e-03 7.835312664084967404e-02 1.759195323955781709e-01 7.943843684015327034e-01 6.622942455484894311e-03 7.481327138467877558e-02
5.000000000000000000e+00 2.823058545115976203e-01 7.176941454884023797e-01 7.836461605527858185e-03 7.326755087911215880e-02 2.552766451264523728e-01 7.176941454884023797e-01 8.255487077240563493e-03 8.073839182722296337e-02
6.000000000000000000e+00 3.495309065991828446e-01 6.504690934008171554e-01 7.127841526270181291e-03 6.036289710307623374e-02 3.329715169409510067e-01 6.504690934008171554e-01 8.342674771389686078e-03 7.225192834235677486e-02
7.000000000000000000e+00 4.023385684174425880e-01 5.976614315825574675e-01 5.689702646024646579e-03 4.532497190367205248e-02 3.962986249750851120e-01 5.976614315825574675e-01 6.739667675693450377e-03 5.401953878577073209e-02
8.000000000000000000e+00 4.409223422768829281e-01 5.590776577231171274e-01 4.207651525256687723e-03 3.241771406641253545e-02 4.407272796263658199e-01 5.590776577231171274e-01 4.748258104563473324e-03 3.658801802358354477e-02
9.000000000000000000e+00 4.684627098306368698e-01 5.315372901693631302e-01 3.077162722142734539e-03 2.330073822992377586e-02 4.703359965596682901e-01 5.315372901693631302e-01 3.389134415054421631e-03 2.563811652650232684e-02
1.000000000000000000e+01 4.886293755645751968e-01 5.113706244354248032e-01 2.328721761566298482e-03 1.747480142475991982e-02 4.911501159552270623e-01 5.113706244354248032e-01 2.584509672112595205e-03 1.937665628264183260e-02
1.100000000000000000e+01 5.040733432994153329e-01 4.959266567005846671e-01 1.827886127791526413e-03 1.365122412463531942e-02 5.068897298076280311e-01 4.959266567005846671e-01 1.947810284421130434e-03 1.453716312695363562e-02
1.200000000000000000e+01 5.163123974851031583e-01 4.836876025148968417e-01 1.476687213547949688e-03 1.100152287472455290e-02 5.192347756638907574e-01 4.836876025148968417e-01 1.472468461183558787e-03 1.096565369101471128e-02
1.300000000000000000e+01 5.264690911329024114e-01 4.735309088670975886e-01 1.282258476911754758e-03 9.542385136924808747e-03 5.294690376898320006e-01 4.735309088670975886e-01 1.281423116082027521e-03 9.534547184199803835e-03
1.400000000000000000e+01 5.359177968547911286e-01 4.640822031452088714e-01 1.294122644813603751e-03 9.627877601051427342e-03 5.393848926836257718e-01 4.640822031452088714e-01 1.235519697469703113e-03 9.192563582161895896e-03
1.500000000000000000e+01 5.462160680376135780e-01 4.537839319623864220e-01 1.498904762509323165e-03 1.115697635192431161e-02 5.499621380055313979e-01 4.537839319623864220e-01 1.203774189632035672e-03 8.963720545964573572e-03
1.600000000000000000e+01 5.584177024114569399e-01 4.415822975885430601e-01 1.774224136719264842e-03 1.322868927497174163e-02 5.614709199312772903e-01 4.415822975885430601e-01 1.285892531621643910e-03 9.593521112840570908e-03
1.700000000000000000e+01 5.724151166041244743e-01 4.275848833958755257e-01 1.943466153840108217e-03 1.454002075225461349e-02 5.742055215523410583e-01 4.275848833958755257e-01 1.651383672057646053e-03 1.236157999352361508e-02
1.800000000000000000e+01 5.869326827161644999e-01 4.130673172838355001e-01 1.887050794501606574e-03 1.419111609175355976e-02 5.886569097439150466e-01 4.130673172838355001e-01 1.976185798089903720e-03 1.487218998363337708e-02
1.900000000000000000e+01 6.002519278929753233e-01 3.997480721070246767e-01 1.616959304349184588e-03 1.223540510580930357e-02 6.034738917130777480e-01 3.997480721070246767e-01 1.854971914999441846e-03 1.406032200436547336e-02
2.000000000000000000e+01 6.111535116589833505e-01 3.888464883410166495e-01 1.252160376293980342e-03 9.532708396884213842e-03 6.157046760305997513e-01 3.888464883410166495e-01 1.500842513398400460e-03 1.145796098563003733e-02
2.100000000000000000e+01 6.193928729582538484e-01 3.806071270417461516e-01 9.191132574152164692e-04 7.033567372058936729e-03 6.241749495532398218e-01 3.806071270417461516e-01 1.250728023398153419e-03 9.602306653489376884e-03
2.200000000000000000e+01 6.254101676894112671e-01 3.745898323105887329e-01 6.604557326444029410e-04 5.074945927068152257e-03 6.298847731456098664e-01 3.745898323105887329e-01 1.066911933758728356e-03 8.224606317254554849e-03
2.300000000000000000e+01 6.295872281847709750e-01 3.704127718152290250e-01 4.204663696674633432e-04 3.240580682057552647e-03 6.339529068681841739e-01 3.704127718152290250e-01 6.377759980792783350e-04 4.931521905003471810e-03
2.400000000000000000e+01 6.317060249806386585e-01 3.682939750193613415e-01 1.123838253678355309e-04 8.675164476700351901e-04 6.356872989868052048e-01 3.682939750193613415e-01 1.299283345766872851e-04 1.005999459843115017e-03
2.500000000000000000e+01 6.310661432188232611e-01 3.689338567811767389e-01 -2.909788133989742111e-04 -2.245058846535873814e-03 6.344955307887829576e-01 3.689338567811767389e-01 -3.245571650977132272e-04 -2.510642013233446452e-03
2.600000000000000000e+01 6.271554529711771409e-01 3.728445470288228591e-01 -7.178849589854850027e-04 -5.523071445350496989e-03 6.302315746785448480e-01 3.728445470288228591e-01 -8.853541494743534480e-04 -6.826759729761939198e-03
2.700000000000000000e+01 6.203015977920437463e-01 3.796984022079562537e-01 -1.040553286264461622e-03 -7.967691647306388014e-03 6.232319083063164733e-01 3.796984022079562537e-01 -1.509460402774789227e-03 -1.158114143599233564e-02
2.800000000000000000e+01 6.117361434536909837e-01 3.882638565463090163e-01 -1.168069801189761982e-03 -8.895636890841020911e-03 6.143631438444974169e-01 3.882638565463090163e-01 -1.786025132998841870e-03 -1.362367917607747864e-02
2.900000000000000000e+01 6.029658500738581672e-01 3.970341499261418328e-01 -1.119834095291086544e-03 -8.485801362442698531e-03 6.049938656477501508e-01 3.970341499261418328e-01 -1.542432965669720234e-03 -1.170104364192848558e-02
3.000000000000000000e+01 5.948899878617553982e-01 4.051100121382446018e-01 -1.020949995340929848e-03 -7.704968809698009569e-03 5.961381764320105026e-01 4.051100121382446018e-01 -1.330189665219339316e-03 -1.004476528666076174e-02
3.100000000000000000e+01 5.873005395529313777e-01 4.126994604470686223e-01 -1.019629129093782300e-03 -7.669046742714031445e-03 5.871553213037745689e-01 4.126994604470686223e-01 -1.346123921906993738e-03 -1.012413690258989057e-02
3.200000000000000000e+01 5.791137572656364085e-01 4.208862427343635915e-01 -1.189073180006752686e-03 -8.915448487917584236e-03 5.771300961145924280e-01 4.208862427343635915e-01 -1.319843584382969330e-03 -9.889191216454122288e-03
3.300000000000000000e+01 5.691504431731382319e-01 4.308495568268617681e-01 -1.484781703386220484e-03 -1.109800979202809137e-02 5.656803047504619375e-01 4.308495568268617681e-01 -1.075278562538541831e-03 -8.029946359214867532e-03
3.400000000000000000e+01 5.569217364099446899e-01 4.430782635900553101e-01 -1.780149998337906235e-03 -1.326926521955498761e-02 5.533192753088602700e-01 4.430782635900553101e-01 -1.013163526184771403e-03 -7.547748504817609547e-03
3.500000000000000000e+01 5.429368645558079187e-01 4.570631354441920813e-01 -1.946291420967871623e-03 -1.448341498908919944e-02 5.404717375055674289e-01 4.570631354441920813e-01 -1.323692378496757818e-03 -9.849011821420613350e-03
3.600000000000000000e+01 5.284367356202086530e-01 4.715632643797913470e-01 -1.918018174812709514e-03 -1.427191014131652322e-02 5.269959108966596473e-01 4.715632643797913470e-01 -1.555439127787589578e-03 -1.157495046303307767e-02
3.700000000000000000e+01 5.148441497602395112e-01 4.851558502397604888e-01 -1.706544581877634994e-03 -1.271690558345671060e-02 5.137169056894990149e-01 4.851558502397604888e-01 -1.503174831849221149e-03 -1.120352766609811028e-02
3.800000000000000000e+01 5.033260722472028270e-01 4.966739277527971730e-01 -1.364314062691295232e-03 -1.019103313045409062e-02 5.023397375847221680e-01 4.966739277527971730e-01 -1.356346047841842928e-03 -1.013408986785381202e-02
3.900000000000000000e+01 4.946647951132955301e-01 5.053352048867044699e-01 -9.416900601927966205e-04 -7.051727727773220850e-03 4.948402155223406984e-01 5.053352048867044699e-01 -1.303753369590324000e-03 -9.762442512715956144e-03
4.000000000000000000e+01 4.893513919087377761e-01 5.106486080912622239e-01 -4.697574956157634448e-04 -3.524141261978239181e-03 4.911601455111921366e-01 5.106486080912622239e-01 -1.062027628765174585e-03 -7.962234508389736884e-03
4.100000000000000000e+01 4.876904759063307448e-01 5.123095240936692552e-01 2.975605287060393951e-05 2.233686613922081926e-04 4.902999725137472398e-01 5.123095240936692552e-01 -4.706909646926865816e-04 -3.529937266466289924e-03
4.200000000000000000e+01 4.898020693103947720e-01 5.101979306896051725e-01 5.308275525039655302e-04 3.981641257529418970e-03 4.924970866455870011e-01 5.101979306896051725e-01 1.340173405266434240e-04 1.004292061376873147e-03
4.300000000000000000e+01 4.955804459046875277e-01 5.044195540953124723e-01 1.004980240909858838e-03 7.523472370921985633e-03 4.979670569228574761e-01 5.044195540953124723e-01 6.200136813274508257e-04 4.638154821517978012e-03
4.400000000000000000e+01 5.047313663155883479e-01 4.952686336844116521e-01 1.435380428523186326e-03 1.071813936599512289e-02 5.063479141013027540e-01 4.952686336844116521e-01 1.265351688084793633e-03 9.444909766385855415e-03
4.500000000000000000e+01 5.169069736627230904e-01 4.830930263372769096e-01 1.823683942368600460e-03 1.358550221816483099e-02 5.170452691074168827e-01 4.830930263372769096e-01 2.226940311555817339e-03 1.658922123330892895e-02
4.600000000000000000e+01 5.318170787508255115e-01 4.681829212491744885e-01 2.176343226340970126e-03 1.619194506326373378e-02 5.306911957356791332e-01 4.681829212491744885e-01 2.907630891356543720e-03 2.163344644795230087e-02
4.700000000000000000e+01 5.491834108330433395e-01 4.508165891669566605e-01 2.480408451120217055e-03 1.846830129330528231e-02 5.474027522173517957e-01 4.508165891669566605e-01 3.065882933222765800e-03 2.282321692864238902e-02
4.800000000000000000e+01 5.685548427417924655e-01 4.314451572582075345e-01 2.695821068407342879e-03 2.014668179301787668e-02 5.663214193679644293e-01 4.314451572582075345e-01 3.131253754313481977e-03 2.338724157155122954e-02
4.900000000000000000e+01 5.891768362384364188e-01 4.108231637615635812e-01 2.781235868944066398e-03 2.093542019350507974e-02 5.863922476275278406e-01 4.108231637615635812e-01 3.168231080561299470e-03 2.382063869942230988e-02
5.000000000000000000e+01 6.101225385919473165e-01 3.898774614080526835e-01 2.738067836155109840e-03 2.083216835572580111e-02 6.066652342941336595e-01 3.898774614080526835e-01 2.771844149966079789e-03 2.104709463004502193e-02
5.100000000000000000e+01 6.306985781313297901e-01 3.693014218686702099e-01 2.633572400649421882e-03 2.031388461481108826e-02 6.267845893383499067e-01 3.693014218686702099e-01 2.006135858423023673e-03 1.543018024067700257e-02
5.200000000000000000e+01 6.508865811408844904e-01 3.491134188591155096e-01 2.576434247524437421e-03 2.020220386531203921e-02 6.465382943757692624e-01 3.491134188591155096e-01 1.652649338432723644e-03 1.290980298287913372e-02
5.300000000000000000e+01 6.714959558487803015e-01 3.285040441512196985e-01 2.657637119170003313e-03 2.125225912777659043e-02 6.667907739458884819e-01 3.285040441512196985e-01 1.952405091888191873e-03 1.553905474897526381e-02
5.400000000000000000e+01 6.938784501434096530e-01 3.061215498565903470e-01 2.897452994003018364e-03 2.374276716489826661e-02 6.890243899049208753e-01 3.061215498565903470e-01 2.340659391748383875e-03 1.907389810965332694e-02
5.500000000000000000e+01 7.193583244480945549e-01 2.806416755519054451e-01 3.234459451089439098e-03 2.735016264884979065e-02 7.144550719464058952e-01 2.806416755519054451e-01 2.659866825447358349e-03 2.234960250383728753e-02
5.600000000000000000e+01 7.487127349466432547e-01 2.512872650533567453e-01 3.561284053957411520e-03 3.135810593941650015e-02 7.431627733500089095e-01 2.512872650533567453e-01 3.253961851729233676e-03 2.842422659903215063e-02
5.700000000000000000e+01 7.819466951919613606e-01 2.180533048080386394e-01 3.777074186575500332e-03 3.498733116050438408e-02 7.743135697043349586e-01 2.180533048080386394e-01 3.963084326421056382e-03 3.627049470612491583e-02
5.800000000000000000e+01 8.183375642749365353e-01 1.816624357250634647e-01 3.817931389235445193e-03 3.756894973153979134e-02 8.074211156443330539e-01 1.816624357250634647e-01 4.296448131441856985e-03 4.149815647626022008e-02
5.900000000000000000e+01 8.565302836796373498e-01 1.434697163203626502e-01 3.654481901468757937e-03 3.848515185688085316e-02 8.433369710585967294e-01 1.434697163203626502e-01 4.223904939985323632e-03 4.343208055766777098e-02
6.000000000000000000e+01 8.945326040764861597e-01 1.054673959235138403e-01 3.279815737621801040e-03 3.707802098647154654e-02 8.813753196195432960e-01 1.054673959235138403e-01 3.928292427005025851e-03 4.331794733372737460e-02
6.100000000000000000e+01 9.297254661302757350e-01 7.027453386972426497e-02 2.711662262252908726e-03 3.280756149394523785e-02 9.173005711289645703e-01 7.027453386972426497e-02 3.357145356687166095e-03 3.964783570046347821e-02
6.200000000000000000e+01 9.591949898875881120e-01 4.080501011241188802e-02 2.005871123378663839e-03 2.571600307612764702e-02 9.474841225084681406e-01 4.080501011241188802e-02 2.356322725356386170e-03 2.951850499218782939e-02
6.300000000000000000e+01 9.805699205230360427e-01 1.943007947696395732e-02 1.263484659175676764e-03 1.690077046849569609e-02 9.710483135458762849e-01 1.943007947696395732e-02 1.267076290118703376e-03 1.663074318869221455e-02
6.400000000000000000e+01 9.931417253986709603e-01 6.858274601329039655e-03 6.224053821926127644e-04 8.536952414201801759e-03 9.876664577544661539e-01 6.858274601329039655e-03 4.053420432399764827e-04 5.499249379901895857e-03
6.500000000000000000e+01 9.986655163933175761e-01 1.334483606682423940e-03 2.317976188509119522e-04 3.214646372557642545e-03 9.970380496077323462e-01 1.334483606682423940e-03 1.950907116434744118e-05 2.696793560231008566e-04

Residual energy after optimization is 1.620915808627842e-07
Optimization procedure took 125.82180166244507 seconds