### PARAMETERS OF THE TIME EVOLUTION ### 
Total time tau = 72
Timestep dt = 1
P = tau/dt = 72
Number of Fourier coefficients Nc = 72

gamma(t) = t/T*(delta_t + \sum_i^Nc gamma_i*f_i(wi, t) 
beta(t) = (1-t/T)*(delta_t + \sum_i^Nc beta_i*f_i(wi, t)

CRAB coefficient   Cz_start// pulses//  Cz_opt  
0.000000000000000000e+00 1.291102924476355440e+01 -4.578813322889273563e-01
0.000000000000000000e+00 2.456218026734024207e+01 5.021903972758871848e-02
0.000000000000000000e+00 5.938354525804443540e+01 -3.041915771185261337e-04
0.000000000000000000e+00 7.834854230595648339e+00 1.604140919904336118e-02
0.000000000000000000e+00 1.377851951713718925e+01 -1.382472138626998914e-01
0.000000000000000000e+00 2.749323245359841295e+01 -1.748950950734454446e-01
0.000000000000000000e+00 1.452010017907332085e+01 -3.499115929996427510e-01
0.000000000000000000e+00 1.587976525118436832e+01 -5.110809918729809498e-01
0.000000000000000000e+00 2.339669690606712749e+01 1.696783000521515650e-01
0.000000000000000000e+00 8.538321856903706930e+01 -1.018661370033432322e-06
0.000000000000000000e+00 1.074329845787566562e+01 -2.576769188492732954e-01
0.000000000000000000e+00 1.373894929194912962e+01 -6.009160790798672575e-02
0.000000000000000000e+00 2.958997724278884078e+00 2.142254777051162129e-01
0.000000000000000000e+00 3.648067915085882618e+01 -1.013655951878120742e-01
0.000000000000000000e+00 1.865150445965077353e+01 5.612685291664865073e-01
0.000000000000000000e+00 2.163627970210858109e+01 7.293372193197834863e-02
0.000000000000000000e+00 8.781130005171064568e+01 -2.338058141806066827e-06
0.000000000000000000e+00 5.943757701424988227e+01 2.650564305567258347e-03
0.000000000000000000e+00 4.035336146195947826e+00 1.277947831283548497e-01
0.000000000000000000e+00 5.048126776342315480e+01 7.628134195845379882e-06
0.000000000000000000e+00 1.076022872560715982e+01 -2.252803593741518340e-01
0.000000000000000000e+00 3.793620082708055463e+01 1.179626178627951383e+00
0.000000000000000000e+00 8.310597486142132340e+00 -3.674002060256764679e-01
0.000000000000000000e+00 9.917427454218023186e+00 7.092923245877791327e-02
0.000000000000000000e+00 4.543587396184776139e+01 3.644547777788644839e-05
0.000000000000000000e+00 2.908243328525983173e+01 -7.200972300182423291e-01
0.000000000000000000e+00 2.465521119375895864e+01 8.931895603680718720e-02
0.000000000000000000e+00 1.043292710319867780e+02 -3.099306524444089199e-05
0.000000000000000000e+00 1.840102382179613016e+01 -3.129487586120827114e-01
0.000000000000000000e+00 3.852443169610118190e+01 3.509399323510765112e-01
0.000000000000000000e+00 5.962188230420733248e+01 4.756910020468243356e-04
0.000000000000000000e+00 1.333491701996928214e+01 3.847472773019756653e-01
0.000000000000000000e+00 9.776302252031268836e+01 1.131009332243871357e-05
0.000000000000000000e+00 2.194222374838890843e+01 -9.000894238710295536e-02
0.000000000000000000e+00 1.891067641123661858e+01 -2.637641503700381973e-01
0.000000000000000000e+00 3.482764211890161477e+01 4.477719506795985183e-03
0.000000000000000000e+00 3.679144361618496362e+01 2.007589210241317312e-01
0.000000000000000000e+00 3.056809513940881118e+01 -2.730355046879489114e-02
0.000000000000000000e+00 8.171343708212795320e+00 3.334949623873378344e-01
0.000000000000000000e+00 6.277657111626086817e+01 -1.081588838368764079e-05
0.000000000000000000e+00 3.355807414210847384e+01 6.581818337097816718e-02
0.000000000000000000e+00 2.564808059159141251e+01 -9.205816274225903095e-02
0.000000000000000000e+00 3.817047963061143889e+01 -1.093599264638773771e+00
0.000000000000000000e+00 2.851250661604630920e+01 2.944312117271289386e-01
0.000000000000000000e+00 3.325513486605262248e+00 7.289241492498574893e-01
0.000000000000000000e+00 5.109955407019596052e+00 1.333744377971714190e+00
0.000000000000000000e+00 3.133651948409259091e+01 9.619021395898260524e-03
0.000000000000000000e+00 2.386056329510071805e+01 -2.260289647413449288e-01
0.000000000000000000e+00 4.117472918684191541e+01 -2.467001192391372606e-05
0.000000000000000000e+00 2.116737273768193859e+02 7.992926577501063514e-06
0.000000000000000000e+00 2.926653488130661529e+01 5.258246979202424454e-01
0.000000000000000000e+00 5.947376839807665760e+01 -2.815245646985635279e-03
0.000000000000000000e+00 1.689978268446268217e+01 1.258307244494750454e-01
0.000000000000000000e+00 9.902823536563499118e+00 8.865121600630879173e-02
0.000000000000000000e+00 3.355597179774532179e+01 -6.845527456261231436e-02
0.000000000000000000e+00 2.681340143327748038e+01 1.359180901826371191e-01
0.000000000000000000e+00 2.286519645644538201e+01 -1.225247726997138326e-02
0.000000000000000000e+00 1.653057743174514727e+01 1.282779869165222297e-01
0.000000000000000000e+00 1.655859233448943257e+01 1.657593523611056718e-01
0.000000000000000000e+00 5.098570253781040407e+01 -8.318577970853159525e-07
0.000000000000000000e+00 1.532371843369708664e+01 3.800459104426117118e-01
0.000000000000000000e+00 4.853396698205766135e+00 -9.997523924288012065e-01
0.000000000000000000e+00 3.211242206928742959e+00 -9.387184462584932110e-01
0.000000000000000000e+00 1.480349243103807311e+01 2.133731503369787619e-01
0.000000000000000000e+00 3.887199495069729238e+01 -6.011321962753341658e-02
0.000000000000000000e+00 6.749431291892064166e+01 6.293499959734202578e-06
0.000000000000000000e+00 1.164682531945794608e+01 -4.036856243555969614e-02
0.000000000000000000e+00 1.702834874378812202e+01 -1.956316091574691607e-01
0.000000000000000000e+00 3.752665042335523538e+01 -4.801805640659757013e-01
0.000000000000000000e+00 1.111031063938176189e+01 4.544529423932737733e-01
0.000000000000000000e+00 5.417785097693449181e+00 -4.785804669923751087e-01
0.000000000000000000e+00 1.320863370968289985e+01 2.762763845866082479e-01

Amplitudes vs time: t // theta_tt_old // theta_mt_old // alpha_cdt_old//theta_ttdot_old // theta_tt_opt // theta_mt_opt// alpha_cdt_opt// theta_ttdot_opt //  
0.000000000000000000e+00 1.249564249300195128e-02 9.875043575069980539e-01 1.439250824933882913e-03 2.245923408292057818e-02 1.750966523324379298e-02 9.875043575069980539e-01 1.874591708230648277e-03 2.896030365431969539e-02
1.000000000000000000e+00 3.996450057056761401e-02 9.600354994294323374e-01 2.486283172703289759e-03 3.671966684468782466e-02 4.757390542972262520e-02 9.600354994294323374e-01 2.498415226352072426e-03 3.634024695240557074e-02
2.000000000000000000e+00 8.913594444378640513e-02 9.108640555562136365e-01 4.569171063164055059e-03 6.115951796411890629e-02 9.323572984303976630e-02 9.108640555562136365e-01 4.088039997583452385e-03 5.427454116048349708e-02
3.000000000000000000e+00 1.589282521017261196e-01 8.410717478982738804e-01 6.516362030919490428e-03 7.604367710220030774e-02 1.538097911756114433e-01 8.410717478982738804e-01 5.587398136319930535e-03 6.585068332217987319e-02
4.000000000000000000e+00 2.362886402598202151e-01 7.637113597401797849e-01 7.560226858606641266e-03 7.642218251886283287e-02 2.229822099243180533e-01 7.637113597401797849e-01 6.884025568467676791e-03 7.125997172110440370e-02
5.000000000000000000e+00 3.082364973492552340e-01 6.917635026507447105e-01 7.381600253869071912e-03 6.627005499113561293e-02 2.929924609000319480e-01 6.917635026507447105e-01 7.269990174528167572e-03 6.682180299678777691e-02
6.000000000000000000e+00 3.675388618799854679e-01 6.324611381200144766e-01 6.303567105184540269e-03 5.218421112555213237e-02 3.534690746012231766e-01 6.324611381200144766e-01 6.323585973503139702e-03 5.327862014020695591e-02
7.000000000000000000e+00 4.130088387760833535e-01 5.869911612239167020e-01 4.972122803973628817e-03 3.920453344841282745e-02 3.995576105068157080e-01 5.869911612239167020e-01 4.957563693581441312e-03 3.960320587302541134e-02
8.000000000000000000e+00 4.470510219792696027e-01 5.529489780207303973e-01 3.840075224113044181e-03 2.945759309025057504e-02 4.344143600643738945e-01 5.529489780207303973e-01 3.986987764422552163e-03 3.086870067076085550e-02
9.000000000000000000e+00 4.729789046723544832e-01 5.270210953276455168e-01 3.024502853212269592e-03 2.284945880640102886e-02 4.622731259162590201e-01 5.270210953276455168e-01 3.294149006855969907e-03 2.502873284479881916e-02
1.000000000000000000e+01 4.934831137735782303e-01 5.065168862264217697e-01 2.462787618095170668e-03 1.844940301907675370e-02 4.846533073134688951e-01 5.065168862264217697e-01 2.640228125910435829e-03 1.984273121385478345e-02
1.100000000000000000e+01 5.103496690577855599e-01 4.896503309422144401e-01 2.075670309826733225e-03 1.548008518755151358e-02 5.022467283303582164e-01 4.896503309422144401e-01 2.088967514148245847e-03 1.560833269454698670e-02
1.200000000000000000e+01 5.247878061014821238e-01 4.752121938985178762e-01 1.820353049432773445e-03 1.354852763739818056e-02 5.163825709592831936e-01 4.752121938985178762e-01 1.724488126143608078e-03 1.284753860717536764e-02
1.300000000000000000e+01 5.377074256517095918e-01 4.622925743482904082e-01 1.665897435539554026e-03 1.239408815318359530e-02 5.283698014950352073e-01 4.622925743482904082e-01 1.509751577721407754e-03 1.123405181894587476e-02
1.400000000000000000e+01 5.497136319292018625e-01 4.502863680707981375e-01 1.564582902245128778e-03 1.165008291120281370e-02 5.389504413939720795e-01 4.502863680707981375e-01 1.351792123477159801e-03 1.005751271352247830e-02
1.500000000000000000e+01 5.610040717698105972e-01 4.389959282301894028e-01 1.461591164280437059e-03 1.090326719359862445e-02 5.485995003074021215e-01 4.389959282301894028e-01 1.251573136277912531e-03 9.318193499359575180e-03
1.600000000000000000e+01 5.714494790462020246e-01 4.285505209537979754e-01 1.331470997136334836e-03 9.958547182676191767e-03 5.578521600248803614e-01 4.285505209537979754e-01 1.235907573897703079e-03 9.214012195373280645e-03
1.700000000000000000e+01 5.809143467045287945e-01 4.190856532954712055e-01 1.199871209231593563e-03 9.002224137953235283e-03 5.671536340693025258e-01 4.190856532954712055e-01 1.255320193709177912e-03 9.377931160174003342e-03
1.800000000000000000e+01 5.895917163441658504e-01 4.104082836558341496e-01 1.122917360040135478e-03 8.454140869092140881e-03 5.762677412151256950e-01 4.104082836558341496e-01 1.182117926625727428e-03 8.854713077002971874e-03
1.900000000000000000e+01 5.980559529732714097e-01 4.019440470267285903e-01 1.136390262774970980e-03 8.589404254986943155e-03 5.850886984496083132e-01 4.019440470267285903e-01 1.190465634034551783e-03 8.945918456720849260e-03
2.000000000000000000e+01 6.069439432211777286e-01 3.930560567788222714e-01 1.215230658054465172e-03 9.228911880059111755e-03 5.947732591209438091e-01 3.930560567788222714e-01 1.397272459690652264e-03 1.054443907561465610e-02
2.100000000000000000e+01 6.164779723655277044e-01 3.835220276344722956e-01 1.277502665187991516e-03 9.757696004348014734e-03 6.059933618929552734e-01 3.835220276344722956e-01 1.547032521372774432e-03 1.174245384127668712e-02
2.200000000000000000e+01 6.261834420143441715e-01 3.738165579856558285e-01 1.231850882341095198e-03 9.470721604491132151e-03 6.174670451429632445e-01 3.738165579856558285e-01 1.414885019439840420e-03 1.081389590700330972e-02
2.300000000000000000e+01 6.350149520490718791e-01 3.649850479509281209e-01 1.032335323051180318e-03 7.988924158881749449e-03 6.272050092592089676e-01 3.649850479509281209e-01 1.102345895246327609e-03 8.481235369188749179e-03
2.400000000000000000e+01 6.418028245000625409e-01 3.581971754999374591e-01 6.997469403489534404e-04 5.444496873490380778e-03 6.344589906815246705e-01 3.581971754999374591e-01 7.837164755649686466e-04 6.062341039657314495e-03
2.500000000000000000e+01 6.457132471277017283e-01 3.542867528722982717e-01 2.982619414495637838e-04 2.328261826321145062e-03 6.390658682719591033e-01 3.542867528722982717e-01 3.990654067995288382e-04 3.098108095608304718e-03
2.600000000000000000e+01 6.464422137899579202e-01 3.535577862100420798e-01 -1.086160194659473459e-04 -8.483931788082904601e-04 6.405529437519700275e-01 3.535577862100420798e-01 -1.816196397964157813e-05 -1.411680343215766147e-04
2.700000000000000000e+01 6.440907338903951729e-01 3.559092661096048271e-01 -4.889564724377758837e-04 -3.811628053772071062e-03 6.389848806686041494e-01 3.559092661096048271e-01 -3.839651079165257597e-04 -2.980684856013793640e-03
2.800000000000000000e+01 6.388966590931314249e-01 3.611033409068685751e-01 -8.431419651293783771e-04 -6.544769082792382953e-03 6.347527736190398118e-01 3.611033409068685751e-01 -6.930851941347309373e-04 -5.362486863613754803e-03
2.900000000000000000e+01 6.310520921649666048e-01 3.689479078350333952e-01 -1.182286172383061659e-03 -9.121881532011599791e-03 6.282303411154555040e-01 3.689479078350333952e-01 -9.855257961315080570e-04 -7.588046650913213287e-03
3.000000000000000000e+01 6.207058859286558317e-01 3.792941140713441683e-01 -1.506060467791846096e-03 -1.153527158835245675e-02 6.197679011517324144e-01 3.792941140713441683e-01 -1.215866158454121911e-03 -9.306792294029456528e-03
3.100000000000000000e+01 6.080803713246945019e-01 3.919196286753054981e-01 -1.796252868929443074e-03 -1.365026050506375904e-02 6.098775108293373881e-01 3.919196286753054981e-01 -1.375886797837181947e-03 -1.046671137197490060e-02
3.200000000000000000e+01 5.935694217970748365e-01 4.064305782029251635e-01 -2.025140338008863446e-03 -1.527398410269929785e-02 5.988154809900765319e-01 4.064305782029251635e-01 -1.535599248436925884e-03 -1.161124861635665605e-02
3.300000000000000000e+01 5.777550964144347878e-01 4.222449035855652122e-01 -2.165749360439199120e-03 -1.623074337306915083e-02 5.864756851740234866e-01 4.222449035855652122e-01 -1.724791236714627325e-03 -1.296844513864419193e-02
3.400000000000000000e+01 5.613791275460955355e-01 4.386208724539044645e-01 -2.194796502442179168e-03 -1.637416575334433785e-02 5.731680538887399257e-01 4.386208724539044645e-01 -1.833075155014247514e-03 -1.371724971071452623e-02
3.500000000000000000e+01 5.453219610912323212e-01 4.546780389087676788e-01 -2.092432503360215027e-03 -1.557364935634445412e-02 5.592729688250818176e-01 4.546780389087676788e-01 -1.875036773499812442e-03 -1.398263767970995587e-02
3.600000000000000000e+01 5.305718677787230053e-01 4.694281322212769947e-01 -1.849253592649392156e-03 -1.375893244126909568e-02 5.452400435379898269e-01 4.694281322212769947e-01 -1.857277156329841710e-03 -1.382333135108954579e-02
3.700000000000000000e+01 5.181106572075591110e-01 4.818893427924408890e-01 -1.481383488437061375e-03 -1.103367324094270581e-02 5.317398950579502737e-01 4.818893427924408890e-01 -1.764548707940326701e-03 -1.312822944064837884e-02
3.800000000000000000e+01 5.086914469714292064e-01 4.913085530285707936e-01 -1.039370432173825553e-03 -7.754121147888308474e-03 5.195996190486603661e-01 4.913085530285707936e-01 -1.491971169164403111e-03 -1.111038475393833630e-02
3.900000000000000000e+01 5.026104240961356551e-01 4.973895759038643449e-01 -5.953923720854345470e-04 -4.448226397668566048e-03 5.097293507492244302e-01 4.973895759038643449e-01 -1.126213462258553524e-03 -8.400200590390632244e-03
4.000000000000000000e+01 4.996474109861476220e-01 5.003525890138523780e-01 -2.104916088212720302e-04 -1.573864753632234215e-03 5.026102981305512474e-01 5.003525890138523780e-01 -7.714805523614537289e-04 -5.763796164272381138e-03
4.100000000000000000e+01 4.992648922579823179e-01 5.007351077420176821e-01 9.622732978102869637e-05 7.195787254274024075e-04 4.983635650242805859e-01 5.007351077420176821e-01 -3.912811168005856386e-04 -2.926726314949953424e-03
4.200000000000000000e+01 5.009546585698763099e-01 4.990453414301236901e-01 3.507021267644532003e-04 2.621279420723276327e-03 4.969191764298875880e-01 4.990453414301236901e-01 8.886768884521053564e-06 6.650044648645559928e-05
4.300000000000000000e+01 5.044783030058279660e-01 4.955216969941720340e-01 5.929286600333589672e-04 4.427734764219075185e-03 4.982392148816044419e-01 4.955216969941720340e-01 3.515878427125892114e-04 2.629922368166033933e-03
4.400000000000000000e+01 5.098119995402354832e-01 4.901880004597645168e-01 8.349008637255323590e-04 6.227254068954948298e-03 5.017555582630510713e-01 4.901880004597645168e-01 5.663952194517714528e-04 4.232537209001339430e-03
4.500000000000000000e+01 5.168510733079589858e-01 4.831489266920410142e-01 1.043873915621314945e-03 7.776384128779741112e-03 5.070331872344604474e-01 4.831489266920410142e-01 8.394114631225018048e-04 6.264607918276430751e-03
4.600000000000000000e+01 5.251537047550705051e-01 4.748462952449294949e-01 1.169111562152489727e-03 8.701208947710989752e-03 5.143080754848575742e-01 4.748462952449294949e-01 1.127546583669134178e-03 8.403041407834816248e-03
4.700000000000000000e+01 5.339971137684447200e-01 4.660028862315552800e-01 1.192843296723998525e-03 8.874398804077367545e-03 5.235897939696892989e-01 4.660028862315552800e-01 1.361267038902937068e-03 1.013269781374881613e-02
4.800000000000000000e+01 5.427632713110861484e-01 4.572367286889138516e-01 1.161333650473748069e-03 8.642022092064702288e-03 5.342810764287452274e-01 4.572367286889138516e-01 1.477067835185453442e-03 1.098892259226227908e-02
4.900000000000000000e+01 5.513704513985371314e-01 4.486295486014628686e-01 1.164562342823441355e-03 8.673270268967844809e-03 5.456889480841640161e-01 4.486295486014628686e-01 1.587418595392125304e-03 1.181527479360208396e-02
5.000000000000000000e+01 5.603865806400538663e-01 4.396134193599461337e-01 1.275777193170787600e-03 9.515911025123313313e-03 5.578788768145993560e-01 4.396134193599461337e-01 1.705361392647379744e-03 1.271397468707177042e-02
5.100000000000000000e+01 5.706896962399430340e-01 4.293103037600569660e-01 1.497920914083731040e-03 1.120103169856543138e-02 5.710674726793120159e-01 4.293103037600569660e-01 1.833586624911850895e-03 1.371253116656139664e-02
5.200000000000000000e+01 5.829021252424110289e-01 4.170978747575889711e-01 1.760838861168821830e-03 1.322078875801548786e-02 5.852966158512705741e-01 4.170978747575889711e-01 1.940186581100025514e-03 1.458101061027108208e-02
5.300000000000000000e+01 5.970161391051620470e-01 4.029838608948379530e-01 1.973248869444143346e-03 1.490712696773463693e-02 6.004400771263773695e-01 4.029838608948379530e-01 2.078611671710097874e-03 1.573022066003898142e-02
5.400000000000000000e+01 6.124834166827067827e-01 3.875165833172932173e-01 2.088726585583989236e-03 1.591425402125388675e-02 6.168227769926600823e-01 3.875165833172932173e-01 2.264831790792015773e-03 1.730282957850552347e-02
5.500000000000000000e+01 6.286770024393006917e-01 3.713229975606993083e-01 2.133294917150650553e-03 1.643060914035415765e-02 6.347457706890171636e-01 3.713229975606993083e-01 2.372236596444808696e-03 1.835419226158328462e-02
5.600000000000000000e+01 6.453571746625967887e-01 3.546428253374032113e-01 2.176089390308403627e-03 1.698164447110702205e-02 6.535225355600660091e-01 3.546428253374032113e-01 2.410547384092815576e-03 1.894599529956668069e-02
5.700000000000000000e+01 6.628086759423362784e-01 3.371913240576637216e-01 2.273625050995953592e-03 1.802534447871080581e-02 6.728636307782207560e-01 3.371913240576637216e-01 2.493992031093312384e-03 1.997162485362477535e-02
5.800000000000000000e+01 6.816184041134274452e-01 3.183815958865725548e-01 2.436297309450844752e-03 1.969104479379521488e-02 6.933017406602539623e-01 3.183815958865725548e-01 2.574371687008848025e-03 2.108124246027298990e-02
5.900000000000000000e+01 7.023537658523699712e-01 2.976462341476300288e-01 2.639379730308994559e-03 2.184623479577785243e-02 7.147825682814230586e-01 2.976462341476300288e-01 2.562296249749423330e-03 2.153877711476132398e-02
6.000000000000000000e+01 7.254270571678294033e-01 2.745729428321705967e-01 2.857381811746060978e-03 2.435597872207494879e-02 7.368719397470426813e-01 2.745729428321705967e-01 2.631697782042247483e-03 2.278559543187165526e-02
6.100000000000000000e+01 7.511846661878607279e-01 2.488153338121392721e-01 3.080495032849580195e-03 2.722251166772007847e-02 7.608555957286174953e-01 2.488153338121392721e-01 2.870829715960543545e-03 2.573667071842836163e-02
6.200000000000000000e+01 7.799873700513797470e-01 2.200126299486202530e-01 3.294498436116092329e-03 3.042223998042700023e-02 7.879419860901558659e-01 2.200126299486202530e-01 2.995335781281448402e-03 2.801446495328167169e-02
6.300000000000000000e+01 8.120195987665790316e-01 1.879804012334209684e-01 3.449083624840625344e-03 3.357429551179720584e-02 8.161581371692163689e-01 1.879804012334209684e-01 2.838105343744345109e-03 2.782292013643401091e-02
6.400000000000000000e+01 8.468250445725864495e-01 1.531749554274135505e-01 3.458311629635994321e-03 3.578361253160429467e-02 8.440841358163134744e-01 1.531749554274135505e-01 2.781146184390740923e-03 2.863535509754176062e-02
6.500000000000000000e+01 8.828854099006875344e-01 1.171145900993124656e-01 3.246341595768116942e-03 3.589973532796573302e-02 8.738189472248555356e-01 1.171145900993124656e-01 2.868404671369906896e-03 3.118627479403230859e-02
6.600000000000000000e+01 9.176414443652702868e-01 8.235855563472971319e-02 2.800598381394345856e-03 3.309686164295112115e-02 9.057015785685962328e-01 8.235855563472971319e-02 2.720270462556657366e-03 3.141586881297116218e-02
6.700000000000000000e+01 9.481031866559761490e-01 5.189681334402385104e-02 2.184588809216789825e-03 2.740052070628313380e-02 9.349794244122388021e-01 5.189681334402385104e-02 2.162479591177274372e-03 2.643317535247154126e-02
6.800000000000000000e+01 9.718022585310817085e-01 2.819774146891829147e-02 1.506660456630788463e-03 1.980500469595770918e-02 9.583912641928375997e-01 2.819774146891829147e-02 1.635201292024894473e-03 2.093056867955156441e-02
6.900000000000000000e+01 9.876174233896816146e-01 1.238257661031838541e-02 8.789547962179737562e-04 1.192355631908512473e-02 9.771220679513428209e-01 1.238257661031838541e-02 1.247318174545380401e-03 1.657036149847333772e-02
7.000000000000000000e+01 9.961166626623095821e-01 3.883337337690417890e-03 3.935668773004042851e-04 5.430374481743212994e-03 9.910433267120989376e-01 3.883337337690417890e-03 7.771866977177927438e-04 1.061535909732721703e-02
7.100000000000000000e+01 9.993814060175827407e-01 6.185939824172592694e-04 1.172378705780393482e-04 1.628222970731287370e-03 9.982799564872048004e-01 6.185939824172592694e-04 3.110161396767838703e-04 4.309951146647993461e-03

Residual energy after optimization is 4.9564327924264844e-08
Optimization procedure took 244.77294254302979 seconds