### PARAMETERS OF THE TIME EVOLUTION ### 
Total time tau = 63
Timestep dt = 1
P = tau/dt = 63
Number of Fourier coefficients Nc = 63

gamma(t) = t/T*(delta_t + \sum_i^Nc gamma_i*f_i(wi, t) 
beta(t) = (1-t/T)*(delta_t + \sum_i^Nc beta_i*f_i(wi, t)

CRAB coefficient   Cz_start// pulses//  Cz_opt  
0.000000000000000000e+00 4.228891384898624040e+00 -6.334980357494704450e-02
0.000000000000000000e+00 4.045977693202546277e+01 -2.480164425284173135e-01
0.000000000000000000e+00 2.119352472477631721e+01 -1.358185011050489499e-01
0.000000000000000000e+00 2.761722262099956637e+01 3.105412450915024936e-01
0.000000000000000000e+00 1.298362963816782667e+01 2.382357924626232054e-02
0.000000000000000000e+00 1.501682316536192374e+01 -6.920538725020153326e-02
0.000000000000000000e+00 6.452906148173952694e+00 2.467973756544339370e-02
0.000000000000000000e+00 6.708528215271003603e+01 3.154284411002629266e-05
0.000000000000000000e+00 2.663082868246766566e+01 3.959815071674402942e-01
0.000000000000000000e+00 3.634807240363367953e+01 -1.859985524152908964e-01
0.000000000000000000e+00 2.980592178248460300e+01 5.911342301100226404e-01
0.000000000000000000e+00 9.540971493145407933e+00 -2.042237543167270842e-03
0.000000000000000000e+00 5.407764365099040305e+01 4.599709841918991909e-05
0.000000000000000000e+00 1.388525642591564235e+01 -1.845280825437109196e-01
0.000000000000000000e+00 1.475434563882704708e+01 -2.075582251851110227e-01
0.000000000000000000e+00 1.956926166155189772e+00 -1.078860505248723234e+00
0.000000000000000000e+00 2.757965332522181257e+01 2.573641206879829779e-01
0.000000000000000000e+00 1.770688794773581165e+01 6.001582810528822975e-03
0.000000000000000000e+00 2.402704989625961574e+01 1.005262112096754964e-02
0.000000000000000000e+00 4.035554719328771256e+01 1.272751229232399250e+00
0.000000000000000000e+00 1.608297332528958989e+01 -3.052864339329400267e-01
0.000000000000000000e+00 5.025248736197227117e+01 1.111268659361566451e-05
0.000000000000000000e+00 3.083826276420617063e+01 2.841335182783544799e-01
0.000000000000000000e+00 2.386835400188619616e+00 -2.788076831228923358e-01
0.000000000000000000e+00 1.627307455699755323e+01 1.564160769895161229e-01
0.000000000000000000e+00 8.985598113960917033e+01 2.367099311182171983e-01
0.000000000000000000e+00 2.128225806986510449e+01 1.213605305154243780e-01
0.000000000000000000e+00 2.011898164181341819e+00 1.321060877510981335e+00
0.000000000000000000e+00 3.333949532741629529e+00 1.036670119337321228e-01
0.000000000000000000e+00 1.560601238933473311e+01 2.060555530506702482e-01
0.000000000000000000e+00 2.839372034192351180e+01 -2.566153751263723914e-01
0.000000000000000000e+00 9.145159779853443638e+01 7.182080487844463845e-02
0.000000000000000000e+00 6.079760826599089896e+00 -8.215096690745445074e-03
0.000000000000000000e+00 9.498883686865383424e+01 4.916791162338778332e-01
0.000000000000000000e+00 7.771514472977246157e+01 3.946815385073319587e-04
0.000000000000000000e+00 9.053763210839360909e+01 -1.019726609515747839e-01
0.000000000000000000e+00 3.374102100640550361e+01 -5.396787227509305951e-02
0.000000000000000000e+00 2.610049454849927031e+01 -1.027748286349305928e-01
0.000000000000000000e+00 3.143271117269853931e+01 -5.779982194824679897e-01
0.000000000000000000e+00 1.117999085100765733e+01 -2.601877224940522815e-02
0.000000000000000000e+00 2.712758739880934300e+01 -6.913924409136280591e-01
0.000000000000000000e+00 4.654135913844114469e+01 -5.912540017788311389e-04
0.000000000000000000e+00 6.451840872654050152e+00 -1.632209285525096365e-02
0.000000000000000000e+00 4.033269287161022021e+01 -1.029012177930270555e+00
0.000000000000000000e+00 5.806271799892009255e+01 -1.849646992202499913e-05
0.000000000000000000e+00 4.132550783707032593e+01 4.421549328932732059e-03
0.000000000000000000e+00 3.019784396733491505e+01 -8.565275451840299592e-01
0.000000000000000000e+00 4.810157741054303671e+01 -4.263490025482256484e-04
0.000000000000000000e+00 1.102437806901044048e+01 2.689922019597415156e-02
0.000000000000000000e+00 2.066389519167666222e+01 1.758377429675492612e-02
0.000000000000000000e+00 3.207817220120576707e+01 1.699052488002590899e-01
0.000000000000000000e+00 4.676370182084670546e+01 6.062246039849927045e-04
0.000000000000000000e+00 4.207728465732279943e+01 -8.452615258024760323e-04
0.000000000000000000e+00 2.329505271996584170e+01 -8.497865357931294258e-03
0.000000000000000000e+00 3.708813526523942272e+01 1.414575269976491197e-02
0.000000000000000000e+00 1.571807420858046456e+01 4.447975754866113213e-02
0.000000000000000000e+00 8.965820389287843639e+00 5.012809960610735936e-03
0.000000000000000000e+00 1.822616246579949717e+01 -6.996746969186277976e-03
0.000000000000000000e+00 4.554216284901309564e+01 1.279339243686848095e-04
0.000000000000000000e+00 1.210500192414979210e+02 3.785500744211486163e-02
0.000000000000000000e+00 5.170439683193060887e+01 4.012254116804662009e-05
0.000000000000000000e+00 5.590578745559440677e+01 3.338558705398416641e-05
0.000000000000000000e+00 1.427652895187432236e+01 3.357918673953428357e-01

Amplitudes vs time: t // theta_tt_old // theta_mt_old // alpha_cdt_old//theta_ttdot_old // theta_tt_opt // theta_mt_opt// alpha_cdt_opt// theta_ttdot_opt //  
0.000000000000000000e+00 9.791368192779013185e-03 9.902086318072209625e-01 0.000000000000000000e+00 0.000000000000000000e+00 1.197250365500846653e-02 9.902086318072209625e-01 0.000000000000000000e+00 0.000000000000000000e+00
1.000000000000000000e+00 4.378095168464574832e-02 9.562190483153542031e-01 0.000000000000000000e+00 0.000000000000000000e+00 4.912876543542528396e-02 9.562190483153542031e-01 0.000000000000000000e+00 0.000000000000000000e+00
2.000000000000000000e+00 1.081437718675544724e-01 8.918562281324455832e-01 0.000000000000000000e+00 0.000000000000000000e+00 1.158303417860359202e-01 8.918562281324455832e-01 0.000000000000000000e+00 0.000000000000000000e+00
3.000000000000000000e+00 1.941537081077353843e-01 8.058462918922646434e-01 0.000000000000000000e+00 0.000000000000000000e+00 2.008895386672445993e-01 8.058462918922646434e-01 0.000000000000000000e+00 0.000000000000000000e+00
4.000000000000000000e+00 2.822331188119517331e-01 7.177668811880482114e-01 0.000000000000000000e+00 0.000000000000000000e+00 2.873599297981154765e-01 7.177668811880482114e-01 0.000000000000000000e+00 0.000000000000000000e+00
5.000000000000000000e+00 3.567101977313987815e-01 6.432898022686012185e-01 0.000000000000000000e+00 0.000000000000000000e+00 3.610720632271140484e-01 6.432898022686012185e-01 0.000000000000000000e+00 0.000000000000000000e+00
6.000000000000000000e+00 4.120149218045617845e-01 5.879850781954382155e-01 0.000000000000000000e+00 0.000000000000000000e+00 4.149657979399486996e-01 5.879850781954382155e-01 0.000000000000000000e+00 0.000000000000000000e+00
7.000000000000000000e+00 4.505153914725081865e-01 5.494846085274918135e-01 0.000000000000000000e+00 0.000000000000000000e+00 4.521319024914293716e-01 5.494846085274918135e-01 0.000000000000000000e+00 0.000000000000000000e+00
8.000000000000000000e+00 4.772096930450816510e-01 5.227903069549183490e-01 0.000000000000000000e+00 0.000000000000000000e+00 4.778642434986843934e-01 5.227903069549183490e-01 0.000000000000000000e+00 0.000000000000000000e+00
9.000000000000000000e+00 4.961845890265473846e-01 5.038154109734526154e-01 0.000000000000000000e+00 0.000000000000000000e+00 4.963763645063413166e-01 5.038154109734526154e-01 0.000000000000000000e+00 0.000000000000000000e+00
1.000000000000000000e+01 5.102425605787490603e-01 4.897574394212509397e-01 0.000000000000000000e+00 0.000000000000000000e+00 5.102354205042449742e-01 4.897574394212509397e-01 0.000000000000000000e+00 0.000000000000000000e+00
1.100000000000000000e+01 5.219981968457620969e-01 4.780018031542379031e-01 0.000000000000000000e+00 0.000000000000000000e+00 5.209966254949145448e-01 4.780018031542379031e-01 0.000000000000000000e+00 0.000000000000000000e+00
1.200000000000000000e+01 5.342309306096618693e-01 4.657690693903381307e-01 0.000000000000000000e+00 0.000000000000000000e+00 5.313789314251248230e-01 4.657690693903381307e-01 0.000000000000000000e+00 0.000000000000000000e+00
1.300000000000000000e+01 5.488987372082607674e-01 4.511012627917392326e-01 0.000000000000000000e+00 0.000000000000000000e+00 5.435126475391853784e-01 4.511012627917392326e-01 0.000000000000000000e+00 0.000000000000000000e+00
1.400000000000000000e+01 5.659381012888562434e-01 4.340618987111437566e-01 0.000000000000000000e+00 0.000000000000000000e+00 5.576770059129527723e-01 4.340618987111437566e-01 0.000000000000000000e+00 0.000000000000000000e+00
1.500000000000000000e+01 5.832309605191231539e-01 4.167690394808768461e-01 0.000000000000000000e+00 0.000000000000000000e+00 5.727361680569480473e-01 4.167690394808768461e-01 0.000000000000000000e+00 0.000000000000000000e+00
1.600000000000000000e+01 5.979838358608666748e-01 4.020161641391333252e-01 0.000000000000000000e+00 0.000000000000000000e+00 5.877901388609736433e-01 4.020161641391333252e-01 0.000000000000000000e+00 0.000000000000000000e+00
1.700000000000000000e+01 6.084992632949972613e-01 3.915007367050027387e-01 0.000000000000000000e+00 0.000000000000000000e+00 6.015447306441290554e-01 3.915007367050027387e-01 0.000000000000000000e+00 0.000000000000000000e+00
1.800000000000000000e+01 6.150358483656060971e-01 3.849641516343939029e-01 0.000000000000000000e+00 0.000000000000000000e+00 6.126141546588930176e-01 3.849641516343939029e-01 0.000000000000000000e+00 0.000000000000000000e+00
1.900000000000000000e+01 6.192334220636496189e-01 3.807665779363503811e-01 0.000000000000000000e+00 0.000000000000000000e+00 6.202825433311269787e-01 3.807665779363503811e-01 0.000000000000000000e+00 0.000000000000000000e+00
2.000000000000000000e+01 6.226633794416036594e-01 3.773366205583963406e-01 0.000000000000000000e+00 0.000000000000000000e+00 6.255849969511140252e-01 3.773366205583963406e-01 0.000000000000000000e+00 0.000000000000000000e+00
2.100000000000000000e+01 6.256242366356196127e-01 3.743757633643803873e-01 0.000000000000000000e+00 0.000000000000000000e+00 6.295027709808480587e-01 3.743757633643803873e-01 0.000000000000000000e+00 0.000000000000000000e+00
2.200000000000000000e+01 6.270257067352520419e-01 3.729742932647479581e-01 0.000000000000000000e+00 0.000000000000000000e+00 6.313691085481298870e-01 3.729742932647479581e-01 0.000000000000000000e+00 0.000000000000000000e+00
2.300000000000000000e+01 6.253656239238294390e-01 3.746343760761705610e-01 0.000000000000000000e+00 0.000000000000000000e+00 6.303890350481661242e-01 3.746343760761705610e-01 0.000000000000000000e+00 0.000000000000000000e+00
2.400000000000000000e+01 6.200071998490445102e-01 3.799928001509554898e-01 0.000000000000000000e+00 0.000000000000000000e+00 6.265663399959743307e-01 3.799928001509554898e-01 0.000000000000000000e+00 0.000000000000000000e+00
2.500000000000000000e+01 6.117726446141897867e-01 3.882273553858102133e-01 0.000000000000000000e+00 0.000000000000000000e+00 6.202887310336182569e-01 3.882273553858102133e-01 0.000000000000000000e+00 0.000000000000000000e+00
2.600000000000000000e+01 6.024322662153086538e-01 3.975677337846913462e-01 0.000000000000000000e+00 0.000000000000000000e+00 6.125675725075820921e-01 3.975677337846913462e-01 0.000000000000000000e+00 0.000000000000000000e+00
2.700000000000000000e+01 5.935493793488517689e-01 4.064506206511482311e-01 0.000000000000000000e+00 0.000000000000000000e+00 6.046763127494976242e-01 4.064506206511482311e-01 0.000000000000000000e+00 0.000000000000000000e+00
2.800000000000000000e+01 5.856066490317607398e-01 4.143933509682392602e-01 0.000000000000000000e+00 0.000000000000000000e+00 5.969215443882016636e-01 4.143933509682392602e-01 0.000000000000000000e+00 0.000000000000000000e+00
2.900000000000000000e+01 5.780010629724424698e-01 4.219989370275575302e-01 0.000000000000000000e+00 0.000000000000000000e+00 5.888218417037510699e-01 4.219989370275575302e-01 0.000000000000000000e+00 0.000000000000000000e+00
3.000000000000000000e+01 5.697116475288768189e-01 4.302883524711231811e-01 0.000000000000000000e+00 0.000000000000000000e+00 5.789428745107936258e-01 4.302883524711231811e-01 0.000000000000000000e+00 0.000000000000000000e+00
3.100000000000000000e+01 5.599794830765381093e-01 4.400205169234618907e-01 0.000000000000000000e+00 0.000000000000000000e+00 5.672243307335427254e-01 4.400205169234618907e-01 0.000000000000000000e+00 0.000000000000000000e+00
3.200000000000000000e+01 5.485681479102099134e-01 4.514318520897900866e-01 0.000000000000000000e+00 0.000000000000000000e+00 5.542127815032275029e-01 4.514318520897900866e-01 0.000000000000000000e+00 0.000000000000000000e+00
3.300000000000000000e+01 5.357147281784392367e-01 4.642852718215607633e-01 0.000000000000000000e+00 0.000000000000000000e+00 5.404208146351728859e-01 4.642852718215607633e-01 0.000000000000000000e+00 0.000000000000000000e+00
3.400000000000000000e+01 5.220946124659614496e-01 4.779053875340385504e-01 0.000000000000000000e+00 0.000000000000000000e+00 5.260057857763734690e-01 4.779053875340385504e-01 0.000000000000000000e+00 0.000000000000000000e+00
3.500000000000000000e+01 5.088588866631681418e-01 4.911411133368318582e-01 0.000000000000000000e+00 0.000000000000000000e+00 5.117782366982949194e-01 4.911411133368318582e-01 0.000000000000000000e+00 0.000000000000000000e+00
3.600000000000000000e+01 4.975128758861044331e-01 5.024871241138955114e-01 0.000000000000000000e+00 0.000000000000000000e+00 4.992238836249686673e-01 5.024871241138955114e-01 0.000000000000000000e+00 0.000000000000000000e+00
3.700000000000000000e+01 4.895072533038565821e-01 5.104927466961434179e-01 0.000000000000000000e+00 0.000000000000000000e+00 4.902989722079323931e-01 5.104927466961434179e-01 0.000000000000000000e+00 0.000000000000000000e+00
3.800000000000000000e+01 4.857639625970791575e-01 5.142360374029208980e-01 0.000000000000000000e+00 0.000000000000000000e+00 4.858558594945233122e-01 5.142360374029208980e-01 0.000000000000000000e+00 0.000000000000000000e+00
3.900000000000000000e+01 4.864855851215715288e-01 5.135144148784285267e-01 0.000000000000000000e+00 0.000000000000000000e+00 4.856450212325574278e-01 5.135144148784285267e-01 0.000000000000000000e+00 0.000000000000000000e+00
4.000000000000000000e+01 4.913403706814811200e-01 5.086596293185188244e-01 0.000000000000000000e+00 0.000000000000000000e+00 4.900277042721061793e-01 5.086596293185188244e-01 0.000000000000000000e+00 0.000000000000000000e+00
4.100000000000000000e+01 4.998068260053321055e-01 5.001931739946678945e-01 0.000000000000000000e+00 0.000000000000000000e+00 4.980707859346401589e-01 5.001931739946678945e-01 0.000000000000000000e+00 0.000000000000000000e+00
4.200000000000000000e+01 5.114386866876989846e-01 4.885613133123010154e-01 0.000000000000000000e+00 0.000000000000000000e+00 5.086218583962749396e-01 4.885613133123010154e-01 0.000000000000000000e+00 0.000000000000000000e+00
4.300000000000000000e+01 5.259858797494527671e-01 4.740141202505472329e-01 0.000000000000000000e+00 0.000000000000000000e+00 5.212048129819233377e-01 4.740141202505472329e-01 0.000000000000000000e+00 0.000000000000000000e+00
4.400000000000000000e+01 5.433773847157759018e-01 4.566226152842240982e-01 0.000000000000000000e+00 0.000000000000000000e+00 5.360700374018789738e-01 4.566226152842240982e-01 0.000000000000000000e+00 0.000000000000000000e+00
4.500000000000000000e+01 5.635130617418667720e-01 4.364869382581332280e-01 0.000000000000000000e+00 0.000000000000000000e+00 5.534041489517436130e-01 4.364869382581332280e-01 0.000000000000000000e+00 0.000000000000000000e+00
4.600000000000000000e+01 5.858900365780240760e-01 4.141099634219759240e-01 0.000000000000000000e+00 0.000000000000000000e+00 5.733109534269449359e-01 4.141099634219759240e-01 0.000000000000000000e+00 0.000000000000000000e+00
4.700000000000000000e+01 6.093653652408660415e-01 3.906346347591339585e-01 0.000000000000000000e+00 0.000000000000000000e+00 5.943857577877333931e-01 3.906346347591339585e-01 0.000000000000000000e+00 0.000000000000000000e+00
4.800000000000000000e+01 6.324554270374160847e-01 3.675445729625839153e-01 0.000000000000000000e+00 0.000000000000000000e+00 6.150976734358025722e-01 3.675445729625839153e-01 0.000000000000000000e+00 0.000000000000000000e+00
4.900000000000000000e+01 6.541703306587252076e-01 3.458296693412747924e-01 0.000000000000000000e+00 0.000000000000000000e+00 6.354568740855676134e-01 3.458296693412747924e-01 0.000000000000000000e+00 0.000000000000000000e+00
5.000000000000000000e+01 6.747824116189604648e-01 3.252175883810395352e-01 0.000000000000000000e+00 0.000000000000000000e+00 6.553106226359086683e-01 3.252175883810395352e-01 0.000000000000000000e+00 0.000000000000000000e+00
5.100000000000000000e+01 6.958341974834363342e-01 3.041658025165636658e-01 0.000000000000000000e+00 0.000000000000000000e+00 6.756788841461982553e-01 3.041658025165636658e-01 0.000000000000000000e+00 0.000000000000000000e+00
5.200000000000000000e+01 7.193262738909738108e-01 2.806737261090261892e-01 0.000000000000000000e+00 0.000000000000000000e+00 6.986308402294385544e-01 2.806737261090261892e-01 0.000000000000000000e+00 0.000000000000000000e+00
5.300000000000000000e+01 7.467446165203924791e-01 2.532553834796075209e-01 0.000000000000000000e+00 0.000000000000000000e+00 7.250108750878967445e-01 2.532553834796075209e-01 0.000000000000000000e+00 0.000000000000000000e+00
5.400000000000000000e+01 7.785953285788843603e-01 2.214046714211156397e-01 0.000000000000000000e+00 0.000000000000000000e+00 7.543933161573898039e-01 2.214046714211156397e-01 0.000000000000000000e+00 0.000000000000000000e+00
5.500000000000000000e+01 8.144516213337105182e-01 1.855483786662894818e-01 0.000000000000000000e+00 0.000000000000000000e+00 7.859201427014458341e-01 1.855483786662894818e-01 0.000000000000000000e+00 0.000000000000000000e+00
5.600000000000000000e+01 8.530253872225813661e-01 1.469746127774186339e-01 0.000000000000000000e+00 0.000000000000000000e+00 8.197121549641197547e-01 1.469746127774186339e-01 0.000000000000000000e+00 0.000000000000000000e+00
5.700000000000000000e+01 8.920390854713069473e-01 1.079609145286930527e-01 0.000000000000000000e+00 0.000000000000000000e+00 8.569615052878852834e-01 1.079609145286930527e-01 0.000000000000000000e+00 0.000000000000000000e+00
5.800000000000000000e+01 9.282823403706963461e-01 7.171765962930365390e-02 0.000000000000000000e+00 0.000000000000000000e+00 8.963204947890037744e-01 7.171765962930365390e-02 0.000000000000000000e+00 0.000000000000000000e+00
5.900000000000000000e+01 9.583321720657281828e-01 4.166782793427181719e-02 0.000000000000000000e+00 0.000000000000000000e+00 9.307178904568506050e-01 4.166782793427181719e-02 0.000000000000000000e+00 0.000000000000000000e+00
6.000000000000000000e+01 9.798089364169839666e-01 2.019106358301603343e-02 0.000000000000000000e+00 0.000000000000000000e+00 9.584486546579169541e-01 2.019106358301603343e-02 0.000000000000000000e+00 0.000000000000000000e+00
6.100000000000000000e+01 9.924476357457076015e-01 7.552364254292398549e-03 0.000000000000000000e+00 0.000000000000000000e+00 9.803524272259261929e-01 7.552364254292398549e-03 0.000000000000000000e+00 0.000000000000000000e+00
6.200000000000000000e+01 9.983678500258563737e-01 1.632149974143626281e-03 0.000000000000000000e+00 0.000000000000000000e+00 9.945966073223293513e-01 1.632149974143626281e-03 0.000000000000000000e+00 0.000000000000000000e+00

Residual energy after optimization is 5.187749521246989e-07
Optimization procedure took 113.1406638622284 seconds