### PARAMETERS OF THE TIME EVOLUTION ### 
Total time tau = 90
Timestep dt = 1
P = tau/dt = 90
Number of Fourier coefficients Nc = 90

gamma(t) = t/T*(delta_t + \sum_i^Nc gamma_i*f_i(wi, t) 
beta(t) = (1-t/T)*(delta_t + \sum_i^Nc beta_i*f_i(wi, t)

CRAB coefficient   Cz_start// Cx_start// Cxz_start // pulses//  Cz_opt // Cx_opt // Cxz_opt  
0.000000000000000000e+00 0.000000000000000000e+00 0.000000000000000000e+00 6.531923258921688458e+00 -5.992864411270500291e+00 -1.872280762441413282e+00 0.000000000000000000e+00
0.000000000000000000e+00 0.000000000000000000e+00 0.000000000000000000e+00 3.401564732959919457e+00 -1.705363354445925461e+00 -8.146614950786410514e-01 0.000000000000000000e+00
0.000000000000000000e+00 0.000000000000000000e+00 0.000000000000000000e+00 6.706474544739093879e+00 -2.966353482130676067e+00 -2.122183105173397699e+00 0.000000000000000000e+00
0.000000000000000000e+00 0.000000000000000000e+00 0.000000000000000000e+00 5.736800266631208345e+00 4.051549919587022153e+00 1.066405050222147599e+00 0.000000000000000000e+00
0.000000000000000000e+00 0.000000000000000000e+00 0.000000000000000000e+00 1.217145152765948346e+01 -2.493146831299131705e+01 -7.828137216122756037e+00 0.000000000000000000e+00
0.000000000000000000e+00 0.000000000000000000e+00 0.000000000000000000e+00 8.194780938893574174e+00 -7.883912457341900826e+00 -2.542050571397211911e+00 0.000000000000000000e+00
0.000000000000000000e+00 0.000000000000000000e+00 0.000000000000000000e+00 1.028527167316221380e+01 2.175886556339037625e+01 7.742098017857948378e+00 0.000000000000000000e+00
0.000000000000000000e+00 0.000000000000000000e+00 0.000000000000000000e+00 4.458613486595093711e+00 -3.236118461555975934e+00 5.326497974717571138e-01 0.000000000000000000e+00
0.000000000000000000e+00 0.000000000000000000e+00 0.000000000000000000e+00 4.989287674482731916e-01 4.449461749815363909e+00 -3.218437881169227133e-01 0.000000000000000000e+00
0.000000000000000000e+00 0.000000000000000000e+00 0.000000000000000000e+00 1.322090167353321810e+01 4.884674525665873901e+00 7.942027218008057554e-01 0.000000000000000000e+00
0.000000000000000000e+00 0.000000000000000000e+00 0.000000000000000000e+00 8.590515739603727496e+00 5.511018038978789058e+00 -7.713292517536513015e-01 0.000000000000000000e+00
0.000000000000000000e+00 0.000000000000000000e+00 0.000000000000000000e+00 6.234498250672803721e+00 -5.290909456113793041e+00 -3.642987833360399053e-02 0.000000000000000000e+00
0.000000000000000000e+00 0.000000000000000000e+00 0.000000000000000000e+00 5.269764520082101278e+00 1.145242127497156925e+00 -1.230182686655290070e+00 0.000000000000000000e+00
0.000000000000000000e+00 0.000000000000000000e+00 0.000000000000000000e+00 4.304735562872632926e+00 -7.535780679329982801e-02 8.239193087917117131e-01 0.000000000000000000e+00
0.000000000000000000e+00 0.000000000000000000e+00 0.000000000000000000e+00 4.066626209195520758e+00 4.199689327839799091e+00 5.840420301137185799e-01 0.000000000000000000e+00
0.000000000000000000e+00 0.000000000000000000e+00 0.000000000000000000e+00 6.917776023372942618e+00 2.380038767301727365e+00 -1.100960139851603348e+00 0.000000000000000000e+00
0.000000000000000000e+00 0.000000000000000000e+00 0.000000000000000000e+00 9.689379931294568316e-01 -1.402881968401347601e+00 1.478912433398283377e-01 0.000000000000000000e+00
0.000000000000000000e+00 0.000000000000000000e+00 0.000000000000000000e+00 6.230498059683668544e+00 -5.232706431085380139e+00 -9.456671522275764130e-03 0.000000000000000000e+00
0.000000000000000000e+00 0.000000000000000000e+00 0.000000000000000000e+00 8.088769348365540068e+00 -9.018435267502853847e+00 -1.677628295003859016e+00 0.000000000000000000e+00
0.000000000000000000e+00 0.000000000000000000e+00 0.000000000000000000e+00 5.965549366898798667e+00 5.689420832928120814e-02 1.247146990279708323e+00 0.000000000000000000e+00
0.000000000000000000e+00 0.000000000000000000e+00 0.000000000000000000e+00 4.583895583111293526e+00 -5.237778947682745212e+00 7.056215349118635793e-02 0.000000000000000000e+00
0.000000000000000000e+00 0.000000000000000000e+00 0.000000000000000000e+00 7.422333498558242315e-01 2.091932960531175389e+00 -8.269738725333559970e-02 0.000000000000000000e+00
0.000000000000000000e+00 0.000000000000000000e+00 0.000000000000000000e+00 6.079929433703620489e+00 -2.441645736666783417e+00 8.667086181318784943e-01 0.000000000000000000e+00
0.000000000000000000e+00 0.000000000000000000e+00 0.000000000000000000e+00 7.460841714210262765e+00 4.689541435214069409e+00 3.476850475877593105e+00 0.000000000000000000e+00
0.000000000000000000e+00 0.000000000000000000e+00 0.000000000000000000e+00 8.105200538129139431e+00 -8.941431838155011746e+00 -1.839471340072122318e+00 0.000000000000000000e+00
0.000000000000000000e+00 0.000000000000000000e+00 0.000000000000000000e+00 5.280313069428042461e+00 1.352850294391354069e+00 -1.191475340425335094e+00 0.000000000000000000e+00
0.000000000000000000e+00 0.000000000000000000e+00 0.000000000000000000e+00 1.525595085730279354e+00 -2.455511016963217052e+00 -3.008610906173283528e-01 0.000000000000000000e+00
0.000000000000000000e+00 0.000000000000000000e+00 0.000000000000000000e+00 4.376275888907900757e+00 -1.588432786274160513e+00 7.323216667896756960e-01 0.000000000000000000e+00
0.000000000000000000e+00 0.000000000000000000e+00 0.000000000000000000e+00 7.210417216089866521e+00 7.127266681979068430e+00 1.809451145125118954e+00 0.000000000000000000e+00
0.000000000000000000e+00 0.000000000000000000e+00 0.000000000000000000e+00 1.541522483304101065e+01 -3.228329312336049306e-02 4.009946117958290701e-02 0.000000000000000000e+00
0.000000000000000000e+00 0.000000000000000000e+00 0.000000000000000000e+00 4.632210335364055354e+00 -5.768727712797755203e+00 -1.419608966516436310e-01 0.000000000000000000e+00
0.000000000000000000e+00 0.000000000000000000e+00 0.000000000000000000e+00 2.561066694332623239e+00 -1.003415773511194820e+00 5.566625977935284464e-01 0.000000000000000000e+00
0.000000000000000000e+00 0.000000000000000000e+00 0.000000000000000000e+00 4.902727707299278315e+00 -5.555061344134783141e+00 -1.284624952551057797e+00 0.000000000000000000e+00
0.000000000000000000e+00 0.000000000000000000e+00 0.000000000000000000e+00 2.099221090945668777e+00 4.403593832673722730e+00 -3.910581080792187025e-01 0.000000000000000000e+00
0.000000000000000000e+00 0.000000000000000000e+00 0.000000000000000000e+00 4.023435228973775146e+00 4.679196447331033681e+00 4.680291840234054312e-01 0.000000000000000000e+00
0.000000000000000000e+00 0.000000000000000000e+00 0.000000000000000000e+00 2.409278321157633851e+00 1.798118371323805142e+00 3.071602661202176288e-01 0.000000000000000000e+00
0.000000000000000000e+00 0.000000000000000000e+00 0.000000000000000000e+00 3.864906371627621517e+00 5.296533363110251358e+00 -4.376625936928574268e-02 0.000000000000000000e+00
0.000000000000000000e+00 0.000000000000000000e+00 0.000000000000000000e+00 3.192449410966545997e+00 -5.394917754518157693e+00 -4.232438920415326766e-01 0.000000000000000000e+00
0.000000000000000000e+00 0.000000000000000000e+00 0.000000000000000000e+00 3.357766121669479187e+00 -2.601956791611327979e+00 -7.657004579524067100e-01 0.000000000000000000e+00
0.000000000000000000e+00 0.000000000000000000e+00 0.000000000000000000e+00 2.350675911412723806e+00 2.693846866408694751e+00 1.769597029802773280e-01 0.000000000000000000e+00
0.000000000000000000e+00 0.000000000000000000e+00 0.000000000000000000e+00 2.241856545304790771e+01 9.847902635011158198e-04 -2.945352098432025157e-03 0.000000000000000000e+00
0.000000000000000000e+00 0.000000000000000000e+00 0.000000000000000000e+00 9.093133763060198049e+00 8.816542810204415659e+00 4.778612469139682517e+00 0.000000000000000000e+00
0.000000000000000000e+00 0.000000000000000000e+00 0.000000000000000000e+00 9.601042183472680236e+00 -1.068407085642919618e+01 -2.462720272613095673e+00 0.000000000000000000e+00
0.000000000000000000e+00 0.000000000000000000e+00 0.000000000000000000e+00 1.851560352529072517e+01 -1.910842516563360585e-02 -6.327712533216072084e-03 0.000000000000000000e+00
0.000000000000000000e+00 0.000000000000000000e+00 0.000000000000000000e+00 2.852148801600181915e+00 -5.817388585929638367e+00 4.537911716366911929e-01 0.000000000000000000e+00
0.000000000000000000e+00 0.000000000000000000e+00 0.000000000000000000e+00 5.649717939968789793e+00 4.734284779575679281e+00 7.113472418713184808e-01 0.000000000000000000e+00
0.000000000000000000e+00 0.000000000000000000e+00 0.000000000000000000e+00 5.655916227257471007e+00 4.705106452077234991e+00 7.403467848489703185e-01 0.000000000000000000e+00
0.000000000000000000e+00 0.000000000000000000e+00 0.000000000000000000e+00 1.848749998590491828e+00 2.372144727003962839e+00 -6.333409250778770927e-01 0.000000000000000000e+00
0.000000000000000000e+00 0.000000000000000000e+00 0.000000000000000000e+00 6.869354638105266142e-01 2.843377612915358288e+00 -1.490214167289474201e-01 0.000000000000000000e+00
0.000000000000000000e+00 0.000000000000000000e+00 0.000000000000000000e+00 1.993351507960307956e+01 6.734032241672737416e-03 6.550326251180526443e-03 0.000000000000000000e+00
0.000000000000000000e+00 0.000000000000000000e+00 0.000000000000000000e+00 1.367236386686460747e+01 -2.710589126970570195e+00 -2.960957895260070138e-01 0.000000000000000000e+00
0.000000000000000000e+00 0.000000000000000000e+00 0.000000000000000000e+00 1.143614556584982189e+01 -5.646098603502287538e+00 -3.596993608357220928e+00 0.000000000000000000e+00
0.000000000000000000e+00 0.000000000000000000e+00 0.000000000000000000e+00 5.037286018841937718e+00 -3.566868691293759497e+00 -1.559735229461680195e+00 0.000000000000000000e+00
0.000000000000000000e+00 0.000000000000000000e+00 0.000000000000000000e+00 4.123355514342126327e-01 4.549559639979308123e+00 -3.510369282454662843e-01 0.000000000000000000e+00
0.000000000000000000e+00 0.000000000000000000e+00 0.000000000000000000e+00 6.884601892122396372e+00 1.534485064680508826e+00 -1.351645201630196302e+00 0.000000000000000000e+00
0.000000000000000000e+00 0.000000000000000000e+00 0.000000000000000000e+00 9.853403323484842824e-01 -1.639845731702925802e+00 1.576599403610968730e-01 0.000000000000000000e+00
0.000000000000000000e+00 0.000000000000000000e+00 0.000000000000000000e+00 3.804531480275107125e+00 5.033721827042363373e+00 -2.435131520060249688e-01 0.000000000000000000e+00
0.000000000000000000e+00 0.000000000000000000e+00 0.000000000000000000e+00 9.989659994025334555e+00 6.410228803028901190e-01 -2.314592699295885403e+00 0.000000000000000000e+00
0.000000000000000000e+00 0.000000000000000000e+00 0.000000000000000000e+00 9.004360023951116787e+00 1.107535824537005276e+01 4.579378932220337539e+00 0.000000000000000000e+00
0.000000000000000000e+00 0.000000000000000000e+00 0.000000000000000000e+00 8.567046168539667050e+00 4.614630428501352633e+00 -1.084126417600686842e+00 0.000000000000000000e+00
0.000000000000000000e+00 0.000000000000000000e+00 0.000000000000000000e+00 2.388922715385799034e+00 2.125578999091354060e+00 2.633874378535989713e-01 0.000000000000000000e+00
0.000000000000000000e+00 0.000000000000000000e+00 0.000000000000000000e+00 4.337936023262622065e+00 -7.798987291162958746e-01 7.912539143185731705e-01 0.000000000000000000e+00
0.000000000000000000e+00 0.000000000000000000e+00 0.000000000000000000e+00 1.121499623717317640e+01 -1.261902259403825610e+01 -3.079436498326422189e-01 0.000000000000000000e+00
0.000000000000000000e+00 0.000000000000000000e+00 0.000000000000000000e+00 6.397577780614943421e+00 -6.630051180818609780e+00 -1.153267344929454152e+00 0.000000000000000000e+00
0.000000000000000000e+00 0.000000000000000000e+00 0.000000000000000000e+00 3.817333020167745783e+00 5.112030592125610617e+00 -2.019827248153768795e-01 0.000000000000000000e+00
0.000000000000000000e+00 0.000000000000000000e+00 0.000000000000000000e+00 5.581161028644308075e+00 4.850741938998939240e+00 3.620579581968788041e-01 0.000000000000000000e+00
0.000000000000000000e+00 0.000000000000000000e+00 0.000000000000000000e+00 2.358698864910898418e+00 2.580094890384132089e+00 1.954283032174045087e-01 0.000000000000000000e+00
0.000000000000000000e+00 0.000000000000000000e+00 0.000000000000000000e+00 1.037413036468610272e+00 -2.341983471759345736e+00 1.794158350277032521e-01 0.000000000000000000e+00
0.000000000000000000e+00 0.000000000000000000e+00 0.000000000000000000e+00 1.591632672752685496e+00 -1.565757107069406073e+00 -4.069593716323982036e-01 0.000000000000000000e+00
0.000000000000000000e+00 0.000000000000000000e+00 0.000000000000000000e+00 2.968208505275355957e+00 -6.588371273253458504e+00 1.990059562615225375e-01 0.000000000000000000e+00
0.000000000000000000e+00 0.000000000000000000e+00 0.000000000000000000e+00 1.366519996762397104e+00 -3.849883423405195071e+00 -4.180672070599733559e-02 0.000000000000000000e+00
0.000000000000000000e+00 0.000000000000000000e+00 0.000000000000000000e+00 1.176119890308900295e+01 2.481032188156143192e+01 5.746859361092425011e+00 0.000000000000000000e+00
0.000000000000000000e+00 0.000000000000000000e+00 0.000000000000000000e+00 1.383080710488698406e+00 -3.764965492233853350e+00 -6.675491499167014731e-02 0.000000000000000000e+00
0.000000000000000000e+00 0.000000000000000000e+00 0.000000000000000000e+00 5.906694572432416024e+00 1.295967606702243868e+00 1.320810745301271849e+00 0.000000000000000000e+00
0.000000000000000000e+00 0.000000000000000000e+00 0.000000000000000000e+00 3.377473266294681586e+00 -2.203211842818285859e+00 -7.903553421825395553e-01 0.000000000000000000e+00
0.000000000000000000e+00 0.000000000000000000e+00 0.000000000000000000e+00 5.244304657466511976e+00 6.327101719675497504e-01 -1.316052747842514137e+00 0.000000000000000000e+00
0.000000000000000000e+00 0.000000000000000000e+00 0.000000000000000000e+00 9.787600706859839406e+00 -9.420800457767642300e+00 -4.332138093257817957e+00 0.000000000000000000e+00
0.000000000000000000e+00 0.000000000000000000e+00 0.000000000000000000e+00 1.141117572367808819e+01 -7.438368493396525061e+00 -3.697147707637411962e+00 0.000000000000000000e+00
0.000000000000000000e+00 0.000000000000000000e+00 0.000000000000000000e+00 3.659391056253651353e+00 3.375537864647481179e+00 -6.428476744811033594e-01 0.000000000000000000e+00
0.000000000000000000e+00 0.000000000000000000e+00 0.000000000000000000e+00 1.078411436072388652e+00 -2.828516371558700726e+00 1.858827084220373571e-01 0.000000000000000000e+00
0.000000000000000000e+00 0.000000000000000000e+00 0.000000000000000000e+00 7.421776481147206006e+00 5.482333212668165423e+00 3.358722063994809659e+00 0.000000000000000000e+00
0.000000000000000000e+00 0.000000000000000000e+00 0.000000000000000000e+00 5.691214400383616479e+00 4.481228809001538416e+00 8.955175706751001830e-01 0.000000000000000000e+00
0.000000000000000000e+00 0.000000000000000000e+00 0.000000000000000000e+00 1.751391728491385580e+00 9.200442147902465617e-01 -5.959503569187093452e-01 0.000000000000000000e+00
0.000000000000000000e+00 0.000000000000000000e+00 0.000000000000000000e+00 1.199619508651837130e+01 1.834742355015565707e+01 6.939932542296258333e+00 0.000000000000000000e+00
0.000000000000000000e+00 0.000000000000000000e+00 0.000000000000000000e+00 1.209913620618881147e+01 -2.640416874792082425e+00 3.173537608677491351e-01 0.000000000000000000e+00
0.000000000000000000e+00 0.000000000000000000e+00 0.000000000000000000e+00 1.455393080900674896e+01 3.830898830396590737e-01 -2.290248213106125456e-04 0.000000000000000000e+00
0.000000000000000000e+00 0.000000000000000000e+00 0.000000000000000000e+00 1.772266315224180488e-01 2.724058891197894461e+00 -2.299841163378550102e-01 0.000000000000000000e+00
0.000000000000000000e+00 0.000000000000000000e+00 0.000000000000000000e+00 9.567419004098159263e+00 -1.009310295974666261e+01 -1.877728582732465679e+00 0.000000000000000000e+00
0.000000000000000000e+00 0.000000000000000000e+00 0.000000000000000000e+00 2.104042622297344511e+00 4.408047640958826285e+00 -3.819998416329158375e-01 0.000000000000000000e+00
0.000000000000000000e+00 0.000000000000000000e+00 0.000000000000000000e+00 6.952736103380837918e+00 3.237182953008461261e+00 -8.069718159572865090e-01 0.000000000000000000e+00

Amplitudes vs time: t // theta_tt_old // theta_mt_old // alpha_cdt_old// theta_tt_opt // theta_mt_opt// alpha_cdt_opt  
0.000000000000000000e+00 5.555555555555555768e-03 9.944444444444444642e-01 0.000000000000000000e+00 8.338946587198678428e-02 7.528238594159970543e-01 0.000000000000000000e+00
1.000000000000000000e+00 1.666666666666666644e-02 9.833333333333332815e-01 0.000000000000000000e+00 2.382055881868937741e-01 7.335613089120833763e-01 0.000000000000000000e+00
2.000000000000000000e+00 2.777777777777777624e-02 9.722222222222222099e-01 0.000000000000000000e+00 3.680669358489277454e-01 7.236400107206211185e-01 0.000000000000000000e+00
3.000000000000000000e+00 3.888888888888888951e-02 9.611111111111111382e-01 0.000000000000000000e+00 4.666412761944006560e-01 7.120967996088849450e-01 0.000000000000000000e+00
4.000000000000000000e+00 5.000000000000000278e-02 9.499999999999999556e-01 0.000000000000000000e+00 5.330103037715369085e-01 6.928717289215232666e-01 0.000000000000000000e+00
5.000000000000000000e+00 6.111111111111110911e-02 9.388888888888888840e-01 0.000000000000000000e+00 5.713343522733412838e-01 6.663748620402313305e-01 0.000000000000000000e+00
6.000000000000000000e+00 7.222222222222221544e-02 9.277777777777778123e-01 0.000000000000000000e+00 5.894869657892055637e-01 6.377086197523157418e-01 0.000000000000000000e+00
7.000000000000000000e+00 8.333333333333332871e-02 9.166666666666666297e-01 0.000000000000000000e+00 5.968841981238151018e-01 6.135140423406886256e-01 0.000000000000000000e+00
8.000000000000000000e+00 9.444444444444444198e-02 9.055555555555555580e-01 0.000000000000000000e+00 6.021291809861567534e-01 5.990915149495499303e-01 0.000000000000000000e+00
9.000000000000000000e+00 1.055555555555555552e-01 8.944444444444444864e-01 0.000000000000000000e+00 6.111815474488595523e-01 5.967356418070883795e-01 0.000000000000000000e+00
1.000000000000000000e+01 1.166666666666666685e-01 8.833333333333333037e-01 0.000000000000000000e+00 6.265508811838068626e-01 6.054814148789890993e-01 0.000000000000000000e+00
1.100000000000000000e+01 1.277777777777777679e-01 8.722222222222222321e-01 0.000000000000000000e+00 6.476210840753890974e-01 6.219332422930895499e-01 0.000000000000000000e+00
1.200000000000000000e+01 1.388888888888888951e-01 8.611111111111111605e-01 0.000000000000000000e+00 6.718124869817555522e-01 6.416224998160753312e-01 0.000000000000000000e+00
1.300000000000000000e+01 1.499999999999999944e-01 8.499999999999999778e-01 0.000000000000000000e+00 6.960398030215493304e-01 6.603612220993990700e-01 0.000000000000000000e+00
1.400000000000000000e+01 1.611111111111111216e-01 8.388888888888889062e-01 0.000000000000000000e+00 7.179096249702447974e-01 6.752189444842162658e-01 0.000000000000000000e+00
1.500000000000000000e+01 1.722222222222222210e-01 8.277777777777777235e-01 0.000000000000000000e+00 7.363008348414938897e-01 6.849473894703388410e-01 0.000000000000000000e+00
1.600000000000000000e+01 1.833333333333333204e-01 8.166666666666666519e-01 0.000000000000000000e+00 7.512784771375434767e-01 6.898571686539400893e-01 0.000000000000000000e+00
1.700000000000000000e+01 1.944444444444444475e-01 8.055555555555555802e-01 0.000000000000000000e+00 7.635658034700920638e-01 6.912901131702263724e-01 0.000000000000000000e+00
1.800000000000000000e+01 2.055555555555555469e-01 7.944444444444445086e-01 0.000000000000000000e+00 7.739293875283308477e-01 6.909187539200088990e-01 0.000000000000000000e+00
1.900000000000000000e+01 2.166666666666666741e-01 7.833333333333333259e-01 0.000000000000000000e+00 7.827833795431079489e-01 6.901255573457337755e-01 0.000000000000000000e+00
2.000000000000000000e+01 2.277777777777777735e-01 7.722222222222222543e-01 0.000000000000000000e+00 7.901407507355757698e-01 6.896570797614564041e-01 0.000000000000000000e+00
2.100000000000000000e+01 2.388888888888889006e-01 7.611111111111110716e-01 0.000000000000000000e+00 7.958351844152279364e-01 6.896233873715346130e-01 0.000000000000000000e+00
2.200000000000000000e+01 2.500000000000000000e-01 7.500000000000000000e-01 0.000000000000000000e+00 7.998102388638905769e-01 6.897653745364069611e-01 0.000000000000000000e+00
2.300000000000000000e+01 2.611111111111111271e-01 7.388888888888889284e-01 0.000000000000000000e+00 8.022753318399905575e-01 6.898067324662131572e-01 0.000000000000000000e+00
2.400000000000000000e+01 2.722222222222221988e-01 7.277777777777778567e-01 0.000000000000000000e+00 8.036416297936410658e-01 6.896950791516804902e-01 0.000000000000000000e+00
2.500000000000000000e+01 2.833333333333333259e-01 7.166666666666666741e-01 0.000000000000000000e+00 8.042995031986054366e-01 6.896240449062878142e-01 0.000000000000000000e+00
2.600000000000000000e+01 2.944444444444444531e-01 7.055555555555554914e-01 0.000000000000000000e+00 8.043948985562118237e-01 6.898656791152077972e-01 0.000000000000000000e+00
2.700000000000000000e+01 3.055555555555555802e-01 6.944444444444444198e-01 0.000000000000000000e+00 8.037525325486001293e-01 6.905506705103472420e-01 0.000000000000000000e+00
2.800000000000000000e+01 3.166666666666666519e-01 6.833333333333333481e-01 0.000000000000000000e+00 8.019897384803893470e-01 6.915488240243983231e-01 0.000000000000000000e+00
2.900000000000000000e+01 3.277777777777777790e-01 6.722222222222222765e-01 0.000000000000000000e+00 7.987316965428158388e-01 6.925167078205293203e-01 0.000000000000000000e+00
3.000000000000000000e+01 3.388888888888889062e-01 6.611111111111110938e-01 0.000000000000000000e+00 7.937597429564624552e-01 6.930501979709310367e-01 0.000000000000000000e+00
3.100000000000000000e+01 3.499999999999999778e-01 6.500000000000000222e-01 0.000000000000000000e+00 7.869528932993699044e-01 6.927950033230163562e-01 0.000000000000000000e+00
3.200000000000000000e+01 3.611111111111111049e-01 6.388888888888888395e-01 0.000000000000000000e+00 7.780110402517187440e-01 6.913922430005809971e-01 0.000000000000000000e+00
3.300000000000000000e+01 3.722222222222222321e-01 6.277777777777777679e-01 0.000000000000000000e+00 7.661093239013472278e-01 6.882642837587971130e-01 0.000000000000000000e+00
3.400000000000000000e+01 3.833333333333333592e-01 6.166666666666666963e-01 0.000000000000000000e+00 7.497341277168135809e-01 6.824011739596340664e-01 0.000000000000000000e+00
3.500000000000000000e+01 3.944444444444444309e-01 6.055555555555556246e-01 0.000000000000000000e+00 7.269228386320929491e-01 6.723828156092312991e-01 0.000000000000000000e+00
3.600000000000000000e+01 4.055555555555555580e-01 5.944444444444444420e-01 0.000000000000000000e+00 6.959655106616010611e-01 6.567954249650129750e-01 0.000000000000000000e+00
3.700000000000000000e+01 4.166666666666666852e-01 5.833333333333332593e-01 0.000000000000000000e+00 6.563918472073624333e-01 6.349889303065548996e-01 0.000000000000000000e+00
3.800000000000000000e+01 4.277777777777777568e-01 5.722222222222221877e-01 0.000000000000000000e+00 6.098705497193823710e-01 6.078802605533346615e-01 0.000000000000000000e+00
3.900000000000000000e+01 4.388888888888888840e-01 5.611111111111111160e-01 0.000000000000000000e+00 5.605926539560242006e-01 5.783784891355210345e-01 0.000000000000000000e+00
4.000000000000000000e+01 4.500000000000000111e-01 5.500000000000000444e-01 0.000000000000000000e+00 5.148420916897173960e-01 5.510902926975707050e-01 0.000000000000000000e+00
4.100000000000000000e+01 4.611111111111111382e-01 5.388888888888888618e-01 0.000000000000000000e+00 4.797394567860047698e-01 5.312496809989264435e-01 0.000000000000000000e+00
4.200000000000000000e+01 4.722222222222222099e-01 5.277777777777777901e-01 0.000000000000000000e+00 4.614721241039714261e-01 5.231809871461471362e-01 0.000000000000000000e+00
4.300000000000000000e+01 4.833333333333333370e-01 5.166666666666666075e-01 0.000000000000000000e+00 4.635613960754393359e-01 5.288672113338542813e-01 0.000000000000000000e+00
4.400000000000000000e+01 4.944444444444444642e-01 5.055555555555555358e-01 0.000000000000000000e+00 4.857603473954043571e-01 5.472115342806185279e-01 0.000000000000000000e+00
4.500000000000000000e+01 5.055555555555555358e-01 4.944444444444444642e-01 0.000000000000000000e+00 5.239940696753155880e-01 5.743195503722212658e-01 0.000000000000000000e+00
4.600000000000000000e+01 5.166666666666667185e-01 4.833333333333332815e-01 0.000000000000000000e+00 5.714060083238073906e-01 6.047041245149855637e-01 0.000000000000000000e+00
4.700000000000000000e+01 5.277777777777777901e-01 4.722222222222222099e-01 0.000000000000000000e+00 6.201869222004695592e-01 6.329227173508605864e-01 0.000000000000000000e+00
4.800000000000000000e+01 5.388888888888888618e-01 4.611111111111111382e-01 0.000000000000000000e+00 6.635828236983426498e-01 6.549866361010300286e-01 0.000000000000000000e+00
4.900000000000000000e+01 5.500000000000000444e-01 4.499999999999999556e-01 0.000000000000000000e+00 6.974138997784045113e-01 6.690142494182353960e-01 0.000000000000000000e+00
5.000000000000000000e+01 5.611111111111111160e-01 4.388888888888888840e-01 0.000000000000000000e+00 7.206168511331955129e-01 6.749684162519818953e-01 0.000000000000000000e+00
5.100000000000000000e+01 5.722222222222221877e-01 4.277777777777778123e-01 0.000000000000000000e+00 7.346849566469115800e-01 6.737406923863578090e-01 0.000000000000000000e+00
5.200000000000000000e+01 5.833333333333333703e-01 4.166666666666666297e-01 0.000000000000000000e+00 7.422899722315896565e-01 6.661180345918147339e-01 0.000000000000000000e+00
5.300000000000000000e+01 5.944444444444444420e-01 4.055555555555555580e-01 0.000000000000000000e+00 7.456729989311241535e-01 6.521685003836010797e-01 0.000000000000000000e+00
5.400000000000000000e+01 6.055555555555555136e-01 3.944444444444444864e-01 0.000000000000000000e+00 7.454699001965188199e-01 6.313260127996838111e-01 0.000000000000000000e+00
5.500000000000000000e+01 6.166666666666666963e-01 3.833333333333333037e-01 0.000000000000000000e+00 7.404559025841574993e-01 6.030804733677155305e-01 0.000000000000000000e+00
5.600000000000000000e+01 6.277777777777777679e-01 3.722222222222222321e-01 0.000000000000000000e+00 7.283182925146081121e-01 5.678769905115413907e-01 0.000000000000000000e+00
5.700000000000000000e+01 6.388888888888888395e-01 3.611111111111111605e-01 0.000000000000000000e+00 7.071387080427024019e-01 5.277378755221646678e-01 0.000000000000000000e+00
5.800000000000000000e+01 6.500000000000000222e-01 3.499999999999999778e-01 0.000000000000000000e+00 6.769563800091789041e-01 4.862706311501187040e-01 0.000000000000000000e+00
5.900000000000000000e+01 6.611111111111110938e-01 3.388888888888889062e-01 0.000000000000000000e+00 6.407197830685402717e-01 4.480233598718638688e-01 0.000000000000000000e+00
6.000000000000000000e+01 6.722222222222222765e-01 3.277777777777777235e-01 0.000000000000000000e+00 6.041516503167779772e-01 4.174415816136456403e-01 0.000000000000000000e+00
6.100000000000000000e+01 6.833333333333333481e-01 3.166666666666666519e-01 0.000000000000000000e+00 5.744734010967256221e-01 3.978317250035651176e-01 0.000000000000000000e+00
6.200000000000000000e+01 6.944444444444444198e-01 3.055555555555555802e-01 0.000000000000000000e+00 5.583953182465969389e-01 3.906938863857987165e-01 0.000000000000000000e+00
6.300000000000000000e+01 7.055555555555556024e-01 2.944444444444443976e-01 0.000000000000000000e+00 5.600912970135394353e-01 3.955959100268290340e-01 0.000000000000000000e+00
6.400000000000000000e+01 7.166666666666666741e-01 2.833333333333333259e-01 0.000000000000000000e+00 5.799093190210502513e-01 4.105314879843330322e-01 0.000000000000000000e+00
6.500000000000000000e+01 7.277777777777777457e-01 2.722222222222222543e-01 0.000000000000000000e+00 6.143011870261421148e-01 4.325460291558350101e-01 0.000000000000000000e+00
6.600000000000000000e+01 7.388888888888889284e-01 2.611111111111110716e-01 0.000000000000000000e+00 6.569924045905592980e-01 4.583809515577221827e-01 0.000000000000000000e+00
6.700000000000000000e+01 7.500000000000000000e-01 2.500000000000000000e-01 0.000000000000000000e+00 7.009435577794675964e-01 4.849634426438883539e-01 0.000000000000000000e+00
6.800000000000000000e+01 7.611111111111110716e-01 2.388888888888889284e-01 0.000000000000000000e+00 7.403704193458370275e-01 5.096887104815034375e-01 0.000000000000000000e+00
6.900000000000000000e+01 7.722222222222222543e-01 2.277777777777777457e-01 0.000000000000000000e+00 7.721048202351402656e-01 5.305345031200461303e-01 0.000000000000000000e+00
7.000000000000000000e+01 7.833333333333333259e-01 2.166666666666666741e-01 0.000000000000000000e+00 7.958777505809394581e-01 5.460765996606237183e-01 0.000000000000000000e+00
7.100000000000000000e+01 7.944444444444443976e-01 2.055555555555556024e-01 0.000000000000000000e+00 8.135551989706480969e-01 5.554493344978927993e-01 0.000000000000000000e+00
7.200000000000000000e+01 8.055555555555555802e-01 1.944444444444444198e-01 0.000000000000000000e+00 8.277615837476355320e-01 5.582572834790715532e-01 0.000000000000000000e+00
7.300000000000000000e+01 8.166666666666666519e-01 1.833333333333333481e-01 0.000000000000000000e+00 8.405187188267572163e-01 5.544314016803268963e-01 0.000000000000000000e+00
7.400000000000000000e+01 8.277777777777777235e-01 1.722222222222222765e-01 0.000000000000000000e+00 8.524439805179553353e-01 5.440461201378129497e-01 0.000000000000000000e+00
7.500000000000000000e+01 8.388888888888889062e-01 1.611111111111110938e-01 0.000000000000000000e+00 8.627487425753117556e-01 5.271525441750283258e-01 0.000000000000000000e+00
7.600000000000000000e+01 8.499999999999999778e-01 1.500000000000000222e-01 0.000000000000000000e+00 8.699078230653723987e-01 5.037020910929248529e-01 0.000000000000000000e+00
7.700000000000000000e+01 8.611111111111111605e-01 1.388888888888888395e-01 0.000000000000000000e+00 8.726006747154693155e-01 4.736113539611251921e-01 0.000000000000000000e+00
7.800000000000000000e+01 8.722222222222222321e-01 1.277777777777777679e-01 0.000000000000000000e+00 8.704629710133253706e-01 4.369578248793510866e-01 0.000000000000000000e+00
7.900000000000000000e+01 8.833333333333333037e-01 1.166666666666666963e-01 0.000000000000000000e+00 8.643359967232583374e-01 3.942286057059535276e-01 0.000000000000000000e+00
8.000000000000000000e+01 8.944444444444444864e-01 1.055555555555555136e-01 0.000000000000000000e+00 8.559675267785228359e-01 3.465085387948558804e-01 0.000000000000000000e+00
8.100000000000000000e+01 9.055555555555555580e-01 9.444444444444444198e-02 0.000000000000000000e+00 8.473656886927442011e-01 2.955120763449532451e-01 0.000000000000000000e+00
8.200000000000000000e+01 9.166666666666666297e-01 8.333333333333337034e-02 0.000000000000000000e+00 8.401269631744699984e-01 2.434271766354250133e-01 0.000000000000000000e+00
8.300000000000000000e+01 9.277777777777778123e-01 7.222222222222218768e-02 0.000000000000000000e+00 8.350165948168172259e-01 1.926176234873912263e-01 0.000000000000000000e+00
8.400000000000000000e+01 9.388888888888888840e-01 6.111111111111111605e-02 0.000000000000000000e+00 8.319216048348796466e-01 1.452846386555073921e-01 0.000000000000000000e+00
8.500000000000000000e+01 9.499999999999999556e-01 5.000000000000004441e-02 0.000000000000000000e+00 8.301173643089931886e-01 1.031964307058872710e-01 0.000000000000000000e+00
8.600000000000000000e+01 9.611111111111111382e-01 3.888888888888886175e-02 0.000000000000000000e+00 8.286750953662843644e-01 6.755747684050110446e-02 0.000000000000000000e+00
8.700000000000000000e+01 9.722222222222222099e-01 2.777777777777779011e-02 0.000000000000000000e+00 8.268268561043179421e-01 3.903054889171628239e-02 0.000000000000000000e+00
8.800000000000000000e+01 9.833333333333332815e-01 1.666666666666671848e-02 0.000000000000000000e+00 8.241743496160618410e-01 1.787207743678614902e-02 0.000000000000000000e+00
8.900000000000000000e+01 9.944444444444444642e-01 5.555555555555535818e-03 0.000000000000000000e+00 8.207208857375527522e-01 4.114080688978816701e-03 0.000000000000000000e+00

Residual energy after optimization is 0.00019616042305626381 C0x=0.574926602798501 C0z=0.8187812674140613 C0xz=1.0
Optimization procedure took 485.9557521343231 seconds