### PARAMETERS OF THE TIME EVOLUTION ### 
Total time tau = 30
Timestep dt = 1
P = tau/dt = 30
Number of Fourier coefficients Nc = 30

gamma(t) = t/T*(delta_t + \sum_i^Nc gamma_i*f_i(wi, t) 
beta(t) = (1-t/T)*(delta_t + \sum_i^Nc beta_i*f_i(wi, t)

CRAB coefficient   Cz_start// Cx_start// Cxz_start // pulses//  Cz_opt // Cx_opt // Cxz_opt  
0.000000000000000000e+00 0.000000000000000000e+00 0.000000000000000000e+00 6.475073621337597451e+00 1.587736427705922715e+01 4.087847776019780888e+00 -3.850209930507416445e+00
0.000000000000000000e+00 0.000000000000000000e+00 0.000000000000000000e+00 2.992045035857510360e+00 1.589577294934791318e+01 4.224477532764920440e+00 -3.727784639831293489e+00
0.000000000000000000e+00 0.000000000000000000e+00 0.000000000000000000e+00 1.095440255517942241e+01 -1.402594914097591072e+00 -4.106715132721721062e-01 -2.104235603505219543e-01
0.000000000000000000e+00 0.000000000000000000e+00 0.000000000000000000e+00 6.478666916081153637e+00 1.564552189062784038e+01 4.089206213417958757e+00 -2.688020396781723331e+00
0.000000000000000000e+00 0.000000000000000000e+00 0.000000000000000000e+00 2.728210927337639369e+00 7.110398715038833473e+00 1.287421657541182096e+00 -1.137418440178131895e+01
0.000000000000000000e+00 0.000000000000000000e+00 0.000000000000000000e+00 3.689764255773632318e+00 -3.387895693088444204e+01 -1.005069663136613478e+01 -1.064954919156808977e+01
0.000000000000000000e+00 0.000000000000000000e+00 0.000000000000000000e+00 5.801096702668189664e+00 -1.146233319419934205e+01 -6.853664788276107034e-01 3.917225707491370912e+01
0.000000000000000000e+00 0.000000000000000000e+00 0.000000000000000000e+00 1.835328225970684457e+01 -8.005815008897655075e-04 8.199513609506473791e-04 4.237136587135492964e-04
0.000000000000000000e+00 0.000000000000000000e+00 0.000000000000000000e+00 7.819223882206414622e+00 3.321946383015450266e+01 1.047157057946120418e+01 1.971681405359294459e+01
0.000000000000000000e+00 0.000000000000000000e+00 0.000000000000000000e+00 2.538771392741759225e+00 -9.750060607737374596e+00 -2.945610280667803949e+00 -2.642197213642969000e+00
0.000000000000000000e+00 0.000000000000000000e+00 0.000000000000000000e+00 1.573867797564107462e+01 -1.147519316934423640e-03 2.319276662709144612e-04 7.114134530903532547e-04
0.000000000000000000e+00 0.000000000000000000e+00 0.000000000000000000e+00 5.948890774807585657e+00 -1.899587916059672033e+00 -3.469557529598685353e+00 -4.717236579819486764e+01
0.000000000000000000e+00 0.000000000000000000e+00 0.000000000000000000e+00 1.047536780241482823e+01 -1.077533474121518342e+00 -3.156661340755865797e-01 -1.859767715303158320e-01
0.000000000000000000e+00 0.000000000000000000e+00 0.000000000000000000e+00 1.422374890499191080e+00 2.644937282272068302e+01 6.093156238078607956e+00 -2.536796137452944322e+01
0.000000000000000000e+00 0.000000000000000000e+00 0.000000000000000000e+00 3.291483350270988595e+00 -3.850072433802127936e+00 -3.443297073794062690e-01 1.175044476137315641e+01
0.000000000000000000e+00 0.000000000000000000e+00 0.000000000000000000e+00 8.386697508058347239e+00 3.753218730211233378e+01 1.151365600193770433e+01 1.512329029933579072e+01
0.000000000000000000e+00 0.000000000000000000e+00 0.000000000000000000e+00 2.733591893951146545e+00 7.511141361006354877e+00 1.397371040221732530e+00 -1.143946991237726785e+01
0.000000000000000000e+00 0.000000000000000000e+00 0.000000000000000000e+00 6.761599937874438915e+00 -1.261061756112625609e+01 -6.072371124982380852e-01 4.528466587847240987e+01
0.000000000000000000e+00 0.000000000000000000e+00 0.000000000000000000e+00 2.946070037126967467e+00 1.618017930237610003e+01 4.152954744431307965e+00 -6.343384044778747288e+00
0.000000000000000000e+00 0.000000000000000000e+00 0.000000000000000000e+00 2.442393947941239762e+00 -1.849008785673195021e+01 -4.924188988802068678e+00 5.504978779324524396e+00
0.000000000000000000e+00 0.000000000000000000e+00 0.000000000000000000e+00 1.082086362686881031e+01 2.278150701715275339e+00 6.706570602396886294e-01 3.546527800668248798e-01
0.000000000000000000e+00 0.000000000000000000e+00 0.000000000000000000e+00 4.139637819028081367e+00 2.199468594632238450e+01 5.959691358267688699e+00 -2.376494571247895760e+00
0.000000000000000000e+00 0.000000000000000000e+00 0.000000000000000000e+00 1.671444748220681475e+01 -2.024036088004083946e-03 -5.338196232508410658e-04 5.487639813485256255e-04
0.000000000000000000e+00 0.000000000000000000e+00 0.000000000000000000e+00 8.251669883085945401e+00 -5.892196406513547657e+01 -1.816013874008664430e+01 -2.566355546317758041e+01
0.000000000000000000e+00 0.000000000000000000e+00 0.000000000000000000e+00 3.094288288300514056e-01 -2.484699927921485241e+01 -5.527885965283871883e+00 1.640652797926896866e+01
0.000000000000000000e+00 0.000000000000000000e+00 0.000000000000000000e+00 2.133791876100275431e+01 -1.753159879112287046e-04 -1.483865381308783170e-04 -9.044522066048140199e-05
0.000000000000000000e+00 0.000000000000000000e+00 0.000000000000000000e+00 3.310617960340926480e+00 -5.814718490070903023e+00 -8.756688189235128927e-01 1.203262352487939602e+01
0.000000000000000000e+00 0.000000000000000000e+00 0.000000000000000000e+00 1.877260091119900665e+00 -1.691370758147338549e+01 -3.196080956462996614e+00 2.808395739319952966e+01
0.000000000000000000e+00 0.000000000000000000e+00 0.000000000000000000e+00 7.083810492327340391e+00 -2.004945535309862592e+01 -7.931245167612814839e+00 -3.845242240589398364e+01
0.000000000000000000e+00 0.000000000000000000e+00 0.000000000000000000e+00 3.195897228322602146e+00 5.157715134408952906e+00 1.972367616973327964e+00 8.510797689790354781e+00

Amplitudes vs time: t // theta_tt_old // theta_mt_old // alpha_cdt_old// theta_tt_opt // theta_mt_opt// alpha_cdt_opt  
0.000000000000000000e+00 1.666666666666666644e-02 9.833333333333332815e-01 0.000000000000000000e+00 2.017787099670664483e-02 9.281334169679901214e-01 7.916618590263624355e-02
1.000000000000000000e+00 5.000000000000000278e-02 9.499999999999999556e-01 0.000000000000000000e+00 7.985917249539389862e-02 7.813105795307756507e-01 1.981981324294110891e-01
2.000000000000000000e+00 8.333333333333332871e-02 9.166666666666666297e-01 0.000000000000000000e+00 1.852457171912990919e-01 7.329298138896186421e-01 2.705666757595963645e-01
3.000000000000000000e+00 1.166666666666666685e-01 8.833333333333333037e-01 0.000000000000000000e+00 2.762149533562742731e-01 6.365198529176050446e-01 3.140333499640561854e-01
4.000000000000000000e+00 1.499999999999999944e-01 8.499999999999999778e-01 0.000000000000000000e+00 3.262369686532011759e-01 5.249733309829480721e-01 3.405557898295832331e-01
5.000000000000000000e+00 1.833333333333333204e-01 8.166666666666666519e-01 0.000000000000000000e+00 3.480950214547496868e-01 4.278003130325201409e-01 3.593398011262678438e-01
6.000000000000000000e+00 2.166666666666666741e-01 7.833333333333333259e-01 0.000000000000000000e+00 3.606847066230383092e-01 3.498396847457855285e-01 3.761400626213315945e-01
7.000000000000000000e+00 2.500000000000000000e-01 7.500000000000000000e-01 0.000000000000000000e+00 3.751768279333648759e-01 2.848411979414282591e-01 3.935605030179516461e-01
8.000000000000000000e+00 2.833333333333333259e-01 7.166666666666666741e-01 0.000000000000000000e+00 3.976019171090271476e-01 2.282423165087095751e-01 4.120304769290896729e-01
9.000000000000000000e+00 3.166666666666666519e-01 6.833333333333333481e-01 0.000000000000000000e+00 4.276125382288244459e-01 1.845474249525440591e-01 4.334462570829762385e-01
1.000000000000000000e+01 3.499999999999999778e-01 6.500000000000000222e-01 0.000000000000000000e+00 4.570306416858533893e-01 1.587212538987051169e-01 4.600743588752749247e-01
1.100000000000000000e+01 3.833333333333333592e-01 6.166666666666666963e-01 0.000000000000000000e+00 4.787911672466000912e-01 1.482417010628038212e-01 4.891553196572324680e-01
1.200000000000000000e+01 4.166666666666666852e-01 5.833333333333332593e-01 0.000000000000000000e+00 4.924326979013344818e-01 1.484853720800085597e-01 5.136430403552925128e-01
1.300000000000000000e+01 4.500000000000000111e-01 5.500000000000000444e-01 0.000000000000000000e+00 4.990322591313398060e-01 1.564209791625982282e-01 5.302066081664946751e-01
1.400000000000000000e+01 4.833333333333333370e-01 5.166666666666666075e-01 0.000000000000000000e+00 4.982184232310122862e-01 1.670150637860002840e-01 5.403548400393773932e-01
1.500000000000000000e+01 5.166666666666667185e-01 4.833333333333332815e-01 0.000000000000000000e+00 4.931984036866022270e-01 1.772960101022085788e-01 5.443447419965892209e-01
1.600000000000000000e+01 5.500000000000000444e-01 4.499999999999999556e-01 0.000000000000000000e+00 4.965251086190286545e-01 1.914908708268754922e-01 5.410360711219084351e-01
1.700000000000000000e+01 5.833333333333333703e-01 4.166666666666666297e-01 0.000000000000000000e+00 5.213611962640105624e-01 2.106550919135539157e-01 5.300741218397284626e-01
1.800000000000000000e+01 6.166666666666666963e-01 3.833333333333333037e-01 0.000000000000000000e+00 5.658950102105763103e-01 2.261346504981088801e-01 5.118921979385167020e-01
1.900000000000000000e+01 6.500000000000000222e-01 3.499999999999999778e-01 0.000000000000000000e+00 6.197777824961704374e-01 2.296498249575274486e-01 4.883767646955838870e-01
2.000000000000000000e+01 6.833333333333333481e-01 3.166666666666666519e-01 0.000000000000000000e+00 6.789361139913733245e-01 2.188722380522569455e-01 4.607733789886836462e-01
2.100000000000000000e+01 7.166666666666666741e-01 2.833333333333333259e-01 0.000000000000000000e+00 7.388340090784457637e-01 1.961081029406495646e-01 4.295944722050286657e-01
2.200000000000000000e+01 7.500000000000000000e-01 2.500000000000000000e-01 0.000000000000000000e+00 7.878563112880168084e-01 1.687158351345827700e-01 3.953342781471924638e-01
2.300000000000000000e+01 7.833333333333333259e-01 2.166666666666666741e-01 0.000000000000000000e+00 8.212229409055765705e-01 1.439877771964722386e-01 3.515600967258292187e-01
2.400000000000000000e+01 8.166666666666666519e-01 1.833333333333333481e-01 0.000000000000000000e+00 8.474887171574845279e-01 1.234001489806001023e-01 2.895929273442785501e-01
2.500000000000000000e+01 8.499999999999999778e-01 1.500000000000000222e-01 0.000000000000000000e+00 8.738935687049594891e-01 1.047742325320755730e-01 2.155504877508160888e-01
2.600000000000000000e+01 8.833333333333333037e-01 1.166666666666666963e-01 0.000000000000000000e+00 9.016012409033093977e-01 8.524014516992595158e-02 1.447076231681876379e-01
2.700000000000000000e+01 9.166666666666666297e-01 8.333333333333337034e-02 0.000000000000000000e+00 9.329366847290332387e-01 6.260560754272680162e-02 8.461675562162795927e-02
2.800000000000000000e+01 9.499999999999999556e-01 5.000000000000004441e-02 0.000000000000000000e+00 9.568677918042931552e-01 3.730158536548532078e-02 3.875669491895905594e-02
2.900000000000000000e+01 9.833333333333332815e-01 1.666666666666671848e-02 0.000000000000000000e+00 9.481297312621277396e-01 1.194253415519051092e-02 1.002677010377794886e-02

Residual energy after optimization is 3.567582905950368e-05 C0x=0.697073560776706 C0z=0.9317934005028057 C0xz=1.0
Optimization procedure took 129.9796178340912 seconds