### PARAMETERS OF THE TIME EVOLUTION ### 
Total time tau = 63
Timestep dt = 1
P = tau/dt = 63
Number of Fourier coefficients Nc = 63

gamma(t) = t/T*(delta_t + \sum_i^Nc gamma_i*f_i(wi, t) 
beta(t) = (1-t/T)*(delta_t + \sum_i^Nc beta_i*f_i(wi, t)

CRAB coefficient   Cz_start// Cx_start// Cxz_start // pulses//  Cz_opt // Cx_opt // Cxz_opt  
0.000000000000000000e+00 0.000000000000000000e+00 0.000000000000000000e+00 6.998033786365711606e+00 4.092691751227399521e+01 -4.169670396495432030e+00 0.000000000000000000e+00
0.000000000000000000e+00 0.000000000000000000e+00 0.000000000000000000e+00 2.075964846298663513e+00 2.248042816407058453e+01 2.779211300512321792e+00 0.000000000000000000e+00
0.000000000000000000e+00 0.000000000000000000e+00 0.000000000000000000e+00 3.103567227114715887e+00 -3.999272798958857322e+01 -1.063335296649307926e+00 0.000000000000000000e+00
0.000000000000000000e+00 0.000000000000000000e+00 0.000000000000000000e+00 7.637864306697177419e+00 -3.204539053236418766e+01 4.593522060038330856e+00 0.000000000000000000e+00
0.000000000000000000e+00 0.000000000000000000e+00 0.000000000000000000e+00 9.896914882461583574e+00 2.991782329359629600e+01 -5.268715608119524774e+00 0.000000000000000000e+00
0.000000000000000000e+00 0.000000000000000000e+00 0.000000000000000000e+00 1.758811970552453641e+00 4.719380325464318793e-02 1.996586496097915830e+00 0.000000000000000000e+00
0.000000000000000000e+00 0.000000000000000000e+00 0.000000000000000000e+00 7.377058322063280826e+00 2.296763880179382156e+01 -1.528401872353402347e+01 0.000000000000000000e+00
0.000000000000000000e+00 0.000000000000000000e+00 0.000000000000000000e+00 4.148641440978281913e+00 7.886116557469975419e+00 -5.723741583800303623e+00 0.000000000000000000e+00
0.000000000000000000e+00 0.000000000000000000e+00 0.000000000000000000e+00 3.928301805124687629e+00 2.797423391849119056e+01 -7.611227198306179664e-01 0.000000000000000000e+00
0.000000000000000000e+00 0.000000000000000000e+00 0.000000000000000000e+00 1.009139213476501762e-01 1.146859884384407202e+01 2.243021823901961032e+00 0.000000000000000000e+00
0.000000000000000000e+00 0.000000000000000000e+00 0.000000000000000000e+00 3.233983849444709513e+00 -2.823904431622503708e+01 2.566052892838298849e+00 0.000000000000000000e+00
0.000000000000000000e+00 0.000000000000000000e+00 0.000000000000000000e+00 2.009002981250135544e+00 2.052646776976832044e+01 3.341242291214837845e+00 0.000000000000000000e+00
0.000000000000000000e+00 0.000000000000000000e+00 0.000000000000000000e+00 2.069117151013247558e+00 2.236682162626765802e+01 2.854375805172697067e+00 0.000000000000000000e+00
0.000000000000000000e+00 0.000000000000000000e+00 0.000000000000000000e+00 1.089876892616098480e+01 -3.080316378627550833e+01 3.144600397596086339e+01 0.000000000000000000e+00
0.000000000000000000e+00 0.000000000000000000e+00 0.000000000000000000e+00 7.415578402044061823e-01 1.186874423097813924e+01 9.290796011499283802e-01 0.000000000000000000e+00
0.000000000000000000e+00 0.000000000000000000e+00 0.000000000000000000e+00 9.038714897398671511e+00 -1.129396875852535054e+01 -5.199615162922534672e+00 0.000000000000000000e+00
0.000000000000000000e+00 0.000000000000000000e+00 0.000000000000000000e+00 8.663684114166401995e-02 9.906702289217360402e+00 1.939715107544642159e+00 0.000000000000000000e+00
0.000000000000000000e+00 0.000000000000000000e+00 0.000000000000000000e+00 1.999446901191258341e+00 2.009903545944902348e+01 3.389545977873318350e+00 0.000000000000000000e+00
0.000000000000000000e+00 0.000000000000000000e+00 0.000000000000000000e+00 2.008343425531661453e+01 -5.611440017596004172e-03 1.472653342177300583e-03 0.000000000000000000e+00
0.000000000000000000e+00 0.000000000000000000e+00 0.000000000000000000e+00 7.078261261911222846e+00 4.624266082825707969e+01 -9.224991773434627618e+00 0.000000000000000000e+00
0.000000000000000000e+00 0.000000000000000000e+00 0.000000000000000000e+00 6.179916606322683137e+00 -4.408549628220544037e+01 -2.729742478106166992e+00 0.000000000000000000e+00
0.000000000000000000e+00 0.000000000000000000e+00 0.000000000000000000e+00 6.902072444623436276e+00 2.908267485847196099e+01 2.142200564386724793e+00 0.000000000000000000e+00
0.000000000000000000e+00 0.000000000000000000e+00 0.000000000000000000e+00 3.664131659919046324e+00 2.373512932918623619e+01 5.638053721587906963e+00 0.000000000000000000e+00
0.000000000000000000e+00 0.000000000000000000e+00 0.000000000000000000e+00 1.347675622505279280e+00 -3.424081849697722646e+01 -5.526969883274869488e+00 0.000000000000000000e+00
0.000000000000000000e+00 0.000000000000000000e+00 0.000000000000000000e+00 2.631602273243886181e+00 -2.195068834641926614e+01 -7.501999705098343796e+00 0.000000000000000000e+00
0.000000000000000000e+00 0.000000000000000000e+00 0.000000000000000000e+00 5.076655199382216210e+00 3.057526531363468525e+00 1.101397405480352631e+01 0.000000000000000000e+00
0.000000000000000000e+00 0.000000000000000000e+00 0.000000000000000000e+00 1.102461940199443546e+01 3.625149904833906334e+01 -1.916962508788172315e+01 0.000000000000000000e+00
0.000000000000000000e+00 0.000000000000000000e+00 0.000000000000000000e+00 2.045671473514614291e+01 -2.521307245972948040e-04 -1.058666632228911575e-03 0.000000000000000000e+00
0.000000000000000000e+00 0.000000000000000000e+00 0.000000000000000000e+00 4.278413642741857537e+00 -8.955011660922425065e+00 -6.476860653786577160e+00 0.000000000000000000e+00
0.000000000000000000e+00 0.000000000000000000e+00 0.000000000000000000e+00 7.695950832862362034e+00 -4.332283379950305147e+01 1.134826288066612676e+01 0.000000000000000000e+00
0.000000000000000000e+00 0.000000000000000000e+00 0.000000000000000000e+00 5.700901576026028650e+00 2.766919628777598206e+01 -1.239275253145316924e+01 0.000000000000000000e+00
0.000000000000000000e+00 0.000000000000000000e+00 0.000000000000000000e+00 1.904955768495717905e+01 -3.147648464093670898e-03 -1.703447211564597299e-03 0.000000000000000000e+00
0.000000000000000000e+00 0.000000000000000000e+00 0.000000000000000000e+00 1.647747705690292275e+00 -1.210845697681117805e+01 1.894890159322846698e-02 0.000000000000000000e+00
0.000000000000000000e+00 0.000000000000000000e+00 0.000000000000000000e+00 9.171481557516495187e+00 -6.244072346394136019e+01 2.566469878112587466e+01 0.000000000000000000e+00
0.000000000000000000e+00 0.000000000000000000e+00 0.000000000000000000e+00 2.457612318321405365e+00 -7.118339528419185269e-01 -4.880949089759883286e+00 0.000000000000000000e+00
0.000000000000000000e+00 0.000000000000000000e+00 0.000000000000000000e+00 5.628544983594201412e+00 3.538527409489466891e+01 -1.006898361649340146e+01 0.000000000000000000e+00
0.000000000000000000e+00 0.000000000000000000e+00 0.000000000000000000e+00 4.164439103687685773e+00 5.914601004503659887e+00 -5.924186351690459595e+00 0.000000000000000000e+00
0.000000000000000000e+00 0.000000000000000000e+00 0.000000000000000000e+00 8.839928101183188724e-01 -4.834045486317799956e+00 -2.392093430717117108e+00 0.000000000000000000e+00
0.000000000000000000e+00 0.000000000000000000e+00 0.000000000000000000e+00 1.555214958471281328e+00 -2.149723531934679244e+01 -1.887681179632133555e+00 0.000000000000000000e+00
0.000000000000000000e+00 0.000000000000000000e+00 0.000000000000000000e+00 1.712887972385146540e+01 -7.249394780267755939e-03 -3.450069436751613226e-03 0.000000000000000000e+00
0.000000000000000000e+00 0.000000000000000000e+00 0.000000000000000000e+00 4.701416915794585094e+00 -3.748072400131474069e+01 4.036186715683787618e+00 0.000000000000000000e+00
0.000000000000000000e+00 0.000000000000000000e+00 0.000000000000000000e+00 1.359865276321191097e+01 2.742513594194190052e+00 -2.498874301306859280e-01 0.000000000000000000e+00
0.000000000000000000e+00 0.000000000000000000e+00 0.000000000000000000e+00 6.410476568607587744e+00 -4.735064365738615777e+01 9.406185159430931364e+00 0.000000000000000000e+00
0.000000000000000000e+00 0.000000000000000000e+00 0.000000000000000000e+00 4.319248179031299983e+00 -1.421480419823313923e+01 -6.266511605797080442e+00 0.000000000000000000e+00
0.000000000000000000e+00 0.000000000000000000e+00 0.000000000000000000e+00 6.567862553880019050e+00 -2.983347727887501932e+01 1.332141286553695458e+01 0.000000000000000000e+00
0.000000000000000000e+00 0.000000000000000000e+00 0.000000000000000000e+00 3.747773795772256555e+00 2.871593589883553577e+01 4.027163387232631564e+00 0.000000000000000000e+00
0.000000000000000000e+00 0.000000000000000000e+00 0.000000000000000000e+00 1.910673250051641459e+00 1.453453850745892595e+01 3.445870585690086418e+00 0.000000000000000000e+00
0.000000000000000000e+00 0.000000000000000000e+00 0.000000000000000000e+00 1.074880227696381496e+01 -1.299166437804626639e+01 -1.193918581259737621e+01 0.000000000000000000e+00
0.000000000000000000e+00 0.000000000000000000e+00 0.000000000000000000e+00 1.556298482447907894e+01 2.231176463990876019e-04 -1.929131962149890911e-02 0.000000000000000000e+00
0.000000000000000000e+00 0.000000000000000000e+00 0.000000000000000000e+00 4.735036600398069062e+00 -3.617298737573835865e+01 5.223555404566761595e+00 0.000000000000000000e+00
0.000000000000000000e+00 0.000000000000000000e+00 0.000000000000000000e+00 7.603867770109931534e+00 -2.487903805520726763e+01 8.824245596597071195e-01 0.000000000000000000e+00
0.000000000000000000e+00 0.000000000000000000e+00 0.000000000000000000e+00 1.175678514671661468e+01 -2.296548799135644803e+00 5.298895432070023226e-01 0.000000000000000000e+00
0.000000000000000000e+00 0.000000000000000000e+00 0.000000000000000000e+00 8.470572492883453819e+00 3.701413215756721087e+01 8.930218483820956621e+00 0.000000000000000000e+00
0.000000000000000000e+00 0.000000000000000000e+00 0.000000000000000000e+00 3.534538220811330067e+00 1.064518497280343645e+01 6.771826720233527830e+00 0.000000000000000000e+00
0.000000000000000000e+00 0.000000000000000000e+00 0.000000000000000000e+00 8.847091950302313990e+00 4.673564774866814986e+01 -2.689124518017268883e+01 0.000000000000000000e+00
0.000000000000000000e+00 0.000000000000000000e+00 0.000000000000000000e+00 7.547269821116361355e-01 1.040966161322748107e+01 6.227812883048620130e-01 0.000000000000000000e+00
0.000000000000000000e+00 0.000000000000000000e+00 0.000000000000000000e+00 2.697269119696338313e-01 2.643144895376205028e+01 5.038625776082591656e+00 0.000000000000000000e+00
0.000000000000000000e+00 0.000000000000000000e+00 0.000000000000000000e+00 3.173126737274555853e-01 2.901119130173073302e+01 5.460383190987044166e+00 0.000000000000000000e+00
0.000000000000000000e+00 0.000000000000000000e+00 0.000000000000000000e+00 5.286541614120190857e+00 3.141827333948329937e+01 5.687091750723762829e+00 0.000000000000000000e+00
0.000000000000000000e+00 0.000000000000000000e+00 0.000000000000000000e+00 2.493273193830446210e+00 -4.994806116174268951e+00 -5.584658400132621381e+00 0.000000000000000000e+00
0.000000000000000000e+00 0.000000000000000000e+00 0.000000000000000000e+00 1.362840532787167369e+01 -2.651773738111256939e+00 2.174861759472654643e-01 0.000000000000000000e+00
0.000000000000000000e+00 0.000000000000000000e+00 0.000000000000000000e+00 1.327967913479285222e+00 -3.461560515577828312e+01 -5.750098022482323046e+00 0.000000000000000000e+00
0.000000000000000000e+00 0.000000000000000000e+00 0.000000000000000000e+00 1.853200429133428750e+00 9.621014228039662441e+00 3.110814638635394314e+00 0.000000000000000000e+00

Amplitudes vs time: t // theta_tt_old // theta_mt_old // alpha_cdt_old// theta_tt_opt // theta_mt_opt// alpha_cdt_opt  
0.000000000000000000e+00 7.936507936507936067e-03 9.920634920634920917e-01 0.000000000000000000e+00 1.178774640996842621e-01 7.431577593753446731e-01 0.000000000000000000e+00
1.000000000000000000e+00 2.380952380952380820e-02 9.761904761904761640e-01 0.000000000000000000e+00 3.236519114324176161e-01 7.309634582878361542e-01 0.000000000000000000e+00
2.000000000000000000e+00 3.968253968253968034e-02 9.603174603174603474e-01 0.000000000000000000e+00 4.773263739093864255e-01 7.357095829790398778e-01 0.000000000000000000e+00
3.000000000000000000e+00 5.555555555555555247e-02 9.444444444444444198e-01 0.000000000000000000e+00 5.851010130419053157e-01 7.365647051768282605e-01 0.000000000000000000e+00
4.000000000000000000e+00 7.142857142857142461e-02 9.285714285714286031e-01 0.000000000000000000e+00 6.583897822335011973e-01 7.339377808770470857e-01 0.000000000000000000e+00
5.000000000000000000e+00 8.730158730158729674e-02 9.126984126984126755e-01 0.000000000000000000e+00 7.066744649930675193e-01 7.322664332843253909e-01 0.000000000000000000e+00
6.000000000000000000e+00 1.031746031746031689e-01 8.968253968253968589e-01 0.000000000000000000e+00 7.373892567049878943e-01 7.330268380919215954e-01 0.000000000000000000e+00
7.000000000000000000e+00 1.190476190476190410e-01 8.809523809523809312e-01 0.000000000000000000e+00 7.569533768488236891e-01 7.347548132291984446e-01 0.000000000000000000e+00
8.000000000000000000e+00 1.349206349206349131e-01 8.650793650793651146e-01 0.000000000000000000e+00 7.706197776945715727e-01 7.356497469545830725e-01 0.000000000000000000e+00
9.000000000000000000e+00 1.507936507936507853e-01 8.492063492063491870e-01 0.000000000000000000e+00 7.815929401898854545e-01 7.353433995133039636e-01 0.000000000000000000e+00
1.000000000000000000e+01 1.666666666666666574e-01 8.333333333333333703e-01 0.000000000000000000e+00 7.907998060925446326e-01 7.346603575086314564e-01 0.000000000000000000e+00
1.100000000000000000e+01 1.825396825396825295e-01 8.174603174603174427e-01 0.000000000000000000e+00 7.979265669591474319e-01 7.342451248573547140e-01 0.000000000000000000e+00
1.200000000000000000e+01 1.984126984126984017e-01 8.015873015873016261e-01 0.000000000000000000e+00 8.029941979782356798e-01 7.336526240797287546e-01 0.000000000000000000e+00
1.300000000000000000e+01 2.142857142857142738e-01 7.857142857142856984e-01 0.000000000000000000e+00 8.071436702607298619e-01 7.317526157511944351e-01 0.000000000000000000e+00
1.400000000000000000e+01 2.301587301587301460e-01 7.698412698412698818e-01 0.000000000000000000e+00 8.119757540353138570e-01 7.279625597199598230e-01 0.000000000000000000e+00
1.500000000000000000e+01 2.460317460317460181e-01 7.539682539682539542e-01 0.000000000000000000e+00 8.181235635915984350e-01 7.230761071671776286e-01 0.000000000000000000e+00
1.600000000000000000e+01 2.619047619047619180e-01 7.380952380952381375e-01 0.000000000000000000e+00 8.244992809142593915e-01 7.188568799514922780e-01 0.000000000000000000e+00
1.700000000000000000e+01 2.777777777777777901e-01 7.222222222222222099e-01 0.000000000000000000e+00 8.290983867569710064e-01 7.166850085492332267e-01 0.000000000000000000e+00
1.800000000000000000e+01 2.936507936507936622e-01 7.063492063492062822e-01 0.000000000000000000e+00 8.308059160887406591e-01 7.163863265823957605e-01 0.000000000000000000e+00
1.900000000000000000e+01 3.095238095238095344e-01 6.904761904761904656e-01 0.000000000000000000e+00 8.306230588319611918e-01 7.162455688732788373e-01 0.000000000000000000e+00
2.000000000000000000e+01 3.253968253968254065e-01 6.746031746031746490e-01 0.000000000000000000e+00 8.311103624099429599e-01 7.142494761247230040e-01 0.000000000000000000e+00
2.100000000000000000e+01 3.412698412698412787e-01 6.587301587301587213e-01 0.000000000000000000e+00 8.343692202954575698e-01 7.096290732740323515e-01 0.000000000000000000e+00
2.200000000000000000e+01 3.571428571428571508e-01 6.428571428571427937e-01 0.000000000000000000e+00 8.402169610226895013e-01 7.035456008465603706e-01 0.000000000000000000e+00
2.300000000000000000e+01 3.730158730158730229e-01 6.269841269841269771e-01 0.000000000000000000e+00 8.461214721343988110e-01 6.984252995520836560e-01 0.000000000000000000e+00
2.400000000000000000e+01 3.888888888888888951e-01 6.111111111111111605e-01 0.000000000000000000e+00 8.489766002298919645e-01 6.964410726431150556e-01 0.000000000000000000e+00
2.500000000000000000e+01 4.047619047619047672e-01 5.952380952380952328e-01 0.000000000000000000e+00 8.472283649755438795e-01 6.982102595388780530e-01 0.000000000000000000e+00
2.600000000000000000e+01 4.206349206349206393e-01 5.793650793650793052e-01 0.000000000000000000e+00 8.416158833662858996e-01 7.025550362325814202e-01 0.000000000000000000e+00
2.700000000000000000e+01 4.365079365079365115e-01 5.634920634920634885e-01 0.000000000000000000e+00 8.340737030008651409e-01 7.073887258854049120e-01 0.000000000000000000e+00
2.800000000000000000e+01 4.523809523809523836e-01 5.476190476190476719e-01 0.000000000000000000e+00 8.259471315311008865e-01 7.110407255515903691e-01 0.000000000000000000e+00
2.900000000000000000e+01 4.682539682539682557e-01 5.317460317460317443e-01 0.000000000000000000e+00 8.171121594697119406e-01 7.131073383075816619e-01 0.000000000000000000e+00
3.000000000000000000e+01 4.841269841269841279e-01 5.158730158730158166e-01 0.000000000000000000e+00 8.065153823590183180e-01 7.142965461090415857e-01 0.000000000000000000e+00
3.100000000000000000e+01 5.000000000000000000e-01 5.000000000000000000e-01 0.000000000000000000e+00 7.931814696930442610e-01 7.154117292728151556e-01 0.000000000000000000e+00
3.200000000000000000e+01 5.158730158730159276e-01 4.841269841269840724e-01 0.000000000000000000e+00 7.763791432434672402e-01 7.161544702671825968e-01 0.000000000000000000e+00
3.300000000000000000e+01 5.317460317460317443e-01 4.682539682539682557e-01 0.000000000000000000e+00 7.547702176980248812e-01 7.145318678583403305e-01 0.000000000000000000e+00
3.400000000000000000e+01 5.476190476190476719e-01 4.523809523809523281e-01 0.000000000000000000e+00 7.258135758302550755e-01 7.073156362617716297e-01 0.000000000000000000e+00
3.500000000000000000e+01 5.634920634920634885e-01 4.365079365079365115e-01 0.000000000000000000e+00 6.868501009631859944e-01 6.914301864864994540e-01 0.000000000000000000e+00
3.600000000000000000e+01 5.793650793650794162e-01 4.206349206349205838e-01 0.000000000000000000e+00 6.377600629084652084e-01 6.656418804532702183e-01 0.000000000000000000e+00
3.700000000000000000e+01 5.952380952380952328e-01 4.047619047619047672e-01 0.000000000000000000e+00 5.832149689038421680e-01 6.317240189178017218e-01 0.000000000000000000e+00
3.800000000000000000e+01 6.111111111111111605e-01 3.888888888888888395e-01 0.000000000000000000e+00 5.322496087351270555e-01 5.944745964835510543e-01 0.000000000000000000e+00
3.900000000000000000e+01 6.269841269841269771e-01 3.730158730158730229e-01 0.000000000000000000e+00 4.947468229377675608e-01 5.604749798887540546e-01 0.000000000000000000e+00
4.000000000000000000e+01 6.428571428571429047e-01 3.571428571428570953e-01 0.000000000000000000e+00 4.769885260640964741e-01 5.360575859505368745e-01 0.000000000000000000e+00
4.100000000000000000e+01 6.587301587301587213e-01 3.412698412698412787e-01 0.000000000000000000e+00 4.793760202589354424e-01 5.253170471577019995e-01 0.000000000000000000e+00
4.200000000000000000e+01 6.746031746031746490e-01 3.253968253968253510e-01 0.000000000000000000e+00 4.977641164986870148e-01 5.289680481876728457e-01 0.000000000000000000e+00
4.300000000000000000e+01 6.904761904761904656e-01 3.095238095238095344e-01 0.000000000000000000e+00 5.269488806055888652e-01 5.444409251484476631e-01 0.000000000000000000e+00
4.400000000000000000e+01 7.063492063492063933e-01 2.936507936507936067e-01 0.000000000000000000e+00 5.632751085617917486e-01 5.670296107174800371e-01 0.000000000000000000e+00
4.500000000000000000e+01 7.222222222222222099e-01 2.777777777777777901e-01 0.000000000000000000e+00 6.045049968749406366e-01 5.914655235024184332e-01 0.000000000000000000e+00
4.600000000000000000e+01 7.380952380952381375e-01 2.619047619047618625e-01 0.000000000000000000e+00 6.478835491305139360e-01 6.132028060183760676e-01 0.000000000000000000e+00
4.700000000000000000e+01 7.539682539682539542e-01 2.460317460317460458e-01 0.000000000000000000e+00 6.890632234031612846e-01 6.289809129467633930e-01 0.000000000000000000e+00
4.800000000000000000e+01 7.698412698412698818e-01 2.301587301587301182e-01 0.000000000000000000e+00 7.235129904654977739e-01 6.366926388265193859e-01 0.000000000000000000e+00
4.900000000000000000e+01 7.857142857142856984e-01 2.142857142857143016e-01 0.000000000000000000e+00 7.492321458674825463e-01 6.349520098914489541e-01 0.000000000000000000e+00
5.000000000000000000e+01 8.015873015873016261e-01 1.984126984126983739e-01 0.000000000000000000e+00 7.678555254202800162e-01 6.228222781694724430e-01 0.000000000000000000e+00
5.100000000000000000e+01 8.174603174603174427e-01 1.825396825396825573e-01 0.000000000000000000e+00 7.825184397669968650e-01 5.999168487774534375e-01 0.000000000000000000e+00
5.200000000000000000e+01 8.333333333333333703e-01 1.666666666666666297e-01 0.000000000000000000e+00 7.941468214338551768e-01 5.667122179113956992e-01 0.000000000000000000e+00
5.300000000000000000e+01 8.492063492063491870e-01 1.507936507936508130e-01 0.000000000000000000e+00 7.999321761672484321e-01 5.246831567487125758e-01 0.000000000000000000e+00
5.400000000000000000e+01 8.650793650793651146e-01 1.349206349206348854e-01 0.000000000000000000e+00 7.962300747206912943e-01 4.759642572928181048e-01 0.000000000000000000e+00
5.500000000000000000e+01 8.809523809523809312e-01 1.190476190476190688e-01 0.000000000000000000e+00 7.839262812273052328e-01 4.226106906538779628e-01 0.000000000000000000e+00
5.600000000000000000e+01 8.968253968253968589e-01 1.031746031746031411e-01 0.000000000000000000e+00 7.712435610702012001e-01 3.659119573448976759e-01 0.000000000000000000e+00
5.700000000000000000e+01 9.126984126984126755e-01 8.730158730158732450e-02 0.000000000000000000e+00 7.702924352451693268e-01 3.062976414606752851e-01 0.000000000000000000e+00
5.800000000000000000e+01 9.285714285714286031e-01 7.142857142857139685e-02 0.000000000000000000e+00 7.888792723985343924e-01 2.440397216436800965e-01 0.000000000000000000e+00
5.900000000000000000e+01 9.444444444444444198e-01 5.555555555555558023e-02 0.000000000000000000e+00 8.238460356600130208e-01 1.803857341078769494e-01 0.000000000000000000e+00
6.000000000000000000e+01 9.603174603174603474e-01 3.968253968253965258e-02 0.000000000000000000e+00 8.620086412342878868e-01 1.183478683323825192e-01 0.000000000000000000e+00
6.100000000000000000e+01 9.761904761904761640e-01 2.380952380952383596e-02 0.000000000000000000e+00 8.890745021681656368e-01 6.246052056838541366e-02 0.000000000000000000e+00
6.200000000000000000e+01 9.920634920634920917e-01 7.936507936507908312e-03 0.000000000000000000e+00 9.001661728112499983e-01 1.741286473505272367e-02 0.000000000000000000e+00

Residual energy after optimization is 0.0022180659063605747 C0x=1.9663331454063881 C0z=0.9019174078962744 C0xz=1.0
Optimization procedure took 506.91840982437134 seconds