### PARAMETERS OF THE TIME EVOLUTION ### 
Total time tau = 81
Timestep dt = 1
P = tau/dt = 81
Number of Fourier coefficients Nc = 81

gamma(t) = t/T*(delta_t + \sum_i^Nc gamma_i*f_i(wi, t) 
beta(t) = (1-t/T)*(delta_t + \sum_i^Nc beta_i*f_i(wi, t)

CRAB coefficient   Cz_start// Cx_start// Cxz_start // pulses//  Cz_opt // Cx_opt // Cxz_opt  
0.000000000000000000e+00 0.000000000000000000e+00 0.000000000000000000e+00 3.942154174598412553e+00 -8.769315032553866018e+00 -1.374890307607390483e+01 0.000000000000000000e+00
0.000000000000000000e+00 0.000000000000000000e+00 0.000000000000000000e+00 4.288900637579336816e+00 -4.194926685149725998e+00 5.573161559340321425e+00 0.000000000000000000e+00
0.000000000000000000e+00 0.000000000000000000e+00 0.000000000000000000e+00 1.670374600361836670e+01 7.113012566626013278e-02 -1.681511335088742135e-04 0.000000000000000000e+00
0.000000000000000000e+00 0.000000000000000000e+00 0.000000000000000000e+00 1.689497526227241808e+00 3.036270406600335647e+00 7.682995255021806136e-01 0.000000000000000000e+00
0.000000000000000000e+00 0.000000000000000000e+00 0.000000000000000000e+00 8.434878080564423897e+00 1.066020029993977047e+01 -2.795511472050252966e+00 0.000000000000000000e+00
0.000000000000000000e+00 0.000000000000000000e+00 0.000000000000000000e+00 6.717388216559323943e+00 9.893631923094323710e+00 8.280693870604448392e+00 0.000000000000000000e+00
0.000000000000000000e+00 0.000000000000000000e+00 0.000000000000000000e+00 2.539312700729632777e+00 -7.050345234712631637e-01 4.241489358572292367e+00 0.000000000000000000e+00
0.000000000000000000e+00 0.000000000000000000e+00 0.000000000000000000e+00 2.676996015438684040e+00 2.749528734685486864e+00 1.045205953739677973e+01 0.000000000000000000e+00
0.000000000000000000e+00 0.000000000000000000e+00 0.000000000000000000e+00 3.256933673023459264e+00 7.715480281635621829e+00 3.244125019058860193e+00 0.000000000000000000e+00
0.000000000000000000e+00 0.000000000000000000e+00 0.000000000000000000e+00 2.013038948556964858e+00 -3.462626144835982522e+00 -1.025461252709051330e+01 0.000000000000000000e+00
0.000000000000000000e+00 0.000000000000000000e+00 0.000000000000000000e+00 2.425059211827332106e+01 1.648259237180606761e-03 -1.429167415560068249e-04 0.000000000000000000e+00
0.000000000000000000e+00 0.000000000000000000e+00 0.000000000000000000e+00 5.358616020850655914e+00 -3.940441577327726819e+00 -1.304754560130333196e+01 0.000000000000000000e+00
0.000000000000000000e+00 0.000000000000000000e+00 0.000000000000000000e+00 8.817466804334525676e+00 -2.007839066006830109e+01 -2.644488491532878172e+01 0.000000000000000000e+00
0.000000000000000000e+00 0.000000000000000000e+00 0.000000000000000000e+00 6.810948123632870832e+00 7.619034244743082773e+00 -2.480674924811065996e+00 0.000000000000000000e+00
0.000000000000000000e+00 0.000000000000000000e+00 0.000000000000000000e+00 6.674513578291533022e+00 1.047237643911635452e+01 1.335636211141363816e+01 0.000000000000000000e+00
0.000000000000000000e+00 0.000000000000000000e+00 0.000000000000000000e+00 2.391385299929908115e+00 -3.619790015742826217e+00 -2.966838612222270299e+00 0.000000000000000000e+00
0.000000000000000000e+00 0.000000000000000000e+00 0.000000000000000000e+00 8.169441930848230227e-01 -4.391183090360083696e+00 -6.168878501877371079e+00 0.000000000000000000e+00
0.000000000000000000e+00 0.000000000000000000e+00 0.000000000000000000e+00 1.071183104841835032e+01 -1.276578490294509294e+01 7.501165940231285134e+00 0.000000000000000000e+00
0.000000000000000000e+00 0.000000000000000000e+00 0.000000000000000000e+00 1.193515596052358596e+01 -5.580933535038184345e+00 -1.793478034906857488e+01 0.000000000000000000e+00
0.000000000000000000e+00 0.000000000000000000e+00 0.000000000000000000e+00 1.692547935168525086e+01 -4.318629342956877698e-02 -2.112669486739197910e-02 0.000000000000000000e+00
0.000000000000000000e+00 0.000000000000000000e+00 0.000000000000000000e+00 1.224136562264020256e+01 -4.860224203929706022e+01 3.854794243563015499e+01 0.000000000000000000e+00
0.000000000000000000e+00 0.000000000000000000e+00 0.000000000000000000e+00 4.507992709253108465e+00 2.805936079388601012e+00 1.428013710290033167e+01 0.000000000000000000e+00
0.000000000000000000e+00 0.000000000000000000e+00 0.000000000000000000e+00 5.391202912403835867e+00 -5.215147775480105885e+00 -1.268448763280435365e+01 0.000000000000000000e+00
0.000000000000000000e+00 0.000000000000000000e+00 0.000000000000000000e+00 5.324016564280291242e+00 -2.562654372425821503e+00 -1.309516382305109161e+01 0.000000000000000000e+00
0.000000000000000000e+00 0.000000000000000000e+00 0.000000000000000000e+00 1.150949259297113336e+01 4.716389059871821843e+01 -1.922036459548871434e+01 0.000000000000000000e+00
0.000000000000000000e+00 0.000000000000000000e+00 0.000000000000000000e+00 2.357155024425003464e+00 -4.091635459569458177e+00 -4.473862401555604329e+00 0.000000000000000000e+00
0.000000000000000000e+00 0.000000000000000000e+00 0.000000000000000000e+00 2.186155109242237327e+00 -5.003571021875393043e+00 -9.832648387247536093e+00 0.000000000000000000e+00
0.000000000000000000e+00 0.000000000000000000e+00 0.000000000000000000e+00 1.076327006325099944e+01 -1.393154768369660168e+01 1.404037103079168425e+01 0.000000000000000000e+00
0.000000000000000000e+00 0.000000000000000000e+00 0.000000000000000000e+00 8.499193140054703832e+00 7.178056554814651768e+00 -9.725832579289090063e+00 0.000000000000000000e+00
0.000000000000000000e+00 0.000000000000000000e+00 0.000000000000000000e+00 1.056765761208591670e+00 1.907208662782315045e+00 6.221185580555099293e+00 0.000000000000000000e+00
0.000000000000000000e+00 0.000000000000000000e+00 0.000000000000000000e+00 1.474955712854576362e+01 -3.781857807160217688e-01 2.066487354473569779e-02 0.000000000000000000e+00
0.000000000000000000e+00 0.000000000000000000e+00 0.000000000000000000e+00 3.969027465257287446e+00 -8.874590134211256753e+00 -1.263426077340453624e+01 0.000000000000000000e+00
0.000000000000000000e+00 0.000000000000000000e+00 0.000000000000000000e+00 1.055090585249897295e+01 -2.941157291530408280e+00 -1.269171234933801173e+01 0.000000000000000000e+00
0.000000000000000000e+00 0.000000000000000000e+00 0.000000000000000000e+00 7.875122760392892829e+00 -5.743767653057527678e-01 3.195073092992464581e+01 0.000000000000000000e+00
0.000000000000000000e+00 0.000000000000000000e+00 0.000000000000000000e+00 5.019333017689529441e+00 7.625902748438889489e+00 -1.837653851911699832e+00 0.000000000000000000e+00
0.000000000000000000e+00 0.000000000000000000e+00 0.000000000000000000e+00 3.822715230199548841e+00 -7.357986975025323950e+00 -1.703017236683451330e+01 0.000000000000000000e+00
0.000000000000000000e+00 0.000000000000000000e+00 0.000000000000000000e+00 5.047017438168275305e-01 -9.235352944166457689e+00 -1.776380275278013343e+01 0.000000000000000000e+00
0.000000000000000000e+00 0.000000000000000000e+00 0.000000000000000000e+00 1.147000795960308350e+00 3.904170875096213855e+00 9.481282492889050673e+00 0.000000000000000000e+00
0.000000000000000000e+00 0.000000000000000000e+00 0.000000000000000000e+00 1.847926326841786926e+00 -3.442606706902534563e-01 -5.955345379830871977e+00 0.000000000000000000e+00
0.000000000000000000e+00 0.000000000000000000e+00 0.000000000000000000e+00 3.637437723613878404e+00 -2.769508108558339288e+00 -1.594592332268887169e+01 0.000000000000000000e+00
0.000000000000000000e+00 0.000000000000000000e+00 0.000000000000000000e+00 4.643194902403200430e+00 6.653279894073628853e+00 1.470828522472561417e+01 0.000000000000000000e+00
0.000000000000000000e+00 0.000000000000000000e+00 0.000000000000000000e+00 6.087383586274169867e-01 -8.461623510417192406e+00 -1.552601878151302373e+01 0.000000000000000000e+00
0.000000000000000000e+00 0.000000000000000000e+00 0.000000000000000000e+00 1.083928252238142420e+01 -1.347813237191257230e+01 2.266871683845124608e+01 0.000000000000000000e+00
0.000000000000000000e+00 0.000000000000000000e+00 0.000000000000000000e+00 2.118862070186158775e+01 3.740655258862868923e-03 -1.469333332180024123e-03 0.000000000000000000e+00
0.000000000000000000e+00 0.000000000000000000e+00 0.000000000000000000e+00 5.933621757972511013e+00 -1.091730881250996177e+01 2.815201362151881170e+01 0.000000000000000000e+00
0.000000000000000000e+00 0.000000000000000000e+00 0.000000000000000000e+00 2.328386461650918449e+00 -4.417484575595807428e+00 -5.651362391618313552e+00 0.000000000000000000e+00
0.000000000000000000e+00 0.000000000000000000e+00 0.000000000000000000e+00 7.566911301893537889e+00 -1.433251657148029956e+01 6.556220662723367454e+00 0.000000000000000000e+00
0.000000000000000000e+00 0.000000000000000000e+00 0.000000000000000000e+00 2.083377273982477185e+00 -4.360374242220397711e+00 -1.074270359639051087e+01 0.000000000000000000e+00
0.000000000000000000e+00 0.000000000000000000e+00 0.000000000000000000e+00 4.653828119785449857e+00 6.901647489259591595e+00 1.456207884877773218e+01 0.000000000000000000e+00
0.000000000000000000e+00 0.000000000000000000e+00 0.000000000000000000e+00 2.431537709345083176e+00 -2.958215961692132634e+00 -1.084418136390009391e+00 0.000000000000000000e+00
0.000000000000000000e+00 0.000000000000000000e+00 0.000000000000000000e+00 1.210234141987394096e+00 5.008572165981887814e+00 1.097432888155927699e+01 0.000000000000000000e+00
0.000000000000000000e+00 0.000000000000000000e+00 0.000000000000000000e+00 1.352216113313603252e+01 -3.970662107426393561e+01 1.125608805918401067e+01 0.000000000000000000e+00
0.000000000000000000e+00 0.000000000000000000e+00 0.000000000000000000e+00 1.022449294831780797e+01 2.391879184824309945e+01 -2.637697145797865872e+01 0.000000000000000000e+00
0.000000000000000000e+00 0.000000000000000000e+00 0.000000000000000000e+00 4.960649400747773718e+00 8.634005765116043563e+00 1.595287960818517314e+00 0.000000000000000000e+00
0.000000000000000000e+00 0.000000000000000000e+00 0.000000000000000000e+00 8.235884555939468887e-01 -4.223252448962875327e+00 -5.808672184872840205e+00 0.000000000000000000e+00
0.000000000000000000e+00 0.000000000000000000e+00 0.000000000000000000e+00 7.149910227601333546e+00 -7.398699871275174367e+00 -2.314969185677425045e+01 0.000000000000000000e+00
0.000000000000000000e+00 0.000000000000000000e+00 0.000000000000000000e+00 3.291257932527856145e+00 7.074737871782617482e+00 1.242804061640715663e+00 0.000000000000000000e+00
0.000000000000000000e+00 0.000000000000000000e+00 0.000000000000000000e+00 7.138544160570391206e+00 -6.875104783278240816e+00 -2.315258395577994577e+01 0.000000000000000000e+00
0.000000000000000000e+00 0.000000000000000000e+00 0.000000000000000000e+00 1.324674254620598735e+00 6.222678169310881025e+00 1.179258636342770927e+01 0.000000000000000000e+00
0.000000000000000000e+00 0.000000000000000000e+00 0.000000000000000000e+00 1.071473314393875675e+01 -1.286127988380400033e+01 7.877939985005034451e+00 0.000000000000000000e+00
0.000000000000000000e+00 0.000000000000000000e+00 0.000000000000000000e+00 9.679032733846849368e+00 -7.136101575076778669e-01 2.146925475601937094e+01 0.000000000000000000e+00
0.000000000000000000e+00 0.000000000000000000e+00 0.000000000000000000e+00 1.685245727587181275e+00 3.120729927720176544e+00 9.601962234434627819e-01 0.000000000000000000e+00
0.000000000000000000e+00 0.000000000000000000e+00 0.000000000000000000e+00 8.357305688125570953e+00 1.340967225740874191e+01 6.014685016941616169e+00 0.000000000000000000e+00
0.000000000000000000e+00 0.000000000000000000e+00 0.000000000000000000e+00 1.263961596541691002e+01 3.887834687317187132e+01 -1.946139249816178562e+01 0.000000000000000000e+00
0.000000000000000000e+00 0.000000000000000000e+00 0.000000000000000000e+00 7.159426076850898824e-01 -6.706605874471330608e+00 -1.130683431917771919e+01 0.000000000000000000e+00
0.000000000000000000e+00 0.000000000000000000e+00 0.000000000000000000e+00 5.355907373768177493e+00 -3.833166321882514271e+00 -1.306383533693882271e+01 0.000000000000000000e+00
0.000000000000000000e+00 0.000000000000000000e+00 0.000000000000000000e+00 2.841558145988809514e+00 6.645143128023047296e+00 1.475109110962695347e+01 0.000000000000000000e+00
0.000000000000000000e+00 0.000000000000000000e+00 0.000000000000000000e+00 9.563460771985186071e+00 -1.429156327984675379e+01 2.469260075514778663e+01 0.000000000000000000e+00
0.000000000000000000e+00 0.000000000000000000e+00 0.000000000000000000e+00 1.022519610252807354e+01 2.388155748545604240e+01 -2.640214627816909143e+01 0.000000000000000000e+00
0.000000000000000000e+00 0.000000000000000000e+00 0.000000000000000000e+00 1.248803596693270457e+00 5.537541303568277229e+00 1.152712855400222836e+01 0.000000000000000000e+00
0.000000000000000000e+00 0.000000000000000000e+00 0.000000000000000000e+00 2.656139814908923924e+00 2.212910488350694038e+00 9.619190554909968327e+00 0.000000000000000000e+00
0.000000000000000000e+00 0.000000000000000000e+00 0.000000000000000000e+00 2.135620416414257594e+00 -4.794166828817589376e+00 -1.052066671607510173e+01 0.000000000000000000e+00
0.000000000000000000e+00 0.000000000000000000e+00 0.000000000000000000e+00 2.651899031304281174e+00 2.103617837973660087e+00 9.444014337595646680e+00 0.000000000000000000e+00
0.000000000000000000e+00 0.000000000000000000e+00 0.000000000000000000e+00 1.146448343458259300e+00 3.893436928890297022e+00 9.465531814032495106e+00 0.000000000000000000e+00
0.000000000000000000e+00 0.000000000000000000e+00 0.000000000000000000e+00 1.605473421534547196e+00 4.564737226303926754e+00 4.480664842891446398e+00 0.000000000000000000e+00
0.000000000000000000e+00 0.000000000000000000e+00 0.000000000000000000e+00 4.395367711469762462e+00 -8.846919261705956661e-01 1.083406783643013327e+01 0.000000000000000000e+00
0.000000000000000000e+00 0.000000000000000000e+00 0.000000000000000000e+00 3.028714817544639892e+00 9.127923595209269436e+00 1.335584871472607738e+01 0.000000000000000000e+00
0.000000000000000000e+00 0.000000000000000000e+00 0.000000000000000000e+00 1.362916422762998891e+01 3.153187507513432664e+01 -8.364454808064033742e+00 0.000000000000000000e+00
0.000000000000000000e+00 0.000000000000000000e+00 0.000000000000000000e+00 1.504361819397019406e+00 5.871615282215078224e+00 8.338208904739671468e+00 0.000000000000000000e+00
0.000000000000000000e+00 0.000000000000000000e+00 0.000000000000000000e+00 2.288981915518651711e+00 -4.753360056665034250e+00 -7.104932499918737321e+00 0.000000000000000000e+00
0.000000000000000000e+00 0.000000000000000000e+00 0.000000000000000000e+00 1.974062333742001574e+00 -2.832125990551715322e+00 -9.609853868622497686e+00 0.000000000000000000e+00

Amplitudes vs time: t // theta_tt_old // theta_mt_old // alpha_cdt_old// theta_tt_opt // theta_mt_opt// alpha_cdt_opt  
0.000000000000000000e+00 6.172839506172839164e-03 9.938271604938271331e-01 0.000000000000000000e+00 9.644246452656707325e-02 7.272664172573402031e-01 0.000000000000000000e+00
1.000000000000000000e+00 1.851851851851851749e-02 9.814814814814815103e-01 0.000000000000000000e+00 2.677117715586536106e-01 7.023609859603034966e-01 0.000000000000000000e+00
2.000000000000000000e+00 3.086419753086419582e-02 9.691358024691357764e-01 0.000000000000000000e+00 4.104835116507887238e-01 7.091048718064242307e-01 0.000000000000000000e+00
3.000000000000000000e+00 4.320987654320987414e-02 9.567901234567901536e-01 0.000000000000000000e+00 5.221449058772466012e-01 7.204547370714718957e-01 0.000000000000000000e+00
4.000000000000000000e+00 5.555555555555555247e-02 9.444444444444444198e-01 0.000000000000000000e+00 6.035096655514499142e-01 7.289675801839399227e-01 0.000000000000000000e+00
5.000000000000000000e+00 6.790123456790123080e-02 9.320987654320987970e-01 0.000000000000000000e+00 6.600072640955876313e-01 7.336640123948978687e-01 0.000000000000000000e+00
6.000000000000000000e+00 8.024691358024690913e-02 9.197530864197530631e-01 0.000000000000000000e+00 6.991299867522894340e-01 7.355149261810379757e-01 0.000000000000000000e+00
7.000000000000000000e+00 9.259259259259258745e-02 9.074074074074074403e-01 0.000000000000000000e+00 7.273952047975549284e-01 7.362494506395390603e-01 0.000000000000000000e+00
8.000000000000000000e+00 1.049382716049382658e-01 8.950617283950617065e-01 0.000000000000000000e+00 7.487753097230920307e-01 7.377036317034618707e-01 0.000000000000000000e+00
9.000000000000000000e+00 1.172839506172839441e-01 8.827160493827160836e-01 0.000000000000000000e+00 7.649684352866210624e-01 7.410030321381277929e-01 0.000000000000000000e+00
1.000000000000000000e+01 1.296296296296296224e-01 8.703703703703703498e-01 0.000000000000000000e+00 7.767371620508209951e-01 7.459345054573064404e-01 0.000000000000000000e+00
1.100000000000000000e+01 1.419753086419753008e-01 8.580246913580247270e-01 0.000000000000000000e+00 7.851825614066623160e-01 7.509676970282117558e-01 0.000000000000000000e+00
1.200000000000000000e+01 1.543209876543209791e-01 8.456790123456789932e-01 0.000000000000000000e+00 7.921804806102727969e-01 7.539713365686597779e-01 0.000000000000000000e+00
1.300000000000000000e+01 1.666666666666666574e-01 8.333333333333333703e-01 0.000000000000000000e+00 7.999050231664621702e-01 7.532321511792566815e-01 0.000000000000000000e+00
1.400000000000000000e+01 1.790123456790123357e-01 8.209876543209876365e-01 0.000000000000000000e+00 8.099372571563350220e-01 7.482379390829499988e-01 0.000000000000000000e+00
1.500000000000000000e+01 1.913580246913580141e-01 8.086419753086420137e-01 0.000000000000000000e+00 8.226079509260358913e-01 7.398677201940866421e-01 0.000000000000000000e+00
1.600000000000000000e+01 2.037037037037036924e-01 7.962962962962962798e-01 0.000000000000000000e+00 8.369554092841212656e-01 7.299728461333337970e-01 0.000000000000000000e+00
1.700000000000000000e+01 2.160493827160493707e-01 7.839506172839506570e-01 0.000000000000000000e+00 8.512459277401711599e-01 7.206161399698189918e-01 0.000000000000000000e+00
1.800000000000000000e+01 2.283950617283950490e-01 7.716049382716049232e-01 0.000000000000000000e+00 8.637084073993225308e-01 7.133316075034018544e-01 0.000000000000000000e+00
1.900000000000000000e+01 2.407407407407407274e-01 7.592592592592593004e-01 0.000000000000000000e+00 8.731247869410467821e-01 7.086803767546433486e-01 0.000000000000000000e+00
2.000000000000000000e+01 2.530864197530864335e-01 7.469135802469135665e-01 0.000000000000000000e+00 8.791155354518827014e-01 7.062054271859058430e-01 0.000000000000000000e+00
2.100000000000000000e+01 2.654320987654321118e-01 7.345679012345678327e-01 0.000000000000000000e+00 8.821598810155141246e-01 7.047309834284559704e-01 0.000000000000000000e+00
2.200000000000000000e+01 2.777777777777777901e-01 7.222222222222222099e-01 0.000000000000000000e+00 8.834455746992565528e-01 7.028619506342855816e-01 0.000000000000000000e+00
2.300000000000000000e+01 2.901234567901234684e-01 7.098765432098765871e-01 0.000000000000000000e+00 8.845737507389130894e-01 6.995090135709798318e-01 0.000000000000000000e+00
2.400000000000000000e+01 3.024691358024691468e-01 6.975308641975308532e-01 0.000000000000000000e+00 8.870951977898346996e-01 6.942731734335703120e-01 0.000000000000000000e+00
2.500000000000000000e+01 3.148148148148148251e-01 6.851851851851851194e-01 0.000000000000000000e+00 8.919362808926533104e-01 6.875636554101443032e-01 0.000000000000000000e+00
2.600000000000000000e+01 3.271604938271605034e-01 6.728395061728394966e-01 0.000000000000000000e+00 8.989401144846153047e-01 6.804054524319337327e-01 0.000000000000000000e+00
2.700000000000000000e+01 3.395061728395061817e-01 6.604938271604938738e-01 0.000000000000000000e+00 9.068251373126379189e-01 6.740130157263830579e-01 0.000000000000000000e+00
2.800000000000000000e+01 3.518518518518518601e-01 6.481481481481481399e-01 0.000000000000000000e+00 9.137048207756411911e-01 6.693211567481550661e-01 0.000000000000000000e+00
2.900000000000000000e+01 3.641975308641975384e-01 6.358024691358024061e-01 0.000000000000000000e+00 9.179652826133823940e-01 6.667028850779079807e-01 0.000000000000000000e+00
3.000000000000000000e+01 3.765432098765432167e-01 6.234567901234567833e-01 0.000000000000000000e+00 9.190032812821601338e-01 6.660190538992768472e-01 0.000000000000000000e+00
3.100000000000000000e+01 3.888888888888888951e-01 6.111111111111111605e-01 0.000000000000000000e+00 9.173446774854187025e-01 6.669600643169512066e-01 0.000000000000000000e+00
3.200000000000000000e+01 4.012345679012345734e-01 5.987654320987654266e-01 0.000000000000000000e+00 9.140451654119607916e-01 6.694549405096834604e-01 0.000000000000000000e+00
3.300000000000000000e+01 4.135802469135802517e-01 5.864197530864196928e-01 0.000000000000000000e+00 9.097838144932601789e-01 6.738586253279811311e-01 0.000000000000000000e+00
3.400000000000000000e+01 4.259259259259259300e-01 5.740740740740740700e-01 0.000000000000000000e+00 9.043198752295127374e-01 6.807447537260816750e-01 0.000000000000000000e+00
3.500000000000000000e+01 4.382716049382716084e-01 5.617283950617284471e-01 0.000000000000000000e+00 8.967648666047960404e-01 6.903766535941716631e-01 0.000000000000000000e+00
3.600000000000000000e+01 4.506172839506172867e-01 5.493827160493827133e-01 0.000000000000000000e+00 8.865410411299647908e-01 7.021600428949585915e-01 0.000000000000000000e+00
3.700000000000000000e+01 4.629629629629629650e-01 5.370370370370369795e-01 0.000000000000000000e+00 8.743585157754578674e-01 7.144465703677022050e-01 0.000000000000000000e+00
3.800000000000000000e+01 4.753086419753086433e-01 5.246913580246913567e-01 0.000000000000000000e+00 8.624520865807618897e-01 7.248990467194491583e-01 0.000000000000000000e+00
3.900000000000000000e+01 4.876543209876543217e-01 5.123456790123457338e-01 0.000000000000000000e+00 8.537733936790390388e-01 7.313239361146294248e-01 0.000000000000000000e+00
4.000000000000000000e+01 5.000000000000000000e-01 5.000000000000000000e-01 0.000000000000000000e+00 8.505367458636839961e-01 7.325967753352268241e-01 0.000000000000000000e+00
4.100000000000000000e+01 5.123456790123457338e-01 4.876543209876542662e-01 0.000000000000000000e+00 8.529798821632870176e-01 7.292172196655878347e-01 0.000000000000000000e+00
4.200000000000000000e+01 5.246913580246913567e-01 4.753086419753086433e-01 0.000000000000000000e+00 8.590991681610158359e-01 7.231913672566425699e-01 0.000000000000000000e+00
4.300000000000000000e+01 5.370370370370370905e-01 4.629629629629629095e-01 0.000000000000000000e+00 8.655234226050083635e-01 7.172668216766382443e-01 0.000000000000000000e+00
4.400000000000000000e+01 5.493827160493827133e-01 4.506172839506172867e-01 0.000000000000000000e+00 8.690103386278476005e-01 7.138645884453683754e-01 0.000000000000000000e+00
4.500000000000000000e+01 5.617283950617284471e-01 4.382716049382715529e-01 0.000000000000000000e+00 8.677292120585892166e-01 7.141936999179987478e-01 0.000000000000000000e+00
4.600000000000000000e+01 5.740740740740740700e-01 4.259259259259259300e-01 0.000000000000000000e+00 8.617035502219145826e-01 7.179318637434399797e-01 0.000000000000000000e+00
4.700000000000000000e+01 5.864197530864198038e-01 4.135802469135801962e-01 0.000000000000000000e+00 8.523308147609988117e-01 7.235715413196200929e-01 0.000000000000000000e+00
4.800000000000000000e+01 5.987654320987654266e-01 4.012345679012345734e-01 0.000000000000000000e+00 8.413894653416921221e-01 7.292170506034560962e-01 0.000000000000000000e+00
4.900000000000000000e+01 6.111111111111111605e-01 3.888888888888888395e-01 0.000000000000000000e+00 8.301031404349812348e-01 7.334291726491587449e-01 0.000000000000000000e+00
5.000000000000000000e+01 6.234567901234567833e-01 3.765432098765432167e-01 0.000000000000000000e+00 8.186517819771106375e-01 7.357294812494159508e-01 0.000000000000000000e+00
5.100000000000000000e+01 6.358024691358025171e-01 3.641975308641974829e-01 0.000000000000000000e+00 8.062118733365637446e-01 7.365715204496507962e-01 0.000000000000000000e+00
5.200000000000000000e+01 6.481481481481481399e-01 3.518518518518518601e-01 0.000000000000000000e+00 7.913946437343770679e-01 7.368525936576491020e-01 0.000000000000000000e+00
5.300000000000000000e+01 6.604938271604938738e-01 3.395061728395061262e-01 0.000000000000000000e+00 7.728954775736701643e-01 7.372487556077198523e-01 0.000000000000000000e+00
5.400000000000000000e+01 6.728395061728394966e-01 3.271604938271605034e-01 0.000000000000000000e+00 7.501795545432479173e-01 7.377167106759014992e-01 0.000000000000000000e+00
5.500000000000000000e+01 6.851851851851852304e-01 3.148148148148147696e-01 0.000000000000000000e+00 7.240082213114368281e-01 7.374051275238729941e-01 0.000000000000000000e+00
5.600000000000000000e+01 6.975308641975308532e-01 3.024691358024691468e-01 0.000000000000000000e+00 6.965753283127055218e-01 7.350131432102505746e-01 0.000000000000000000e+00
5.700000000000000000e+01 7.098765432098765871e-01 2.901234567901234129e-01 0.000000000000000000e+00 6.710880108740496786e-01 7.294243800108828335e-01 0.000000000000000000e+00
5.800000000000000000e+01 7.222222222222222099e-01 2.777777777777777901e-01 0.000000000000000000e+00 6.508596478928694307e-01 7.203229267879797115e-01 0.000000000000000000e+00
5.900000000000000000e+01 7.345679012345679437e-01 2.654320987654320563e-01 0.000000000000000000e+00 6.382829663790152708e-01 7.085101286808881405e-01 0.000000000000000000e+00
6.000000000000000000e+01 7.469135802469135665e-01 2.530864197530864335e-01 0.000000000000000000e+00 6.341905068603544970e-01 6.957728331568548974e-01 0.000000000000000000e+00
6.100000000000000000e+01 7.592592592592593004e-01 2.407407407407406996e-01 0.000000000000000000e+00 6.379244331077678076e-01 6.843405846915124879e-01 0.000000000000000000e+00
6.200000000000000000e+01 7.716049382716049232e-01 2.283950617283950768e-01 0.000000000000000000e+00 6.480047334937247827e-01 6.761296980668353163e-01 0.000000000000000000e+00
6.300000000000000000e+01 7.839506172839506570e-01 2.160493827160493430e-01 0.000000000000000000e+00 6.629058747124941808e-01 6.720442690840005007e-01 0.000000000000000000e+00
6.400000000000000000e+01 7.962962962962962798e-01 2.037037037037037202e-01 0.000000000000000000e+00 6.814278290754991474e-01 6.715693215128772930e-01 0.000000000000000000e+00
6.500000000000000000e+01 8.086419753086420137e-01 1.913580246913579863e-01 0.000000000000000000e+00 7.025173192072894368e-01 6.727754055482992879e-01 0.000000000000000000e+00
6.600000000000000000e+01 8.209876543209876365e-01 1.790123456790123635e-01 0.000000000000000000e+00 7.248716720338429509e-01 6.727096678955015729e-01 0.000000000000000000e+00
6.700000000000000000e+01 8.333333333333333703e-01 1.666666666666666297e-01 0.000000000000000000e+00 7.468410865625602080e-01 6.680296544278814252e-01 0.000000000000000000e+00
6.800000000000000000e+01 8.456790123456789932e-01 1.543209876543210068e-01 0.000000000000000000e+00 7.668600915799616002e-01 6.556786807205627898e-01 0.000000000000000000e+00
6.900000000000000000e+01 8.580246913580247270e-01 1.419753086419752730e-01 0.000000000000000000e+00 7.841102009693092789e-01 6.334158912016597531e-01 0.000000000000000000e+00
7.000000000000000000e+01 8.703703703703703498e-01 1.296296296296296502e-01 0.000000000000000000e+00 7.988097169920614915e-01 6.000878055793931187e-01 0.000000000000000000e+00
7.100000000000000000e+01 8.827160493827160836e-01 1.172839506172839164e-01 0.000000000000000000e+00 8.117619743757129580e-01 5.556328005119013369e-01 0.000000000000000000e+00
7.200000000000000000e+01 8.950617283950617065e-01 1.049382716049382935e-01 0.000000000000000000e+00 8.234368314234578046e-01 5.009080493605029272e-01 0.000000000000000000e+00
7.300000000000000000e+01 9.074074074074074403e-01 9.259259259259255970e-02 0.000000000000000000e+00 8.333846241996637483e-01 4.374820788486555867e-01 0.000000000000000000e+00
7.400000000000000000e+01 9.197530864197530631e-01 8.024691358024693688e-02 0.000000000000000000e+00 8.406780577203187832e-01 3.675201703474636483e-01 0.000000000000000000e+00
7.500000000000000000e+01 9.320987654320987970e-01 6.790123456790120304e-02 0.000000000000000000e+00 8.453065954357797951e-01 2.938065491480187919e-01 0.000000000000000000e+00
7.600000000000000000e+01 9.444444444444444198e-01 5.555555555555558023e-02 0.000000000000000000e+00 8.495482613162224084e-01 2.198330521690830264e-01 0.000000000000000000e+00
7.700000000000000000e+01 9.567901234567901536e-01 4.320987654320984639e-02 0.000000000000000000e+00 8.580608971048877542e-01 1.497985581002184430e-01 0.000000000000000000e+00
7.800000000000000000e+01 9.691358024691357764e-01 3.086419753086422357e-02 0.000000000000000000e+00 8.761277453549733973e-01 8.836133291558784242e-02 0.000000000000000000e+00
7.900000000000000000e+01 9.814814814814815103e-01 1.851851851851848973e-02 0.000000000000000000e+00 9.067832801489683625e-01 4.008326234867905236e-02 0.000000000000000000e+00
8.000000000000000000e+01 9.938271604938271331e-01 6.172839506172866919e-03 0.000000000000000000e+00 9.485272804122826251e-01 8.661100347924607229e-03 0.000000000000000000e+00

Residual energy after optimization is 0.00028704249319174227 C0x=1.0113292147713413 C0z=0.9717681353616257 C0xz=1.0
Optimization procedure took 729.4581232070923 seconds