### PARAMETERS OF THE TIME EVOLUTION ### 
Total time tau = 36
Timestep dt = 1
P = tau/dt = 36
Number of Fourier coefficients Nc = 36

gamma(t) = t/T*(delta_t + \sum_i^Nc gamma_i*f_i(wi, t) 
beta(t) = (1-t/T)*(delta_t + \sum_i^Nc beta_i*f_i(wi, t)

CRAB coefficient   Cz_start// pulses//  Cz_opt  
0.000000000000000000e+00 3.331052561337251916e+01 8.803568972746866894e-01
0.000000000000000000e+00 3.723204440687915007e+00 -1.060054587594781994e-01
0.000000000000000000e+00 2.474381039783331815e+01 -3.041373300830243348e-02
0.000000000000000000e+00 3.356195183169104723e+01 -4.962129884156073478e-01
0.000000000000000000e+00 4.479145767483259988e+01 5.011669518873853668e-04
0.000000000000000000e+00 6.812449079043067002e+01 1.268654873838768841e-02
0.000000000000000000e+00 1.006023966426128524e+01 -5.646737336449153544e-01
0.000000000000000000e+00 3.423468260728643031e+01 -1.659659334745862760e-02
0.000000000000000000e+00 8.311709964451088695e+01 -7.542832796986721766e-02
0.000000000000000000e+00 2.780327498541760178e+01 -4.766917882273415314e-04
0.000000000000000000e+00 9.879591629455598323e+00 4.948478659621729503e-01
0.000000000000000000e+00 8.352119074213874228e+00 -1.458128840285037586e-02
0.000000000000000000e+00 1.360254729088336845e+01 8.419550571085919477e-02
0.000000000000000000e+00 1.131703808477960038e+01 4.825674124825047873e-01
0.000000000000000000e+00 2.336925247793513627e+00 1.528254317539606388e+00
0.000000000000000000e+00 3.228786679246405100e+01 1.098511018272480032e-03
0.000000000000000000e+00 2.452373842681980776e+01 1.677675433310655759e-02
0.000000000000000000e+00 1.646903825300374535e+01 2.459512855840540000e-03
0.000000000000000000e+00 6.057819104289306722e+01 2.122123045422281140e-01
0.000000000000000000e+00 1.290064784160765399e+01 -3.293894353319645751e-01
0.000000000000000000e+00 6.298431695826822718e+00 -1.154595566862810507e-01
0.000000000000000000e+00 4.807588056208529537e+01 1.239057395012914745e-03
0.000000000000000000e+00 3.325658601654897950e+01 -6.249908865681709225e-01
0.000000000000000000e+00 1.648893577770548458e+00 3.380890589554232051e+00
0.000000000000000000e+00 6.819338789405105672e+01 -7.735538095161144378e-02
0.000000000000000000e+00 8.286257736414857078e-01 -8.048127098521420386e-01
0.000000000000000000e+00 1.950868995695149932e+00 -4.182418847687755736e+00
0.000000000000000000e+00 4.949073552334695592e+00 -6.400338321173675536e-04
0.000000000000000000e+00 2.501376054447473152e+01 1.413076418623884778e-02
0.000000000000000000e+00 3.372786107575622339e+01 2.558521573345670652e-01
0.000000000000000000e+00 7.835415065189842210e+01 6.237300204721494407e-04
0.000000000000000000e+00 1.860923736371939441e+01 8.970787947572687882e-03
0.000000000000000000e+00 1.232687240876864365e+01 7.323968681433287164e-01
0.000000000000000000e+00 1.175860633969765345e+01 -9.883528725027380668e-01
0.000000000000000000e+00 6.040854569947975250e+01 -1.427190196179730919e-01
0.000000000000000000e+00 6.607370696425446965e+01 8.121852660814900260e-02

Amplitudes vs time: t // theta_tt_old // theta_mt_old // alpha_cdt_old//theta_ttdot_old // theta_tt_opt // theta_mt_opt// alpha_cdt_opt// theta_ttdot_opt //  
0.000000000000000000e+00 6.716439229759491036e-02 9.328356077024051451e-01 7.374427306744458198e-03 1.031361174646160950e-01 7.826577086773109371e-02 9.328356077024051451e-01 8.731233935912930191e-03 1.194317701572923246e-01
1.000000000000000000e+00 1.762849806190658064e-01 8.237150193809341658e-01 1.103834361814136356e-02 1.246033877918780453e-01 1.992940373767803364e-01 8.237150193809341658e-01 1.334903941734632941e-02 1.443081426865458206e-01
2.000000000000000000e+00 3.019775294462117565e-01 6.980224705537882990e-01 1.283144192326548735e-02 1.163016817761605981e-01 3.449421242383051700e-01 6.980224705537882990e-01 1.692012378330437841e-02 1.441619444309596154e-01
3.000000000000000000e+00 3.964442855321688719e-01 6.035557144678311836e-01 8.895562628612222258e-03 7.128864432153905750e-02 4.571024477087654581e-01 6.035557144678311836e-01 9.512091396023476461e-03 7.249386908726207501e-02
4.000000000000000000e+00 4.494069589313296476e-01 5.505930410686703524e-01 5.164146610494627608e-03 3.955151767015330222e-02 5.001259353371029226e-01 5.505930410686703524e-01 2.117630586888446815e-03 1.583158557615912954e-02
5.000000000000000000e+00 4.856805307664300297e-01 5.143194692335699703e-01 4.871040713115571893e-03 3.659356513961487672e-02 5.050417528855566385e-01 5.143194692335699703e-01 2.573537112768807186e-03 1.921543751268035144e-02
6.000000000000000000e+00 5.237420241859108705e-01 4.762579758140891295e-01 4.987048353596304148e-03 3.712096940551592311e-02 5.098534049092925402e-01 4.762579758140891295e-01 6.153268661398669272e-03 4.589484634386709061e-02
7.000000000000000000e+00 5.526531359290243195e-01 4.473468640709756805e-01 2.362552932367137024e-03 1.759858260177703249e-02 5.260690651296822118e-01 4.473468640709756805e-01 4.685413420207965030e-03 3.486916106691738404e-02
8.000000000000000000e+00 5.576743595763132832e-01 4.423256404236867168e-01 -7.349470629488913343e-04 -5.479043628459592807e-03 5.524875680359788710e-01 4.423256404236867168e-01 -4.323351028345296179e-03 -3.220375468425365484e-02
9.000000000000000000e+00 5.487042793301574184e-01 4.512957206698425816e-01 -1.207000122308804317e-03 -8.986442275371257782e-03 5.826974213555450310e-01 4.512957206698425816e-01 -1.830469184657523493e-02 -1.374251866670936073e-01
1.000000000000000000e+01 5.431057897362853160e-01 4.568942102637146840e-01 -3.534266206917619857e-04 -2.630068634770291180e-03 6.008028906947135983e-01 4.568942102637146840e-01 -2.804158297805862954e-02 -2.122490069655695033e-01
1.100000000000000000e+01 5.400393521607721459e-01 4.599606478392278541e-01 -7.272977537709495333e-04 -5.411403703067127480e-03 6.028286928108158582e-01 4.599606478392278541e-01 -3.003537811114551440e-02 -2.275832866209478722e-01
1.200000000000000000e+01 5.305439017648991840e-01 4.694560982351008160e-01 -1.777659752275999533e-03 -1.322626873408378617e-02 5.864816319832751867e-01 4.694560982351008160e-01 -2.145647735911735202e-02 -1.613284094477625830e-01
1.300000000000000000e+01 5.155110483296496682e-01 4.844889516703503318e-01 -2.132084477907410496e-03 -1.588627537238727905e-02 5.653048598633271249e-01 4.844889516703503318e-01 -4.548492480698186451e-03 -3.396403984949938892e-02
1.400000000000000000e+01 4.995849915112542394e-01 5.004150084887457606e-01 -2.154765374041128258e-03 -1.611165995563210857e-02 5.508422474469669705e-01 5.004150084887457606e-01 1.239703000598637792e-02 9.232262720040999848e-02
1.500000000000000000e+01 4.825206576859371044e-01 5.174793423140628956e-01 -2.433823945751901596e-03 -1.830746046580196407e-02 5.350509253623889627e-01 5.174793423140628956e-01 2.741080147050445684e-02 2.039273399339185666e-01
1.600000000000000000e+01 4.638360586361116589e-01 5.361639413638883411e-01 -2.304602936453602809e-03 -1.749472129990081726e-02 5.049210678591031787e-01 5.361639413638883411e-01 4.130503533316488840e-02 3.084149711989982445e-01
1.700000000000000000e+01 4.530148983942024477e-01 5.469851016057976079e-01 -1.133041962160945179e-04 -8.657327189456817673e-04 4.636065264271253539e-01 5.469851016057976079e-01 4.917294150355357163e-02 3.733301814322956824e-01
1.800000000000000000e+01 4.662735160462668782e-01 5.337264839537331218e-01 3.582167838915247416e-03 2.715644450347001401e-02 4.250624078238374737e-01 5.337264839537331218e-01 5.275972287321871457e-02 4.115918337634247304e-01
1.900000000000000000e+01 5.015998078810259830e-01 4.984001921189740170e-01 5.207091859203411173e-03 3.891298046612609585e-02 4.284594307459559381e-01 4.984001921189740170e-01 4.896661804850364896e-02 3.809237994929568494e-01
2.000000000000000000e+01 5.361349592471348346e-01 4.638650407528651654e-01 3.789125171227693874e-03 2.818998459728325190e-02 4.823166568182966629e-01 4.638650407528651654e-01 2.925643792248851238e-02 2.200885492806428367e-01
2.100000000000000000e+01 5.594300298320801224e-01 4.405699701679198776e-01 2.833479700159417282e-03 2.113064389409183980e-02 5.496851369672863807e-01 4.405699701679198776e-01 -4.029145170568661227e-03 -3.000142563518420902e-02
2.200000000000000000e+01 5.837687444317163354e-01 4.162312555682836646e-01 3.840960999751072327e-03 2.884844977914112485e-02 5.926307669981762949e-01 4.162312555682836646e-01 -3.782788498735887434e-02 -2.851815811386035904e-01
2.300000000000000000e+01 6.156449929633494023e-01 3.843550070366505977e-01 4.295741847710850790e-03 3.279397127172981041e-02 6.076089627590413045e-01 3.843550070366505977e-01 -6.245992247124389912e-02 -4.745233036152174400e-01
2.400000000000000000e+01 6.459021764226293705e-01 3.540978235773706295e-01 3.480868815233143822e-03 2.717635940075993281e-02 6.059645519240035583e-01 3.540978235773706295e-01 -7.210200130842803201e-02 -5.472676054565125403e-01
2.500000000000000000e+01 6.706020168627233602e-01 3.293979831372766398e-01 2.809577481575631103e-03 2.244684254027025719e-02 6.023889110090995258e-01 3.293979831372766398e-01 -6.710040013399092007e-02 -5.083121160030903418e-01
2.600000000000000000e+01 6.896004732831709783e-01 3.103995267168290217e-01 1.797128580387041862e-03 1.465425097879642820e-02 6.091070112122219937e-01 3.103995267168290217e-01 -4.838984270536186849e-02 -3.679474365056257246e-01
2.700000000000000000e+01 7.008101103957661282e-01 2.991898896042338718e-01 1.238449219146403038e-03 1.023164077898365207e-02 6.426264097996415847e-01 2.991898896042338718e-01 -1.792061687189524383e-02 -1.395289515925942081e-01
2.800000000000000000e+01 7.171479562084416282e-01 2.828520437915583718e-01 3.014210749018439092e-03 2.541475226690002864e-02 7.045682490136341292e-01 2.828520437915583718e-01 1.541564687029628455e-02 1.279397496219644714e-01
2.900000000000000000e+01 7.523079022171338393e-01 2.476920977828661607e-01 4.789694484501470784e-03 4.239654334808701241e-02 7.839807322553248303e-01 2.476920977828661607e-01 3.527370086119696602e-02 3.278070267289688311e-01
3.000000000000000000e+01 7.946339163337070577e-01 2.053660836662929423e-01 4.154062516959675620e-03 3.927776983395740024e-02 8.597803801741380481e-01 2.053660836662929423e-01 3.926930451485866058e-02 4.160096074479912032e-01
3.100000000000000000e+01 8.301583520382038728e-01 1.698416479617961272e-01 3.398424903219242604e-03 3.413588353866003899e-02 9.225979077052985922e-01 1.698416479617961272e-01 3.328328419902410601e-02 3.971343095385780342e-01
3.200000000000000000e+01 8.694119007479194083e-01 1.305880992520805917e-01 4.320176662918604783e-03 4.658713789034477776e-02 9.708545667408970958e-01 1.305880992520805917e-01 2.038980760288520641e-02 2.675191268452704607e-01
3.300000000000000000e+01 9.217215404266043688e-01 7.827845957339563121e-02 4.557129418732418571e-03 5.428294168232561390e-02 9.957183919895878921e-01 7.827845957339563121e-02 7.004822454391631051e-03 9.657454359935921384e-02
3.400000000000000000e+01 9.688968563019670910e-01 3.110314369803290901e-02 2.804184640424165018e-03 3.664878577339140270e-02 9.880644996579702743e-01 3.110314369803290901e-02 -5.885402683304901241e-04 -7.991032928222799314e-03
3.500000000000000000e+01 9.937009548757006483e-01 6.299045124299351706e-03 1.090994606171918077e-03 1.498088021796739264e-02 9.901807587023153667e-01 6.299045124299351706e-03 -3.819376542552848329e-03 -5.207794220085809611e-02

Residual energy after optimization is 0.0011241036124147827
Optimization procedure took 32.29655194282532 seconds