### PARAMETERS OF THE TIME EVOLUTION ### 
Total time tau = 30
Timestep dt = 1
P = tau/dt = 30
Number of Fourier coefficients Nc = 30

gamma(t) = t/T*(delta_t + \sum_i^Nc gamma_i*f_i(wi, t) 
beta(t) = (1-t/T)*(delta_t + \sum_i^Nc beta_i*f_i(wi, t)

CRAB coefficient   Cz_start// Cx_start// Cxz_start // pulses//  Cz_opt // Cx_opt // Cxz_opt  
0.000000000000000000e+00 0.000000000000000000e+00 0.000000000000000000e+00 8.293423463338369217e+00 1.321957575703192500e+00 1.311576996976370957e+01 2.806966361650560682e+00
0.000000000000000000e+00 0.000000000000000000e+00 0.000000000000000000e+00 3.551849805647227853e+00 1.105734230499125772e+02 -4.019100180907315689e+01 1.552316809575068035e+01
0.000000000000000000e+00 0.000000000000000000e+00 0.000000000000000000e+00 8.110633287592541762e+00 -6.485097522564676531e+00 -3.713979654749634562e+01 -9.931901250179732799e+00
0.000000000000000000e+00 0.000000000000000000e+00 0.000000000000000000e+00 5.554866152030183635e+00 -1.501961152952371492e+02 4.481173879870947729e+01 -2.983117021564456905e+01
0.000000000000000000e+00 0.000000000000000000e+00 0.000000000000000000e+00 2.465663830106191057e+00 -4.914093004885657479e+01 1.983835574399666513e+01 -1.732908676429097383e+01
0.000000000000000000e+00 0.000000000000000000e+00 0.000000000000000000e+00 3.404866987011891499e+00 2.764944640319849256e+01 -1.418551681270618836e+01 2.939786380000971633e+01
0.000000000000000000e+00 0.000000000000000000e+00 0.000000000000000000e+00 4.671664639087251381e+00 -5.941966510826106429e+01 1.681074810537197095e+01 3.385612017849580724e+01
0.000000000000000000e+00 0.000000000000000000e+00 0.000000000000000000e+00 2.454796392045013320e+00 -3.930455563265128660e+01 1.620717003031894521e+01 -1.586218310371758555e+01
0.000000000000000000e+00 0.000000000000000000e+00 0.000000000000000000e+00 1.791534085944027632e+00 1.127529904420914306e+02 -4.405894316471783156e+01 3.115237999516785194e+01
0.000000000000000000e+00 0.000000000000000000e+00 0.000000000000000000e+00 2.581018947996602364e+00 -1.497385068942491841e+02 5.627088364606749593e+01 -2.917471262226722928e+01
0.000000000000000000e+00 0.000000000000000000e+00 0.000000000000000000e+00 2.541992397957101857e-01 1.570196302173947913e+02 -6.239781686160927165e+01 4.871277767004070824e+01
0.000000000000000000e+00 0.000000000000000000e+00 0.000000000000000000e+00 2.418084156911393112e-01 1.517916116415969157e+02 -6.026777462804454188e+01 4.722481751676190243e+01
0.000000000000000000e+00 0.000000000000000000e+00 0.000000000000000000e+00 1.174615824066792591e+01 1.211037459809859163e-02 5.965589089119787553e-02 -2.900834072907248519e-03
0.000000000000000000e+00 0.000000000000000000e+00 0.000000000000000000e+00 9.171567647414404778e-01 -8.967096942644886326e+01 3.646411605747974249e+01 -3.116505298571643934e+01
0.000000000000000000e+00 0.000000000000000000e+00 0.000000000000000000e+00 4.128392413495446611e+00 -9.989743058059792702e+01 4.070285158912018630e+01 -4.992405682093475860e+01
0.000000000000000000e+00 0.000000000000000000e+00 0.000000000000000000e+00 1.705653378689686406e+01 -2.461884068142656460e-04 1.366118260168061507e-03 8.383755305370507694e-05
0.000000000000000000e+00 0.000000000000000000e+00 0.000000000000000000e+00 1.697667268352550440e+00 4.474050524284997010e+01 -1.826363958755890948e+01 1.636329134576754285e+01
0.000000000000000000e+00 0.000000000000000000e+00 0.000000000000000000e+00 9.860852887777306064e-01 -1.354927064751815067e+02 5.440800999649411551e+01 -4.392446258455545660e+01
0.000000000000000000e+00 0.000000000000000000e+00 0.000000000000000000e+00 6.994510323738601265e+00 -4.756681112417418866e+00 -1.499185891512081259e+00 -2.499809137398090186e+00
0.000000000000000000e+00 0.000000000000000000e+00 0.000000000000000000e+00 1.663308956154200713e+00 1.772385618776371530e+01 -7.844240442444846195e+00 9.742542909452190258e+00
0.000000000000000000e+00 0.000000000000000000e+00 0.000000000000000000e+00 5.847771769144349818e+00 7.784586110946717952e+01 -1.993921235291504601e+01 1.995586724980707771e+01
0.000000000000000000e+00 0.000000000000000000e+00 0.000000000000000000e+00 1.496537233930808286e+00 -1.103066999373463233e+02 4.204407216209717291e+01 -2.477927588510714330e+01
0.000000000000000000e+00 0.000000000000000000e+00 0.000000000000000000e+00 1.608493205242947921e+00 -2.604288370533601693e+01 9.072446796827238202e+00 -1.382532201900795732e+00
0.000000000000000000e+00 0.000000000000000000e+00 0.000000000000000000e+00 2.147881105111598909e+00 1.787387184431025275e+02 -6.637036355846086622e+01 3.156616411917778109e+01
0.000000000000000000e+00 0.000000000000000000e+00 0.000000000000000000e+00 1.463412551661694572e+01 -7.767574847831935046e-03 -3.448596891720252799e-02 3.688514810148489469e-03
0.000000000000000000e+00 0.000000000000000000e+00 0.000000000000000000e+00 6.755363624384020937e-01 8.896018055737245334e+01 -3.414657589289656414e+01 2.348548545705616064e+01
0.000000000000000000e+00 0.000000000000000000e+00 0.000000000000000000e+00 7.973571534160696750e+00 6.402039064552210057e+00 2.556469029484414079e+01 8.094679141467695516e+00
0.000000000000000000e+00 0.000000000000000000e+00 0.000000000000000000e+00 1.245165365361272869e+01 -1.951991196951937887e-02 -5.777539367884623051e-02 4.663457657020055741e-03
0.000000000000000000e+00 0.000000000000000000e+00 0.000000000000000000e+00 4.999676604502911736e+00 1.610703263273753407e+02 -5.288646873617334165e+01 2.525345505103642640e+00
0.000000000000000000e+00 0.000000000000000000e+00 0.000000000000000000e+00 1.628660850755314371e+01 -1.145306599995044982e-03 -1.341092160205559040e-02 4.156783572373502701e-04

Amplitudes vs time: t // theta_tt_old // theta_mt_old // alpha_cdt_old// theta_tt_opt // theta_mt_opt// alpha_cdt_opt  
0.000000000000000000e+00 1.666666666666666644e-02 9.833333333333332815e-01 0.000000000000000000e+00 -4.979642531012187789e-02 1.230515352349792924e+00 1.313565847042852397e-01
1.000000000000000000e+00 5.000000000000000278e-02 9.499999999999999556e-01 0.000000000000000000e+00 1.170978887313434136e-01 7.251971085074411238e-01 3.054342731857002669e-01
2.000000000000000000e+00 8.333333333333332871e-02 9.166666666666666297e-01 0.000000000000000000e+00 2.564261843099093774e-01 5.989691601892837003e-01 3.349638908508758561e-01
3.000000000000000000e+00 1.166666666666666685e-01 8.833333333333333037e-01 0.000000000000000000e+00 3.040639372468634805e-01 4.703151865629912054e-01 3.552156648863480370e-01
4.000000000000000000e+00 1.499999999999999944e-01 8.499999999999999778e-01 0.000000000000000000e+00 3.229570776996066872e-01 3.719258445769187960e-01 3.702543549817711721e-01
5.000000000000000000e+00 1.833333333333333204e-01 8.166666666666666519e-01 0.000000000000000000e+00 3.467978708948873390e-01 3.022377443642308981e-01 3.824578578211159652e-01
6.000000000000000000e+00 2.166666666666666741e-01 7.833333333333333259e-01 0.000000000000000000e+00 3.769800615138148014e-01 2.426252032490497923e-01 3.966998741472202994e-01
7.000000000000000000e+00 2.500000000000000000e-01 7.500000000000000000e-01 0.000000000000000000e+00 4.130962282103438077e-01 1.885325104722812561e-01 4.152561001688592768e-01
8.000000000000000000e+00 2.833333333333333259e-01 7.166666666666666741e-01 0.000000000000000000e+00 4.559172610864977715e-01 1.420748366492279313e-01 4.436214032130827434e-01
9.000000000000000000e+00 3.166666666666666519e-01 6.833333333333333481e-01 0.000000000000000000e+00 4.991432340924957245e-01 1.063453967074795559e-01 4.844500644926625910e-01
1.000000000000000000e+01 3.499999999999999778e-01 6.500000000000000222e-01 0.000000000000000000e+00 5.335588701554208058e-01 8.438561482846340667e-02 5.285990597301264415e-01
1.100000000000000000e+01 3.833333333333333592e-01 6.166666666666666963e-01 0.000000000000000000e+00 5.552118482684635925e-01 8.268031431941846865e-02 5.626289372759565310e-01
1.200000000000000000e+01 4.166666666666666852e-01 5.833333333333332593e-01 0.000000000000000000e+00 5.643064975126788063e-01 1.013678938402341467e-01 5.816184195227060982e-01
1.300000000000000000e+01 4.500000000000000111e-01 5.500000000000000444e-01 0.000000000000000000e+00 5.600958301025608099e-01 1.207559144727172740e-01 5.882629560210084207e-01
1.400000000000000000e+01 4.833333333333333370e-01 5.166666666666666075e-01 0.000000000000000000e+00 5.418461107676042499e-01 1.234753414703579910e-01 5.849913451583930168e-01
1.500000000000000000e+01 5.166666666666667185e-01 4.833333333333332815e-01 0.000000000000000000e+00 5.146107801077306476e-01 1.223362966339506808e-01 5.742401545312674216e-01
1.600000000000000000e+01 5.500000000000000444e-01 4.499999999999999556e-01 0.000000000000000000e+00 4.921791388981990867e-01 1.387996996177200959e-01 5.618003107592670631e-01
1.700000000000000000e+01 5.833333333333333703e-01 4.166666666666666297e-01 0.000000000000000000e+00 4.931729407203929716e-01 1.723063467852842812e-01 5.516469124666798507e-01
1.800000000000000000e+01 6.166666666666666963e-01 3.833333333333333037e-01 0.000000000000000000e+00 5.301042525209546108e-01 2.098385105416455676e-01 5.401898837434799816e-01
1.900000000000000000e+01 6.500000000000000222e-01 3.499999999999999778e-01 0.000000000000000000e+00 5.962401908484012969e-01 2.351963009229192381e-01 5.229983681216197056e-01
2.000000000000000000e+01 6.833333333333333481e-01 3.166666666666666519e-01 0.000000000000000000e+00 6.659457108717229401e-01 2.242628775731850266e-01 5.028782551145027924e-01
2.100000000000000000e+01 7.166666666666666741e-01 2.833333333333333259e-01 0.000000000000000000e+00 7.184119954882908221e-01 1.737582535595164623e-01 4.812658524139798999e-01
2.200000000000000000e+01 7.500000000000000000e-01 2.500000000000000000e-01 0.000000000000000000e+00 7.583718716354399536e-01 1.253271383305160636e-01 4.468380129945144219e-01
2.300000000000000000e+01 7.833333333333333259e-01 2.166666666666666741e-01 0.000000000000000000e+00 7.983455142329765053e-01 1.129787938658308455e-01 3.873825111271025357e-01
2.400000000000000000e+01 8.166666666666666519e-01 1.833333333333333481e-01 0.000000000000000000e+00 8.286382058467293144e-01 1.113131445687150500e-01 3.098701968065409318e-01
2.500000000000000000e+01 8.499999999999999778e-01 1.500000000000000222e-01 0.000000000000000000e+00 8.349723259027126421e-01 8.495698990124368744e-02 2.325800087526577187e-01
2.600000000000000000e+01 8.833333333333333037e-01 1.166666666666666963e-01 0.000000000000000000e+00 8.399197772554836128e-01 4.988019132138536704e-02 1.613933435214853773e-01
2.700000000000000000e+01 9.166666666666666297e-01 8.333333333333337034e-02 0.000000000000000000e+00 8.827271823046031196e-01 3.608411136528825308e-02 9.327767886278692799e-02
2.800000000000000000e+01 9.499999999999999556e-01 5.000000000000004441e-02 0.000000000000000000e+00 9.571024421046269159e-01 3.366642528412862323e-02 3.757366676415685447e-02
2.900000000000000000e+01 9.833333333333332815e-01 1.666666666666671848e-02 0.000000000000000000e+00 1.020544067323827742e+00 1.676002428514997145e-02 7.643277053825947576e-03

Residual energy after optimization is 0.00010464624721099167 C0x=1.1695396928785111 C0z=1.0441931251489203 C0xz=1.0
Optimization procedure took 144.53798627853394 seconds