### PARAMETERS OF THE TIME EVOLUTION ### 
Total time tau = 24
Timestep dt = 1
P = tau/dt = 24
Number of Fourier coefficients Nc = 24

gamma(t) = t/T*(delta_t + \sum_i^Nc gamma_i*f_i(wi, t) 
beta(t) = (1-t/T)*(delta_t + \sum_i^Nc beta_i*f_i(wi, t)

CRAB coefficient   Cz_start// Cx_start// Cxz_start // pulses//  Cz_opt // Cx_opt // Cxz_opt  
0.000000000000000000e+00 0.000000000000000000e+00 0.000000000000000000e+00 1.234405503156280837e+01 -5.843960662613503221e-01 -5.555212453432412101e-01 1.334963274048490689e+00
0.000000000000000000e+00 0.000000000000000000e+00 0.000000000000000000e+00 1.001028898277476920e+01 -4.315514863422677649e+01 2.914546074759481797e+01 -1.031699977550010914e+02
0.000000000000000000e+00 0.000000000000000000e+00 0.000000000000000000e+00 6.431630720096252141e+00 8.471256541460853384e+00 -3.212918907045155592e+00 2.006767272416335146e+01
0.000000000000000000e+00 0.000000000000000000e+00 0.000000000000000000e+00 1.242424851063086777e+01 5.307401797148011413e-01 4.860917223646211149e-01 -1.151747686849795560e+00
0.000000000000000000e+00 0.000000000000000000e+00 0.000000000000000000e+00 5.585899050783781128e+00 -5.266427251055223913e+00 1.910395167261907945e+00 -1.396969525864011530e+01
0.000000000000000000e+00 0.000000000000000000e+00 0.000000000000000000e+00 8.852597553564143240e-01 -2.610369355962853177e+01 -5.490760771698329101e+00 7.797532116994025841e+01
0.000000000000000000e+00 0.000000000000000000e+00 0.000000000000000000e+00 2.058774922577124022e-01 1.206180038545225841e+01 1.469264761205777425e+00 -3.128675725001571450e+01
0.000000000000000000e+00 0.000000000000000000e+00 0.000000000000000000e+00 1.391616728720129004e+01 -1.322135467656638565e-02 -8.108746742524033588e-03 1.114985229861369630e-02
0.000000000000000000e+00 0.000000000000000000e+00 0.000000000000000000e+00 8.944266417255043677e+00 -3.250938353077887033e+00 1.181061176771809329e+00 -5.277889748334639641e+00
0.000000000000000000e+00 0.000000000000000000e+00 0.000000000000000000e+00 6.957542896149636391e+00 1.311369768982823736e+01 -4.673640645213019695e+00 2.090636677489565542e+01
0.000000000000000000e+00 0.000000000000000000e+00 0.000000000000000000e+00 9.578891407852838213e+00 9.365922656097620091e+00 -4.807137509950676346e+00 1.821596330195523095e+01
0.000000000000000000e+00 0.000000000000000000e+00 0.000000000000000000e+00 3.444183861626702203e+00 3.075998830107663906e+01 2.111282013403526392e+00 -6.112841136093638283e+01
0.000000000000000000e+00 0.000000000000000000e+00 0.000000000000000000e+00 1.286737319400220958e+00 4.602377713100647583e+00 2.036332701499210085e+00 -3.026949002950369305e+01
0.000000000000000000e+00 0.000000000000000000e+00 0.000000000000000000e+00 2.788947947427881768e+00 -3.355338627796631101e+01 -3.723612364814311348e+00 7.595792823822537798e+01
0.000000000000000000e+00 0.000000000000000000e+00 0.000000000000000000e+00 1.006101162266725169e+01 3.647790627442082467e+01 -2.558727601033184484e+01 8.995067622731033907e+01
0.000000000000000000e+00 0.000000000000000000e+00 0.000000000000000000e+00 4.021674472461914895e+00 -2.767611705019182189e+00 -2.070718194381826471e+00 2.059472117046425765e+01
0.000000000000000000e+00 0.000000000000000000e+00 0.000000000000000000e+00 6.511437254999396629e+00 -7.910943708223938131e+01 2.686378339458645925e+01 -1.404262193527844431e+02
0.000000000000000000e+00 0.000000000000000000e+00 0.000000000000000000e+00 6.386108929666196588e+00 6.283558482313796389e+01 -2.110126208683847793e+01 1.111080025700236433e+02
0.000000000000000000e+00 0.000000000000000000e+00 0.000000000000000000e+00 2.625628778857700407e+00 3.413894056956868894e+01 1.015566821977687439e+00 -5.917125695732243429e+01
0.000000000000000000e+00 0.000000000000000000e+00 0.000000000000000000e+00 4.025909606335645874e-01 1.261791540059318173e+01 1.023946123090575533e+00 -2.952433245973060849e+01
0.000000000000000000e+00 0.000000000000000000e+00 0.000000000000000000e+00 4.092413242580202337e-01 1.235639218989626009e+01 9.628424368711412384e-01 -2.882424266082050579e+01
0.000000000000000000e+00 0.000000000000000000e+00 0.000000000000000000e+00 3.296148517224388286e+00 -2.571942861717002060e+01 9.160109410492029980e-01 2.659265585392313724e+01
0.000000000000000000e+00 0.000000000000000000e+00 0.000000000000000000e+00 8.717535683838172067e-02 5.890242095105607589e+00 7.660674684221903119e-01 -1.554865563784071725e+01
0.000000000000000000e+00 0.000000000000000000e+00 0.000000000000000000e+00 1.123290275296635166e+01 -2.231023146878144403e-02 2.784988357609017307e-01 -8.134382563351945095e-01

Amplitudes vs time: t // theta_tt_old // theta_mt_old // alpha_cdt_old// theta_tt_opt // theta_mt_opt// alpha_cdt_opt  
0.000000000000000000e+00 2.083333333333333218e-02 9.791666666666666297e-01 0.000000000000000000e+00 -7.939343737894788422e-02 1.147715757593543495e+00 2.072907236296543942e-01
1.000000000000000000e+00 6.250000000000000000e-02 9.375000000000000000e-01 0.000000000000000000e+00 1.494534440270735010e-01 7.041890373553247873e-01 4.674538215849395328e-01
2.000000000000000000e+00 1.041666666666666713e-01 8.958333333333333703e-01 0.000000000000000000e+00 3.227334250973140639e-01 5.657786126409549698e-01 4.822047784709440066e-01
3.000000000000000000e+00 1.458333333333333426e-01 8.541666666666666297e-01 0.000000000000000000e+00 3.834509541627661444e-01 4.633239799964449235e-01 5.019984982124015005e-01
4.000000000000000000e+00 1.875000000000000000e-01 8.125000000000000000e-01 0.000000000000000000e+00 4.002349063399068263e-01 3.524841467650159377e-01 5.170678163879856015e-01
5.000000000000000000e+00 2.291666666666666574e-01 7.708333333333333703e-01 0.000000000000000000e+00 4.017840001652288051e-01 2.425663989516738672e-01 5.319195630304704991e-01
6.000000000000000000e+00 2.708333333333333148e-01 7.291666666666667407e-01 0.000000000000000000e+00 4.318497211626566301e-01 1.423922172783278484e-01 5.521266007903307127e-01
7.000000000000000000e+00 3.125000000000000000e-01 6.875000000000000000e-01 0.000000000000000000e+00 4.852104990665579431e-01 7.162074686078068186e-02 5.729584549364687973e-01
8.000000000000000000e+00 3.541666666666666852e-01 6.458333333333332593e-01 0.000000000000000000e+00 5.147200727743960202e-01 6.637773774676802852e-02 5.798820052201918429e-01
9.000000000000000000e+00 3.958333333333333148e-01 6.041666666666667407e-01 0.000000000000000000e+00 5.109779397054736716e-01 1.161591413156868313e-01 5.701058414132162966e-01
1.000000000000000000e+01 4.375000000000000000e-01 5.625000000000000000e-01 0.000000000000000000e+00 4.948408665442949328e-01 1.523714005313457909e-01 5.691874638319944779e-01
1.100000000000000000e+01 4.791666666666666852e-01 5.208333333333332593e-01 0.000000000000000000e+00 4.758668636819738396e-01 1.345851194178347421e-01 5.851164129153829663e-01
1.200000000000000000e+01 5.208333333333333703e-01 4.791666666666666297e-01 0.000000000000000000e+00 4.589395420036346263e-01 9.714883724822415134e-02 5.947850145667672450e-01
1.300000000000000000e+01 5.625000000000000000e-01 4.375000000000000000e-01 0.000000000000000000e+00 4.619691928767017952e-01 9.994041326734559583e-02 5.891194081458088760e-01
1.400000000000000000e+01 6.041666666666666297e-01 3.958333333333333703e-01 0.000000000000000000e+00 5.049869953367901454e-01 1.579304628176084746e-01 5.775075820386632586e-01
1.500000000000000000e+01 6.458333333333333703e-01 3.541666666666666297e-01 0.000000000000000000e+00 5.780519926714957624e-01 2.204068180157394141e-01 5.667883185544155822e-01
1.600000000000000000e+01 6.875000000000000000e-01 3.125000000000000000e-01 0.000000000000000000e+00 6.447768054627663892e-01 2.272797288352911838e-01 5.581227521708029826e-01
1.700000000000000000e+01 7.291666666666666297e-01 2.708333333333333703e-01 0.000000000000000000e+00 6.960252277298846213e-01 1.828374956045323296e-01 5.304443232766402616e-01
1.800000000000000000e+01 7.708333333333333703e-01 2.291666666666666297e-01 0.000000000000000000e+00 7.491420905582377721e-01 1.420218732344555035e-01 4.529921102895286822e-01
1.900000000000000000e+01 8.125000000000000000e-01 1.875000000000000000e-01 0.000000000000000000e+00 7.913758227502015741e-01 1.316290681087657899e-01 3.439835154308781284e-01
2.000000000000000000e+01 8.541666666666666297e-01 1.458333333333333703e-01 0.000000000000000000e+00 8.111191169208257223e-01 1.249221177723686682e-01 2.546512847000030888e-01
2.100000000000000000e+01 8.958333333333333703e-01 1.041666666666666297e-01 0.000000000000000000e+00 8.461598478115901489e-01 8.824604009580179487e-02 1.900002564099452229e-01
2.200000000000000000e+01 9.375000000000000000e-01 6.250000000000000000e-02 0.000000000000000000e+00 8.940792891560275235e-01 2.744961660688137461e-02 1.199044225495384808e-01
2.300000000000000000e+01 9.791666666666666297e-01 2.083333333333337034e-02 0.000000000000000000e+00 8.776409677219285665e-01 -8.553442190096960385e-03 4.014530824064621584e-02

Residual energy after optimization is 0.0012184508194672667 C0x=-0.9335734655178245 C0z=0.8402939689848117 C0xz=1.0
Optimization procedure took 122.43689155578613 seconds