### PARAMETERS OF THE TIME EVOLUTION ### 
Total time tau = 81
Timestep dt = 1
P = tau/dt = 81
Number of Fourier coefficients Nc = 81

gamma(t) = t/T*(delta_t + \sum_i^Nc gamma_i*f_i(wi, t) 
beta(t) = (1-t/T)*(delta_t + \sum_i^Nc beta_i*f_i(wi, t)

CRAB coefficient   Cz_start// Cx_start// Cxz_start // pulses//  Cz_opt // Cx_opt // Cxz_opt  
0.000000000000000000e+00 0.000000000000000000e+00 0.000000000000000000e+00 3.132513899719883366e+00 1.572662427352412851e-01 3.525743545011104842e-03 0.000000000000000000e+00
0.000000000000000000e+00 0.000000000000000000e+00 0.000000000000000000e+00 9.559539524854235637e+00 8.139104086913546976e-02 3.425205635291810047e-02 0.000000000000000000e+00
0.000000000000000000e+00 0.000000000000000000e+00 0.000000000000000000e+00 5.701651396848131270e+00 -2.814708507983787814e-02 1.624271999999145344e-02 0.000000000000000000e+00
0.000000000000000000e+00 0.000000000000000000e+00 0.000000000000000000e+00 6.477203003840552142e+00 1.595442136140339667e-02 2.050299578668576470e-02 0.000000000000000000e+00
0.000000000000000000e+00 0.000000000000000000e+00 0.000000000000000000e+00 8.920654277976131752e+00 -1.798205754879920737e-01 -3.779478680772860311e-02 0.000000000000000000e+00
0.000000000000000000e+00 0.000000000000000000e+00 0.000000000000000000e+00 5.843514149728137319e-01 -5.803279026655997486e-01 -2.566057770514850733e-01 0.000000000000000000e+00
0.000000000000000000e+00 0.000000000000000000e+00 0.000000000000000000e+00 9.540975144576865574e+00 3.849884516894620801e-02 3.463552728747128218e-02 0.000000000000000000e+00
0.000000000000000000e+00 0.000000000000000000e+00 0.000000000000000000e+00 3.512549747439387637e+00 1.114502142636326215e-01 2.384504708009218057e-03 0.000000000000000000e+00
0.000000000000000000e+00 0.000000000000000000e+00 0.000000000000000000e+00 8.830822192427272288e-01 -3.298649571747225839e-01 -2.495000902981634183e-01 0.000000000000000000e+00
0.000000000000000000e+00 0.000000000000000000e+00 0.000000000000000000e+00 2.682895194285678242e-01 -4.166139111441188869e-01 -1.529322774428444054e-01 0.000000000000000000e+00
0.000000000000000000e+00 0.000000000000000000e+00 0.000000000000000000e+00 9.399251754848142681e+00 -2.392454982330899094e-01 2.684313455820157637e-02 0.000000000000000000e+00
0.000000000000000000e+00 0.000000000000000000e+00 0.000000000000000000e+00 4.330390662715521088e+00 -3.560815106905911853e-01 -3.786022421736448540e-02 0.000000000000000000e+00
0.000000000000000000e+00 0.000000000000000000e+00 0.000000000000000000e+00 2.278046063646847585e+00 -1.566566847418623398e-01 -5.540128170725053952e-02 0.000000000000000000e+00
0.000000000000000000e+00 0.000000000000000000e+00 0.000000000000000000e+00 1.009140759771022466e+01 1.545244834056862804e-01 -4.641177033971470578e-02 0.000000000000000000e+00
0.000000000000000000e+00 0.000000000000000000e+00 0.000000000000000000e+00 5.616270737509831079e+00 3.191152524379181621e-02 1.896255143710896818e-02 0.000000000000000000e+00
0.000000000000000000e+00 0.000000000000000000e+00 0.000000000000000000e+00 1.949834896195054901e+00 1.102799839226566714e-01 -5.112855305985734150e-02 0.000000000000000000e+00
0.000000000000000000e+00 0.000000000000000000e+00 0.000000000000000000e+00 1.099036796580287467e-01 -1.868089169695858753e-01 -6.631681059529308253e-02 0.000000000000000000e+00
0.000000000000000000e+00 0.000000000000000000e+00 0.000000000000000000e+00 2.854966098770081118e+00 -1.597804494593893510e-02 -2.037825984933706522e-02 0.000000000000000000e+00
0.000000000000000000e+00 0.000000000000000000e+00 0.000000000000000000e+00 2.726929311000951817e+00 -1.057363318080212361e-01 -3.326415719310026747e-02 0.000000000000000000e+00
0.000000000000000000e+00 0.000000000000000000e+00 0.000000000000000000e+00 2.073227125033430340e+01 -6.635290346093154637e-04 -5.865682661708324303e-04 0.000000000000000000e+00
0.000000000000000000e+00 0.000000000000000000e+00 0.000000000000000000e+00 5.115204979719573330e+00 2.131102072582747864e-01 2.601934852105593915e-02 0.000000000000000000e+00
0.000000000000000000e+00 0.000000000000000000e+00 0.000000000000000000e+00 9.185283967785458970e+00 -3.951727660703634459e-01 -6.296855876920838535e-03 0.000000000000000000e+00
0.000000000000000000e+00 0.000000000000000000e+00 0.000000000000000000e+00 7.234187051124257195e+00 3.330682943467095508e-02 -1.332954981244765039e-03 0.000000000000000000e+00
0.000000000000000000e+00 0.000000000000000000e+00 0.000000000000000000e+00 8.180743435722543921e+00 1.574267813422699502e-01 2.584502525597174444e-02 0.000000000000000000e+00
0.000000000000000000e+00 0.000000000000000000e+00 0.000000000000000000e+00 9.775538757988273986e+00 5.492572356097085162e-01 4.430950586018730410e-03 0.000000000000000000e+00
0.000000000000000000e+00 0.000000000000000000e+00 0.000000000000000000e+00 1.111667801681098311e+01 5.127799072304437683e-02 2.182422499578183864e-02 0.000000000000000000e+00
0.000000000000000000e+00 0.000000000000000000e+00 0.000000000000000000e+00 1.978999937657077490e+00 8.260520094271553426e-02 -5.122607180254844933e-02 0.000000000000000000e+00
0.000000000000000000e+00 0.000000000000000000e+00 0.000000000000000000e+00 4.974855316220331503e+00 1.510125873433510180e-01 1.911050638793414941e-02 0.000000000000000000e+00
0.000000000000000000e+00 0.000000000000000000e+00 0.000000000000000000e+00 6.006054147712932334e+00 -1.619845923353971373e-01 1.280132784163327125e-02 0.000000000000000000e+00
0.000000000000000000e+00 0.000000000000000000e+00 0.000000000000000000e+00 2.540421829490786543e+00 -1.920462727749374376e-01 -4.820765925010685182e-02 0.000000000000000000e+00
0.000000000000000000e+00 0.000000000000000000e+00 0.000000000000000000e+00 8.357679167455218661e+00 2.529792356450638047e-01 9.121606849881440382e-03 0.000000000000000000e+00
0.000000000000000000e+00 0.000000000000000000e+00 0.000000000000000000e+00 6.884927844581161693e+00 1.747734195178605177e-01 1.099120563825385297e-02 0.000000000000000000e+00
0.000000000000000000e+00 0.000000000000000000e+00 0.000000000000000000e+00 4.771009583662315201e+00 -1.510260743785100078e-02 1.608819797938708862e-03 0.000000000000000000e+00
0.000000000000000000e+00 0.000000000000000000e+00 0.000000000000000000e+00 2.196388014233159325e+01 2.676201602178154035e-04 8.134392252652365880e-04 0.000000000000000000e+00
0.000000000000000000e+00 0.000000000000000000e+00 0.000000000000000000e+00 1.102369659951417002e+00 -2.176154069157977891e-02 -1.974866382164599254e-01 0.000000000000000000e+00
0.000000000000000000e+00 0.000000000000000000e+00 0.000000000000000000e+00 1.312212823718249322e+00 2.287059189788318014e-01 -1.370055864747861119e-01 0.000000000000000000e+00
0.000000000000000000e+00 0.000000000000000000e+00 0.000000000000000000e+00 1.399946448156662804e+00 2.955348482859944115e-01 -1.139576994307930913e-01 0.000000000000000000e+00
0.000000000000000000e+00 0.000000000000000000e+00 0.000000000000000000e+00 2.766433622160116457e+00 -7.950857480446624215e-02 -2.939344712038145790e-02 0.000000000000000000e+00
0.000000000000000000e+00 0.000000000000000000e+00 0.000000000000000000e+00 2.908829851554644907e+00 2.354235047018018306e-02 -1.491553197910515209e-02 0.000000000000000000e+00
0.000000000000000000e+00 0.000000000000000000e+00 0.000000000000000000e+00 7.942897960638566346e+00 -3.551390903992000109e-02 2.951739832349208406e-02 0.000000000000000000e+00
0.000000000000000000e+00 0.000000000000000000e+00 0.000000000000000000e+00 4.864233113364451633e+00 6.900351769884741082e-02 1.049132634498405568e-02 0.000000000000000000e+00
0.000000000000000000e+00 0.000000000000000000e+00 0.000000000000000000e+00 2.125208431444243651e+00 -5.112855644407225675e-02 -5.343155175684476815e-02 0.000000000000000000e+00
0.000000000000000000e+00 0.000000000000000000e+00 0.000000000000000000e+00 7.347372529040547384e+00 -4.034319366261434475e-02 -1.107967698874953635e-03 0.000000000000000000e+00
0.000000000000000000e+00 0.000000000000000000e+00 0.000000000000000000e+00 5.124540747419223941e+00 2.153021606319992232e-01 2.630549368911374100e-02 0.000000000000000000e+00
0.000000000000000000e+00 0.000000000000000000e+00 0.000000000000000000e+00 1.996865372625709512e+00 6.561421172016934644e-02 -5.136778057625653038e-02 0.000000000000000000e+00
0.000000000000000000e+00 0.000000000000000000e+00 0.000000000000000000e+00 3.852589953644759202e+00 -1.785404018667170190e-01 -2.580460229226873639e-02 0.000000000000000000e+00
0.000000000000000000e+00 0.000000000000000000e+00 0.000000000000000000e+00 1.908885216416309660e+01 -9.219919839408370534e-04 -1.868040061535972129e-03 0.000000000000000000e+00
0.000000000000000000e+00 0.000000000000000000e+00 0.000000000000000000e+00 8.009333864622739441e+00 1.675452674546923371e-02 3.065971971417967221e-02 0.000000000000000000e+00
0.000000000000000000e+00 0.000000000000000000e+00 0.000000000000000000e+00 9.003917143304683179e+00 -2.797961628449154858e-01 -3.171767785732405170e-02 0.000000000000000000e+00
0.000000000000000000e+00 0.000000000000000000e+00 0.000000000000000000e+00 6.865986501581346602e+00 1.749899651157089397e-01 1.183080170420977226e-02 0.000000000000000000e+00
0.000000000000000000e+00 0.000000000000000000e+00 0.000000000000000000e+00 6.304758320310694941e-01 -5.646282367608146391e-01 -2.619812455022210718e-01 0.000000000000000000e+00
0.000000000000000000e+00 0.000000000000000000e+00 0.000000000000000000e+00 6.043991365230952262e+00 -1.644080416889101559e-01 1.317092728353448129e-02 0.000000000000000000e+00
0.000000000000000000e+00 0.000000000000000000e+00 0.000000000000000000e+00 2.874209512546050060e+00 -1.811838302936715503e-03 -1.841139437203088980e-02 0.000000000000000000e+00
0.000000000000000000e+00 0.000000000000000000e+00 0.000000000000000000e+00 7.737046445357087521e+00 -1.427633186397484488e-01 1.880159489895020380e-02 0.000000000000000000e+00
0.000000000000000000e+00 0.000000000000000000e+00 0.000000000000000000e+00 2.894570496699682582e+00 1.313972536877119554e-02 -1.634660071398425993e-02 0.000000000000000000e+00
0.000000000000000000e+00 0.000000000000000000e+00 0.000000000000000000e+00 6.411693924327233951e+00 -2.630567913787639281e-02 1.994842475122709374e-02 0.000000000000000000e+00
0.000000000000000000e+00 0.000000000000000000e+00 0.000000000000000000e+00 8.628017505238172902e+00 1.735228499397549751e-01 -2.577906907583524948e-02 0.000000000000000000e+00
0.000000000000000000e+00 0.000000000000000000e+00 0.000000000000000000e+00 1.606240795118200504e+00 3.376413678784733197e-01 -7.300182302850784233e-02 0.000000000000000000e+00
0.000000000000000000e+00 0.000000000000000000e+00 0.000000000000000000e+00 7.778930634098196073e+00 -1.297094353391420873e-01 2.154857752135809490e-02 0.000000000000000000e+00
0.000000000000000000e+00 0.000000000000000000e+00 0.000000000000000000e+00 3.055924211867116380e+00 1.204492528679746016e-01 -1.644006225621812839e-03 0.000000000000000000e+00
0.000000000000000000e+00 0.000000000000000000e+00 0.000000000000000000e+00 6.420400570901668047e+00 -2.074598641266046928e-02 2.005037291168610888e-02 0.000000000000000000e+00
0.000000000000000000e+00 0.000000000000000000e+00 0.000000000000000000e+00 7.778141825852973312e+00 -1.300013905994327756e-01 2.149840604838542876e-02 0.000000000000000000e+00
0.000000000000000000e+00 0.000000000000000000e+00 0.000000000000000000e+00 4.598489659229849202e+00 -1.797055080264099713e-01 -1.634559281439114040e-02 0.000000000000000000e+00
0.000000000000000000e+00 0.000000000000000000e+00 0.000000000000000000e+00 2.655503927792017382e+00 -1.473346119569184653e-01 -3.976057001492221132e-02 0.000000000000000000e+00
0.000000000000000000e+00 0.000000000000000000e+00 0.000000000000000000e+00 1.019811416595733711e+01 -5.590929499619676779e-01 -1.609425833795286725e-02 0.000000000000000000e+00
0.000000000000000000e+00 0.000000000000000000e+00 0.000000000000000000e+00 9.650395804516827880e+00 2.964615165305855005e-01 2.714971433092813052e-02 0.000000000000000000e+00
0.000000000000000000e+00 0.000000000000000000e+00 0.000000000000000000e+00 1.653563355721476391e+00 3.247393153039577762e-01 -6.671475119750554239e-02 0.000000000000000000e+00
0.000000000000000000e+00 0.000000000000000000e+00 0.000000000000000000e+00 5.781768608647023910e+00 -7.926500965069965821e-02 1.424278524699298248e-02 0.000000000000000000e+00
0.000000000000000000e+00 0.000000000000000000e+00 0.000000000000000000e+00 8.509884154782460186e+00 2.465509145499795163e-01 -1.090905521021851877e-02 0.000000000000000000e+00
0.000000000000000000e+00 0.000000000000000000e+00 0.000000000000000000e+00 6.446567366172745395e+00 -3.887909379924683884e-03 2.030612382581155687e-02 0.000000000000000000e+00
0.000000000000000000e+00 0.000000000000000000e+00 0.000000000000000000e+00 4.727282681598435232e+00 -5.702756551938501645e-02 -2.876980143929208731e-03 0.000000000000000000e+00
0.000000000000000000e+00 0.000000000000000000e+00 0.000000000000000000e+00 3.665206847871956164e+00 -6.718050393922406563e-03 -9.172302677188846898e-03 0.000000000000000000e+00
0.000000000000000000e+00 0.000000000000000000e+00 0.000000000000000000e+00 2.953231226454387848e+00 5.522551163792631390e-02 -1.057591295120265465e-02 0.000000000000000000e+00
0.000000000000000000e+00 0.000000000000000000e+00 0.000000000000000000e+00 2.422856293395412752e+00 -2.012075868538467094e-01 -5.353940486243858460e-02 0.000000000000000000e+00
0.000000000000000000e+00 0.000000000000000000e+00 0.000000000000000000e+00 9.475913297807745383e-01 -2.423861229913978343e-01 -2.369605282809529867e-01 0.000000000000000000e+00
0.000000000000000000e+00 0.000000000000000000e+00 0.000000000000000000e+00 2.850145758422549136e+00 -1.952321446221936055e-02 -2.087230271574991650e-02 0.000000000000000000e+00
0.000000000000000000e+00 0.000000000000000000e+00 0.000000000000000000e+00 3.643658597161131496e+00 1.209031082357898620e-02 -7.323574383783421071e-03 0.000000000000000000e+00
0.000000000000000000e+00 0.000000000000000000e+00 0.000000000000000000e+00 2.870586933184912759e+00 -4.478257781113994043e-03 -1.878076870622063382e-02 0.000000000000000000e+00
0.000000000000000000e+00 0.000000000000000000e+00 0.000000000000000000e+00 7.566728850950319440e+00 -1.430797458369174047e-01 7.520720260232299087e-03 0.000000000000000000e+00
0.000000000000000000e+00 0.000000000000000000e+00 0.000000000000000000e+00 3.028860520151057223e+00 1.047314570648522764e-01 -3.807072574674779438e-03 0.000000000000000000e+00
0.000000000000000000e+00 0.000000000000000000e+00 0.000000000000000000e+00 6.692092766657258274e+00 1.365833626636831499e-01 1.817245909568761600e-02 0.000000000000000000e+00

Amplitudes vs time: t // theta_tt_old // theta_mt_old // alpha_cdt_old// theta_tt_opt // theta_mt_opt// alpha_cdt_opt  
0.000000000000000000e+00 6.172839506172839164e-03 9.938271604938271331e-01 0.000000000000000000e+00 2.641475720347243386e-02 8.324756267841353363e-01 0.000000000000000000e+00
1.000000000000000000e+00 1.851851851851851749e-02 9.814814814814815103e-01 0.000000000000000000e+00 7.855293113022876472e-02 8.561571811920477559e-01 0.000000000000000000e+00
2.000000000000000000e+00 3.086419753086419582e-02 9.691358024691357764e-01 0.000000000000000000e+00 1.288129911595246313e-01 8.509332755636852541e-01 0.000000000000000000e+00
3.000000000000000000e+00 4.320987654320987414e-02 9.567901234567901536e-01 0.000000000000000000e+00 1.756331588055213833e-01 8.212791244600308183e-01 0.000000000000000000e+00
4.000000000000000000e+00 5.555555555555555247e-02 9.444444444444444198e-01 0.000000000000000000e+00 2.174808076259400480e-01 7.744994649263438058e-01 0.000000000000000000e+00
5.000000000000000000e+00 6.790123456790123080e-02 9.320987654320987970e-01 0.000000000000000000e+00 2.533535575772327686e-01 7.190966433189511786e-01 0.000000000000000000e+00
6.000000000000000000e+00 8.024691358024690913e-02 9.197530864197530631e-01 0.000000000000000000e+00 2.831124620867693231e-01 6.630547356193201569e-01 0.000000000000000000e+00
7.000000000000000000e+00 9.259259259259258745e-02 9.074074074074074403e-01 0.000000000000000000e+00 3.075931488091662724e-01 6.125897330354126424e-01 0.000000000000000000e+00
8.000000000000000000e+00 1.049382716049382658e-01 8.950617283950617065e-01 0.000000000000000000e+00 3.285003985714378683e-01 5.716596617600070429e-01 0.000000000000000000e+00
9.000000000000000000e+00 1.172839506172839441e-01 8.827160493827160836e-01 0.000000000000000000e+00 3.481307830117982838e-01 5.421626313559221311e-01 0.000000000000000000e+00
1.000000000000000000e+01 1.296296296296296224e-01 8.703703703703703498e-01 0.000000000000000000e+00 3.689846107075315795e-01 5.244818631917863572e-01 0.000000000000000000e+00
1.100000000000000000e+01 1.419753086419753008e-01 8.580246913580247270e-01 0.000000000000000000e+00 3.933327291844131990e-01 5.179966974195707730e-01 0.000000000000000000e+00
1.200000000000000000e+01 1.543209876543209791e-01 8.456790123456789932e-01 0.000000000000000000e+00 4.228068635103672257e-01 5.213524967298660551e-01 0.000000000000000000e+00
1.300000000000000000e+01 1.666666666666666574e-01 8.333333333333333703e-01 0.000000000000000000e+00 4.580861121019920712e-01 5.325314859465015704e-01 0.000000000000000000e+00
1.400000000000000000e+01 1.790123456790123357e-01 8.209876543209876365e-01 0.000000000000000000e+00 4.987481280500739023e-01 5.489253428952818314e-01 0.000000000000000000e+00
1.500000000000000000e+01 1.913580246913580141e-01 8.086419753086420137e-01 0.000000000000000000e+00 5.433298093716276700e-01 5.675913160903678367e-01 0.000000000000000000e+00
1.600000000000000000e+01 2.037037037037036924e-01 7.962962962962962798e-01 0.000000000000000000e+00 5.895962832924300789e-01 5.857135933525481342e-01 0.000000000000000000e+00
1.700000000000000000e+01 2.160493827160493707e-01 7.839506172839506570e-01 0.000000000000000000e+00 6.349608882592100434e-01 6.011150234833971817e-01 0.000000000000000000e+00
1.800000000000000000e+01 2.283950617283950490e-01 7.716049382716049232e-01 0.000000000000000000e+00 6.769554463283322665e-01 6.125942075247043928e-01 0.000000000000000000e+00
1.900000000000000000e+01 2.407407407407407274e-01 7.592592592592593004e-01 0.000000000000000000e+00 7.136395663464960570e-01 6.199415056487909137e-01 0.000000000000000000e+00
2.000000000000000000e+01 2.530864197530864335e-01 7.469135802469135665e-01 0.000000000000000000e+00 7.438649686142865258e-01 6.236558509149620066e-01 0.000000000000000000e+00
2.100000000000000000e+01 2.654320987654321118e-01 7.345679012345678327e-01 0.000000000000000000e+00 7.673619264246097638e-01 6.245302826814326247e-01 0.000000000000000000e+00
2.200000000000000000e+01 2.777777777777777901e-01 7.222222222222222099e-01 0.000000000000000000e+00 7.846652855657771930e-01 6.233102021799363790e-01 0.000000000000000000e+00
2.300000000000000000e+01 2.901234567901234684e-01 7.098765432098765871e-01 0.000000000000000000e+00 7.969267091609246734e-01 6.205458180554588310e-01 0.000000000000000000e+00
2.400000000000000000e+01 3.024691358024691468e-01 6.975308641975308532e-01 0.000000000000000000e+00 8.056629622611701791e-01 6.166264980551344754e-01 0.000000000000000000e+00
2.500000000000000000e+01 3.148148148148148251e-01 6.851851851851851194e-01 0.000000000000000000e+00 8.124784741719555115e-01 6.118904689250497242e-01 0.000000000000000000e+00
2.600000000000000000e+01 3.271604938271605034e-01 6.728395061728394966e-01 0.000000000000000000e+00 8.187911406899435196e-01 6.066997464458530054e-01 0.000000000000000000e+00
2.700000000000000000e+01 3.395061728395061817e-01 6.604938271604938738e-01 0.000000000000000000e+00 8.255926485028842743e-01 6.014397900759959059e-01 0.000000000000000000e+00
2.800000000000000000e+01 3.518518518518518601e-01 6.481481481481481399e-01 0.000000000000000000e+00 8.332832417547162418e-01 5.964808865255917247e-01 0.000000000000000000e+00
2.900000000000000000e+01 3.641975308641975384e-01 6.358024691358024061e-01 0.000000000000000000e+00 8.416207884492269420e-01 5.921629394282981185e-01 0.000000000000000000e+00
3.000000000000000000e+01 3.765432098765432167e-01 6.234567901234567833e-01 0.000000000000000000e+00 8.498033930863817531e-01 5.888250458228414530e-01 0.000000000000000000e+00
3.100000000000000000e+01 3.888888888888888951e-01 6.111111111111111605e-01 0.000000000000000000e+00 8.566662659255047663e-01 5.868373737557468495e-01 0.000000000000000000e+00
3.200000000000000000e+01 4.012345679012345734e-01 5.987654320987654266e-01 0.000000000000000000e+00 8.609350618005341405e-01 5.865650103724104891e-01 0.000000000000000000e+00
3.300000000000000000e+01 4.135802469135802517e-01 5.864197530864196928e-01 0.000000000000000000e+00 8.614617220430555999e-01 5.882317103489337340e-01 0.000000000000000000e+00
3.400000000000000000e+01 4.259259259259259300e-01 5.740740740740740700e-01 0.000000000000000000e+00 8.573860087129018259e-01 5.917321243018224264e-01 0.000000000000000000e+00
3.500000000000000000e+01 4.382716049382716084e-01 5.617283950617284471e-01 0.000000000000000000e+00 8.482072071953747905e-01 5.965034132098679942e-01 0.000000000000000000e+00
3.600000000000000000e+01 4.506172839506172867e-01 5.493827160493827133e-01 0.000000000000000000e+00 8.337911927382954946e-01 6.015587121940180193e-01 0.000000000000000000e+00
3.700000000000000000e+01 4.629629629629629650e-01 5.370370370370369795e-01 0.000000000000000000e+00 8.143540053485314179e-01 6.057019397122723747e-01 0.000000000000000000e+00
3.800000000000000000e+01 4.753086419753086433e-01 5.246913580246913567e-01 0.000000000000000000e+00 7.904471000031358940e-01 6.078366962445700405e-01 0.000000000000000000e+00
3.900000000000000000e+01 4.876543209876543217e-01 5.123456790123457338e-01 0.000000000000000000e+00 7.629367792408638937e-01 6.072229547163446872e-01 0.000000000000000000e+00
4.000000000000000000e+01 5.000000000000000000e-01 5.000000000000000000e-01 0.000000000000000000e+00 7.329483109101726512e-01 6.035662750598655979e-01 0.000000000000000000e+00
4.100000000000000000e+01 5.123456790123457338e-01 4.876543209876542662e-01 0.000000000000000000e+00 7.017538110682666197e-01 5.969277233613718980e-01 0.000000000000000000e+00
4.200000000000000000e+01 5.246913580246913567e-01 4.753086419753086433e-01 0.000000000000000000e+00 6.706193479407365210e-01 5.875511385232201622e-01 0.000000000000000000e+00
4.300000000000000000e+01 5.370370370370370905e-01 4.629629629629629095e-01 0.000000000000000000e+00 6.406655732734292119e-01 5.757457019579731439e-01 0.000000000000000000e+00
4.400000000000000000e+01 5.493827160493827133e-01 4.506172839506172867e-01 0.000000000000000000e+00 6.128062745222501162e-01 5.619081046630620691e-01 0.000000000000000000e+00
4.500000000000000000e+01 5.617283950617284471e-01 4.382716049382715529e-01 0.000000000000000000e+00 5.877958953853184010e-01 5.466560397097797175e-01 0.000000000000000000e+00
4.600000000000000000e+01 5.740740740740740700e-01 4.259259259259259300e-01 0.000000000000000000e+00 5.663550275557212021e-01 5.309496649072241725e-01 0.000000000000000000e+00
4.700000000000000000e+01 5.864197530864198038e-01 4.135802469135801962e-01 0.000000000000000000e+00 5.492895837914645307e-01 5.160658377551972098e-01 0.000000000000000000e+00
4.800000000000000000e+01 5.987654320987654266e-01 4.012345679012345734e-01 0.000000000000000000e+00 5.375117462412727365e-01 5.033723663754615663e-01 0.000000000000000000e+00
4.900000000000000000e+01 6.111111111111111605e-01 3.888888888888888395e-01 0.000000000000000000e+00 5.319200501329138797e-01 4.939748357968881121e-01 0.000000000000000000e+00
5.000000000000000000e+01 6.234567901234567833e-01 3.765432098765432167e-01 0.000000000000000000e+00 5.331774346853486168e-01 4.883964562217985583e-01 0.000000000000000000e+00
5.100000000000000000e+01 6.358024691358025171e-01 3.641975308641974829e-01 0.000000000000000000e+00 5.414920608647330047e-01 4.864449662888107317e-01 0.000000000000000000e+00
5.200000000000000000e+01 6.481481481481481399e-01 3.518518518518518601e-01 0.000000000000000000e+00 5.565143723478455096e-01 4.873229736275549451e-01 0.000000000000000000e+00
5.300000000000000000e+01 6.604938271604938738e-01 3.395061728395061262e-01 0.000000000000000000e+00 5.774064659258605348e-01 4.899094262816411915e-01 0.000000000000000000e+00
5.400000000000000000e+01 6.728395061728394966e-01 3.271604938271605034e-01 0.000000000000000000e+00 6.030479985212735539e-01 4.930581829874942645e-01 0.000000000000000000e+00
5.500000000000000000e+01 6.851851851851852304e-01 3.148148148148147696e-01 0.000000000000000000e+00 6.322707641390545863e-01 4.957712551238684928e-01 0.000000000000000000e+00
5.600000000000000000e+01 6.975308641975308532e-01 3.024691358024691468e-01 0.000000000000000000e+00 6.640054659971537099e-01 4.971964399345725760e-01 0.000000000000000000e+00
5.700000000000000000e+01 7.098765432098765871e-01 2.901234567901234129e-01 0.000000000000000000e+00 6.972848438826081408e-01 4.965107762538837344e-01 0.000000000000000000e+00
5.800000000000000000e+01 7.222222222222222099e-01 2.777777777777777901e-01 0.000000000000000000e+00 7.311404208419792772e-01 4.928139203953202929e-01 0.000000000000000000e+00
5.900000000000000000e+01 7.345679012345679437e-01 2.654320987654320563e-01 0.000000000000000000e+00 7.644983192509079428e-01 4.851357223521884365e-01 0.000000000000000000e+00
6.000000000000000000e+01 7.469135802469135665e-01 2.530864197530864335e-01 0.000000000000000000e+00 7.961800706032878816e-01 4.725796237671880951e-01 0.000000000000000000e+00
6.100000000000000000e+01 7.592592592592593004e-01 2.407407407407406996e-01 0.000000000000000000e+00 8.250456611820261577e-01 4.545342215885878612e-01 0.000000000000000000e+00
6.200000000000000000e+01 7.716049382716049232e-01 2.283950617283950768e-01 0.000000000000000000e+00 8.502196863625649526e-01 4.308443596196903647e-01 0.000000000000000000e+00
6.300000000000000000e+01 7.839506172839506570e-01 2.160493827160493430e-01 0.000000000000000000e+00 8.712769624302116878e-01 4.018603445161500476e-01 0.000000000000000000e+00
6.400000000000000000e+01 7.962962962962962798e-01 2.037037037037037202e-01 0.000000000000000000e+00 8.882726850060997936e-01 3.683555542370093860e-01 0.000000000000000000e+00
6.500000000000000000e+01 8.086419753086420137e-01 1.913580246913579863e-01 0.000000000000000000e+00 9.015820798480017606e-01 3.313706964510634290e-01 0.000000000000000000e+00
6.600000000000000000e+01 8.209876543209876365e-01 1.790123456790123635e-01 0.000000000000000000e+00 9.116204619025561895e-01 2.920672388995899649e-01 0.000000000000000000e+00
6.700000000000000000e+01 8.333333333333333703e-01 1.666666666666666297e-01 0.000000000000000000e+00 9.185852010308914739e-01 2.516448097012710661e-01 0.000000000000000000e+00
6.800000000000000000e+01 8.456790123456789932e-01 1.543209876543210068e-01 0.000000000000000000e+00 9.223543882604170463e-01 2.113222514548208364e-01 0.000000000000000000e+00
6.900000000000000000e+01 8.580246913580247270e-01 1.419753086419752730e-01 0.000000000000000000e+00 9.225951195513011349e-01 1.723374592232235214e-01 0.000000000000000000e+00
7.000000000000000000e+01 8.703703703703703498e-01 1.296296296296296502e-01 0.000000000000000000e+00 9.190220561093148666e-01 1.359132067559221946e-01 0.000000000000000000e+00
7.100000000000000000e+01 8.827160493827160836e-01 1.172839506172839164e-01 0.000000000000000000e+00 9.116660059006242989e-01 1.031647171232254467e-01 0.000000000000000000e+00
7.200000000000000000e+01 8.950617283950617065e-01 1.049382716049382935e-01 0.000000000000000000e+00 9.010065917922618350e-01 7.496742293466590601e-02 0.000000000000000000e+00
7.300000000000000000e+01 9.074074074074074403e-01 9.259259259259255970e-02 0.000000000000000000e+00 8.878948173579829239e-01 5.183276357475499058e-02 0.000000000000000000e+00
7.400000000000000000e+01 9.197530864197530631e-01 8.024691358024693688e-02 0.000000000000000000e+00 8.733009072838591180e-01 3.384084094933159648e-02 0.000000000000000000e+00
7.500000000000000000e+01 9.320987654320987970e-01 6.790123456790120304e-02 0.000000000000000000e+00 8.580114679832751001e-01 2.065515391598330558e-02 0.000000000000000000e+00
7.600000000000000000e+01 9.444444444444444198e-01 5.555555555555558023e-02 0.000000000000000000e+00 8.424219747766070743e-01 1.161314580804915196e-02 0.000000000000000000e+00
7.700000000000000000e+01 9.567901234567901536e-01 4.320987654320984639e-02 0.000000000000000000e+00 8.265166494205756775e-01 5.863885464033381269e-03 0.000000000000000000e+00
7.800000000000000000e+01 9.691358024691357764e-01 3.086419753086422357e-02 0.000000000000000000e+00 8.100287052308534630e-01 2.518382195122465927e-03 0.000000000000000000e+00
7.900000000000000000e+01 9.814814814814815103e-01 1.851851851851848973e-02 0.000000000000000000e+00 7.926828284386248091e-01 7.854714829185454727e-04 0.000000000000000000e+00
8.000000000000000000e+01 9.938271604938271331e-01 6.172839506172866919e-03 0.000000000000000000e+00 7.743858337326644525e-01 7.823684292944129532e-05 0.000000000000000000e+00

Residual energy after optimization is 1.145586882872147e-08 C0x=-0.0005831257672075928 C0z=0.7649150170372964 C0xz=1.0
Optimization procedure took 301.6906063556671 seconds