### PARAMETERS OF THE TIME EVOLUTION ### 
Total time tau = 24
Timestep dt = 1
P = tau/dt = 24
Number of Fourier coefficients Nc = 24

gamma(t) = t/T*(delta_t + \sum_i^Nc gamma_i*f_i(wi, t) 
beta(t) = (1-t/T)*(delta_t + \sum_i^Nc beta_i*f_i(wi, t)

CRAB coefficient   Cz_start// Cx_start// Cxz_start // pulses//  Cz_opt // Cx_opt // Cxz_opt  
0.000000000000000000e+00 0.000000000000000000e+00 0.000000000000000000e+00 7.116015118956769925e+01 -1.190898547076422315e-02 -1.518381690790906492e-02 1.164559562799445354e-04
0.000000000000000000e+00 0.000000000000000000e+00 0.000000000000000000e+00 6.026827935329081498e+01 -1.860596253411304565e-02 5.124819835716650646e-02 -2.437362698122864848e-03
0.000000000000000000e+00 0.000000000000000000e+00 0.000000000000000000e+00 1.669147299558664699e+01 2.937436275313454814e+01 -2.597450803446875178e-01 1.716310879706501646e+00
0.000000000000000000e+00 0.000000000000000000e+00 0.000000000000000000e+00 1.854716082546431366e+01 8.875288976119234619e+00 2.662760821537579758e+00 -2.000517458250895830e-02
0.000000000000000000e+00 0.000000000000000000e+00 0.000000000000000000e+00 1.544504127570913532e+01 2.604221196318151077e-01 -9.920740404733380258e-02 3.182044187713824190e-02
0.000000000000000000e+00 0.000000000000000000e+00 0.000000000000000000e+00 5.258925266401512921e+00 -2.099378723352228748e-01 9.373234274065922467e-02 -5.862134884749611863e-03
0.000000000000000000e+00 0.000000000000000000e+00 0.000000000000000000e+00 4.189184192397704010e+01 1.659487507741496670e-01 -5.102868788433170266e-01 1.957882172408534696e-02
0.000000000000000000e+00 0.000000000000000000e+00 0.000000000000000000e+00 4.713942010562785612e+01 -1.013511813443366272e+00 9.977782425046447301e+00 -1.797659749887184688e+00
0.000000000000000000e+00 0.000000000000000000e+00 0.000000000000000000e+00 3.912825158328315212e+01 -3.782561838911962515e-01 -1.471910449196030424e+00 1.854542810531360081e-02
0.000000000000000000e+00 0.000000000000000000e+00 0.000000000000000000e+00 1.894810915984039568e+01 7.916783207994559035e+00 1.103804617217119199e+00 3.394394344027553689e-01
0.000000000000000000e+00 0.000000000000000000e+00 0.000000000000000000e+00 1.697388294559594968e+01 -3.659668665979328495e+01 -1.628247908835422919e+00 -1.765889819176832853e+00
0.000000000000000000e+00 0.000000000000000000e+00 0.000000000000000000e+00 6.440127926099491162e+01 8.834807276031853007e+00 -6.262253648647972959e-01 6.183984949875617199e-01
0.000000000000000000e+00 0.000000000000000000e+00 0.000000000000000000e+00 2.199313642457260443e+01 8.695842734057943405e-03 1.113195531342754153e-02 -3.257834985234089767e-04
0.000000000000000000e+00 0.000000000000000000e+00 0.000000000000000000e+00 2.200957531770912468e+00 -8.081438897369445096e-01 3.273719150279012613e+00 -4.755857022876197049e-01
0.000000000000000000e+00 0.000000000000000000e+00 0.000000000000000000e+00 6.564137321170887773e+00 -7.957146040506353490e-02 2.975871147173720366e-01 -3.496289099583342608e-02
0.000000000000000000e+00 0.000000000000000000e+00 0.000000000000000000e+00 4.466543466949634222e+01 2.386836795811508316e-01 -5.817625208585788243e-01 1.094089249570518452e-01
0.000000000000000000e+00 0.000000000000000000e+00 0.000000000000000000e+00 4.825438024343121413e+01 -1.761979068395164827e+00 1.782907080040804004e+01 -2.434297030114434435e+00
0.000000000000000000e+00 0.000000000000000000e+00 0.000000000000000000e+00 8.366017523539126088e+00 -4.965216058434866742e-02 -7.594753139806812436e-01 1.721735596785423789e-02
0.000000000000000000e+00 0.000000000000000000e+00 0.000000000000000000e+00 6.531139995752394611e+01 -1.931593819400190881e+01 -1.945620549435995050e+00 -7.203923316065679039e-01
0.000000000000000000e+00 0.000000000000000000e+00 0.000000000000000000e+00 1.820447030157163937e+01 -1.014447746572632525e+01 -2.372737300782407299e+00 -1.146085134169053110e-01
0.000000000000000000e+00 0.000000000000000000e+00 0.000000000000000000e+00 2.867628821774652437e+01 2.137825332925771260e+00 6.712346474630370707e-01 5.039713245600928836e-03
0.000000000000000000e+00 0.000000000000000000e+00 0.000000000000000000e+00 1.901916135461149082e+01 -1.220897739200693088e+01 -2.666926119091023839e+00 -2.874902091617702049e-01
0.000000000000000000e+00 0.000000000000000000e+00 0.000000000000000000e+00 3.925987825279973009e+01 4.105628189750324397e-01 2.065887043214117202e+00 -4.264693450495593563e-02
0.000000000000000000e+00 0.000000000000000000e+00 0.000000000000000000e+00 1.740531904225224302e+00 1.213708705274563870e+00 -5.969537821220818330e+00 7.708653860545608971e-01

Amplitudes vs time: t // theta_tt_old // theta_mt_old // alpha_cdt_old// theta_tt_opt // theta_mt_opt// alpha_cdt_opt  
0.000000000000000000e+00 1.292073130701621234e-02 -1.962121856701937173e-01 1.039137653833783759e-01 3.720528907078672620e-02 3.406990808459453568e-02 1.302615393266360611e-01
1.000000000000000000e+00 5.190379421681781680e-03 7.998570316582599427e-01 2.429705393409644643e-01 5.835487975973119301e-02 6.773916257036773914e-01 2.768133523075776425e-01
2.000000000000000000e+00 2.064765546887561976e-02 5.984484270358038094e-01 2.883844049110706464e-01 1.390563617246809713e-01 4.296610147220258913e-01 2.888403667486073578e-01
3.000000000000000000e+00 6.089843256817014522e-02 3.137015125443310959e-01 3.008464101687522430e-01 1.809627834487870790e-01 2.760446093578730054e-01 3.036555771221963185e-01
4.000000000000000000e+00 1.300027264900338042e-01 1.651476151582557117e-01 3.113401661636725493e-01 2.191564868019927892e-01 1.704479502363083765e-01 3.130947362811919987e-01
5.000000000000000000e+00 2.194693907643819608e-01 7.791512838306846600e-02 3.258577879654502851e-01 2.614082986783592966e-01 9.346111158149525422e-02 3.265521356198139991e-01
6.000000000000000000e+00 3.070644879614441436e-01 1.025742662051620790e-02 3.444208574697551484e-01 3.155635669683601319e-01 4.076787697604047911e-02 3.444678487605497552e-01
7.000000000000000000e+00 3.825942388295250907e-01 1.333240597635509950e-03 3.606310971889659100e-01 3.834971730099113740e-01 9.257775571169985646e-03 3.595842678290968042e-01
8.000000000000000000e+00 4.487563775116643061e-01 2.239754982546804385e-02 3.738746124845988561e-01 4.645553035518147356e-01 4.583604965804330411e-03 3.657700761282059454e-01
9.000000000000000000e+00 4.921088657380134901e-01 2.299652658163975349e-02 3.900064791757964500e-01 5.253649725420277417e-01 1.981048374281756813e-02 3.680115363502435843e-01
1.000000000000000000e+01 4.803623678462638491e-01 -2.175808336060292003e-03 4.044348776738875273e-01 5.356950865328712341e-01 2.190040739898222594e-02 3.884366708695460857e-01
1.100000000000000000e+01 4.203311837894185277e-01 -2.968650712316478479e-02 4.114400244231968262e-01 5.124559434142064163e-01 1.278335322969142984e-03 4.256271779486873186e-01
1.200000000000000000e+01 3.710260695033987810e-01 -2.802375726075784224e-02 4.141111975406484014e-01 4.863968753461734851e-01 -1.498432949179952928e-02 4.544078725696300003e-01
1.300000000000000000e+01 3.763716378938712914e-01 -2.525835916719859631e-02 4.168371129193682023e-01 4.640187284324351347e-01 -1.315297592094229195e-02 4.674150954542038994e-01
1.400000000000000000e+01 4.384573918198553799e-01 -2.620617103542460802e-02 4.183201031833343464e-01 4.668040808512911033e-01 -4.454748672378321117e-03 4.643636354458958726e-01
1.500000000000000000e+01 5.335914901807663480e-01 -1.377683113451688701e-02 4.096867029012578598e-01 5.176679313944644312e-01 1.506323566170158362e-02 4.431651698483837221e-01
1.600000000000000000e+01 6.295645215451026733e-01 1.096477350112540217e-02 3.740169411922504850e-01 6.169755054194341337e-01 4.413024281590223474e-02 3.953599788475782306e-01
1.700000000000000000e+01 6.969800738266225260e-01 2.681085291738630194e-02 3.096730638139391090e-01 7.162562758012454012e-01 5.876205968495021303e-02 3.276437578410854035e-01
1.800000000000000000e+01 7.041258516194039974e-01 1.253574362669288011e-02 2.366526815065146394e-01 7.331995679196847693e-01 3.634530962034959733e-02 2.571071475785909888e-01
1.900000000000000000e+01 6.472218880070049751e-01 -1.240016476259284128e-02 1.714866768295539856e-01 6.733914955864929164e-01 7.969975027732275480e-03 1.816334345664285255e-01
2.000000000000000000e+01 5.829323539234609886e-01 -2.509329808688956498e-02 1.239221762633535562e-01 6.092819686855733829e-01 -2.815131466887228762e-03 1.403175963045868169e-01
2.100000000000000000e+01 5.748177414264358243e-01 -2.323402502988419771e-02 9.026910245962405099e-02 7.241440432089155665e-01 -4.225065699288224619e-03 1.249525792985398398e-01
2.200000000000000000e+01 6.229767549967676343e-01 -2.125761175978801293e-02 5.669193934443939042e-02 8.452503319549663496e-01 -6.650197412073503844e-03 7.827763276633632750e-02
2.300000000000000000e+01 6.916256510142009262e-01 -1.316184877894146371e-02 1.927278880868099620e-02 8.055157613434047459e-01 -2.051403580565922327e-02 2.362417855929881128e-02

Residual energy after optimization is 1.696034623645831e-05 C0x=1.9077934609278921 C0z=1.328227369024279 C0xz=-0.004810858200574138
Optimization procedure took 130.06346988677979 seconds