### PARAMETERS OF THE TIME EVOLUTION ### 
Total time tau = 54
Timestep dt = 1
P = tau/dt = 54
Number of Fourier coefficients Nc = 54

gamma(t) = t/T*(delta_t + \sum_i^Nc gamma_i*f_i(wi, t) 
beta(t) = (1-t/T)*(delta_t + \sum_i^Nc beta_i*f_i(wi, t)

CRAB coefficient   Cz_start// pulses//  Cz_opt  
0.000000000000000000e+00 2.254638715061825138e+01 9.680104957088193629e+00
0.000000000000000000e+00 7.741344915589135844e+00 -8.243897190504061001e+00
0.000000000000000000e+00 2.255420774250888272e+01 5.669135024306684478e+00
0.000000000000000000e+00 1.638341591219369775e+01 -6.826544304508592731e-01
0.000000000000000000e+00 6.410736640406626918e+01 2.994584416182060729e-05
0.000000000000000000e+00 1.095369205895981146e+01 -1.147397060933687740e+01
0.000000000000000000e+00 2.967440419756708536e+01 -3.074458112683191136e+00
0.000000000000000000e+00 9.311456983279192912e+00 -5.881008830728641890e+00
0.000000000000000000e+00 3.194094698570487623e+01 1.290217275794732464e-02
0.000000000000000000e+00 9.369579522751575240e+00 -4.790819832128183187e+00
0.000000000000000000e+00 7.847526001006488450e+00 -7.979993692338084088e+00
0.000000000000000000e+00 1.914396732815761482e+01 -1.743735334214355781e+00
0.000000000000000000e+00 1.033635835032291084e+01 -8.525547163471468570e-01
0.000000000000000000e+00 6.707508006145934232e+00 -8.653588959793546920e+00
0.000000000000000000e+00 9.014233743790292408e+00 -1.190854603318636462e+00
0.000000000000000000e+00 5.386844255762575528e+01 -2.707047030817999759e-05
0.000000000000000000e+00 6.416084939580026791e+00 -1.916864690320137754e+01
0.000000000000000000e+00 8.669293792916070274e+00 1.365016318189485034e+01
0.000000000000000000e+00 1.514216666708956716e+01 1.040371761104345316e-01
0.000000000000000000e+00 2.632209883998852717e+01 -1.034248201281593171e-01
0.000000000000000000e+00 4.088790469717730502e+01 5.504070479027961950e-05
0.000000000000000000e+00 2.068041203006764306e+01 -4.372025341029697643e+00
0.000000000000000000e+00 2.821754544175451684e+01 1.148486360889530156e+00
0.000000000000000000e+00 1.758754485466162620e+01 -7.911295037938236518e+00
0.000000000000000000e+00 6.896557816447799638e+00 8.682724994790754991e+00
0.000000000000000000e+00 3.824224420113598910e+01 -4.991053136544573189e-05
0.000000000000000000e+00 2.985153429096527233e+01 2.261083743872950969e+00
0.000000000000000000e+00 3.361400293415775309e+01 -9.484459935268467479e-03
0.000000000000000000e+00 1.811560315544230448e+01 4.258212695422556315e+00
0.000000000000000000e+00 1.726392185771420884e+01 5.262952979451251956e+00
0.000000000000000000e+00 1.152520939895965313e+02 5.426652624492626920e-02
0.000000000000000000e+00 3.079190003433469514e+01 -1.029742642235301903e-01
0.000000000000000000e+00 5.694347533144786411e+01 4.085049381673796565e-05
0.000000000000000000e+00 2.335371808027869278e+01 -2.247918697800550802e+01
0.000000000000000000e+00 7.254793564371984971e+00 1.389070063818231837e+01
0.000000000000000000e+00 2.866340763561510840e+01 -5.487126105969125867e+00
0.000000000000000000e+00 3.701365156814839708e+01 -1.086680159213635762e-05
0.000000000000000000e+00 2.316882580771677880e+01 4.501383674719620132e+01
0.000000000000000000e+00 4.373143106646944389e+00 -1.914984322705040931e+00
0.000000000000000000e+00 2.885995103114690963e+01 5.291633874016201666e+00
0.000000000000000000e+00 3.385185657530615622e+00 -3.163048544349262303e-01
0.000000000000000000e+00 1.121971346867261587e+01 8.329160843225507094e+00
0.000000000000000000e+00 3.382828246958393237e+01 8.132155331231747178e-03
0.000000000000000000e+00 4.581734226694788248e+01 -2.475649769669045484e-05
0.000000000000000000e+00 4.044224045041719506e+00 1.750255854872531769e+00
0.000000000000000000e+00 6.233147420109683701e+00 1.576110720434346035e+01
0.000000000000000000e+00 2.282208360767128497e+01 -2.864366473842308736e+01
0.000000000000000000e+00 1.075408744767934763e+02 -5.605306663688998381e-02
0.000000000000000000e+00 2.041396275668985538e+01 4.507094936148711817e+00
0.000000000000000000e+00 1.018068770506653564e+01 9.140174419227520275e+00
0.000000000000000000e+00 3.483844840597563319e+01 -6.422707702709052344e-04
0.000000000000000000e+00 2.473330174392478398e+01 3.343481739876850711e-01
0.000000000000000000e+00 1.196287207175943834e+01 -7.476357253283942850e-01
0.000000000000000000e+00 2.290530529739708498e+01 -8.922734375453517330e+00

Amplitudes vs time: t // theta_tt_old // theta_mt_old // alpha_cdt_old//theta_ttdot_old // theta_tt_opt // theta_mt_opt// alpha_cdt_opt// theta_ttdot_opt //  
0.000000000000000000e+00 7.224758568933990766e-02 9.277524143106601340e-01 8.231028652990862379e-03 1.139517997858700699e-01 3.338735852385114888e-02 9.277524143106601340e-01 3.904838663641489738e-03 5.843567840962218818e-02
1.000000000000000000e+00 1.807410715623155584e-01 8.192589284376844416e-01 1.034091317143263043e-02 1.157480661336394295e-01 1.004350611149086581e-01 8.192589284376844416e-01 7.118345133152881830e-03 9.316304861598422027e-02
2.000000000000000000e+00 2.986894498702978296e-01 7.013105501297021149e-01 1.227837899805955639e-02 1.118555259847299338e-01 1.930484937475729912e-01 7.013105501297021149e-01 1.084280246702588185e-02 1.185872318286785854e-01
3.000000000000000000e+00 3.917111556700271224e-01 6.082888443299728776e-01 8.881725965182739324e-03 7.153213721589823937e-02 2.936552199082669845e-01 6.082888443299728776e-01 1.290788780517853826e-02 1.185186282793994628e-01
4.000000000000000000e+00 4.434912846540796649e-01 5.565087153459202796e-01 4.590413350192786013e-03 3.530122675407515453e-02 3.776689446852620202e-01 5.565087153459202796e-01 1.094773835430886723e-02 8.955375230586162805e-02
5.000000000000000000e+00 4.699895755065778835e-01 5.300104244934220610e-01 2.795115662787397374e-03 2.114824095723043251e-02 4.335374014332187831e-01 5.300104244934220610e-01 7.116852214678110258e-03 5.513896176189690690e-02
6.000000000000000000e+00 4.904620422485805320e-01 5.095379577514194125e-01 2.794593694502665177e-03 2.095678901556134038e-02 4.691027736017056027e-01 5.095379577514194125e-01 3.424234023628823682e-03 2.592013119458793508e-02
7.000000000000000000e+00 5.124711725431967402e-01 4.875288274568032598e-01 3.056634441886418863e-03 2.278683366509392377e-02 4.923261372982289941e-01 4.875288274568032598e-01 6.041627533319267942e-05 4.527706110475267220e-04
8.000000000000000000e+00 5.352164207514852334e-01 4.647835792485147666e-01 3.003260056390019174e-03 2.234326957738394515e-02 5.080798306715706980e-01 4.647835792485147666e-01 -2.371417353008611287e-03 -1.769403709319250506e-02
9.000000000000000000e+00 5.567427769517649949e-01 4.432572230482350051e-01 2.768149274133695475e-03 2.063318061158769812e-02 5.200692109766704707e-01 4.432572230482350051e-01 -3.468484543058066374e-03 -2.582757049821830450e-02
1.000000000000000000e+01 5.764109689428598138e-01 4.235890310571401862e-01 2.489111714652078849e-03 1.864569604554694449e-02 5.310616512960508739e-01 4.235890310571401862e-01 -2.591218844238568110e-03 -1.927902968907706932e-02
1.100000000000000000e+01 5.937789968077917813e-01 4.062210031922082187e-01 2.107424795382380721e-03 1.589613815312108935e-02 5.446962491809647089e-01 4.062210031922082187e-01 4.476039376548394911e-04 3.331279100913200897e-03
1.200000000000000000e+01 6.077692828020011540e-01 3.922307171979988460e-01 1.564229296722513193e-03 1.188492241922764481e-02 5.626148539006665672e-01 3.922307171979988460e-01 5.129243547726734104e-03 3.827668290458813294e-02
1.300000000000000000e+01 6.172819736044630190e-01 3.827180263955369810e-01 9.276291181764192983e-04 7.088977637196805515e-03 5.847628631323251724e-01 3.827180263955369810e-01 1.093615585894532755e-02 8.217061767051539456e-02
1.400000000000000000e+01 6.220015069754668557e-01 3.779984930245331443e-01 3.183869553498839297e-04 2.440730678352383276e-03 6.115280082316035815e-01 3.779984930245331443e-01 1.673499308833463484e-02 1.274322637542140702e-01
1.500000000000000000e+01 6.224197382495683106e-01 3.775802617504316894e-01 -1.891942078374318401e-04 -1.450761340856081272e-03 6.378066853125624602e-01 3.775802617504316894e-01 2.048237314228285380e-02 1.588535190764333582e-01
1.600000000000000000e+01 6.194513347092436284e-01 3.805486652907563716e-01 -5.594534363222715108e-04 -4.281414892253018745e-03 6.536646650750226328e-01 3.805486652907563716e-01 2.166662443224297296e-02 1.703133538445420203e-01
1.700000000000000000e+01 6.143509465535290648e-01 3.856490534464709352e-01 -7.375458841536431352e-04 -5.625907539616427366e-03 6.566777259099910724e-01 3.856490534464709352e-01 2.129890623247857398e-02 1.678840367873451478e-01
1.800000000000000000e+01 6.088522287494935181e-01 3.911477712505064819e-01 -6.625835784786412996e-04 -5.037416531032255784e-03 6.534115750132468703e-01 3.911477712505064819e-01 1.949390767358179233e-02 1.531994544548830883e-01
1.900000000000000000e+01 6.048420671564108675e-01 3.951579328435891325e-01 -3.689149386630928085e-04 -2.798389805419982529e-03 6.487299890980994244e-01 3.951579328435891325e-01 1.553959464085869630e-02 1.216181892383128849e-01
2.000000000000000000e+01 6.032980932225262549e-01 3.967019067774737451e-01 -6.070758476664985009e-05 -4.601079046220833690e-04 6.425045047448512125e-01 3.967019067774737451e-01 9.790389400177641060e-03 7.621976420089822402e-02
2.100000000000000000e+01 6.031887339110312274e-01 3.968112660889687726e-01 -3.869833018986577297e-05 -2.932806394642592518e-04 6.355995066188692144e-01 3.968112660889687726e-01 3.681643313264574505e-03 2.850400918320845911e-02
2.200000000000000000e+01 6.014781572566956225e-01 3.985218427433043775e-01 -4.948061563703545773e-04 -3.746549135243262829e-03 6.307865583590556158e-01 3.985218427433043775e-01 -1.602295974541457623e-03 -1.236000994438561304e-02
2.300000000000000000e+01 5.947147902029885635e-01 4.052852097970114365e-01 -1.333604477790644024e-03 -1.006369365056619669e-02 6.274779722243061242e-01 4.052852097970114365e-01 -5.184954453463808469e-03 -3.989984823007975551e-02
2.400000000000000000e+01 5.813503425466016727e-01 4.186496574533983273e-01 -2.181582840803691480e-03 -1.637029471200421998e-02 6.227823145351190082e-01 4.186496574533983273e-01 -6.183266929170359340e-03 -4.742569320215228590e-02
2.500000000000000000e+01 5.630535479393345977e-01 4.369464520606654023e-01 -2.614742854952632322e-03 -1.951427533430843964e-02 6.138068267221563623e-01 4.369464520606654023e-01 -3.823658365750686860e-03 -2.915654878864288452e-02
2.600000000000000000e+01 5.437741765282648743e-01 4.562258234717351257e-01 -2.473829740534176386e-03 -1.841014769549786934e-02 5.997147856118419940e-01 4.562258234717351257e-01 2.229614426246561039e-03 1.686666536838949543e-02
2.700000000000000000e+01 5.270513796849565225e-01 4.729486203150434775e-01 -2.002487635177371914e-03 -1.490165197015666868e-02 5.830607693361471444e-01 4.729486203150434775e-01 1.160534019939672007e-02 8.714088171497372248e-02
2.800000000000000000e+01 5.137003583384832650e-01 4.862996416615167350e-01 -1.629547501356113379e-03 -1.214544828330220080e-02 5.652295543876845185e-01 4.862996416615167350e-01 2.250205489349486193e-02 1.680219872433654504e-01
2.900000000000000000e+01 5.019508646113627348e-01 4.980491353886372652e-01 -1.565504242848986044e-03 -1.169803555632037764e-02 5.449010369625607586e-01 4.980491353886372652e-01 3.277176330330972692e-02 2.439068065321513268e-01
3.000000000000000000e+01 4.900537781498436329e-01 5.099462218501563671e-01 -1.591308580456534012e-03 -1.193503694891306921e-02 5.189879892200059963e-01 5.099462218501563671e-01 4.056601908991739475e-02 3.021096583382683609e-01
3.100000000000000000e+01 4.789941569318555414e-01 5.210058430681444586e-01 -1.259805803884289123e-03 -9.490800705331257567e-03 4.891270888411122786e-01 5.210058430681444586e-01 4.513719977382181503e-02 3.386489681831481580e-01
3.200000000000000000e+01 4.726025659284655567e-01 5.273974340715343878e-01 -3.432131014518528681e-04 -2.593380809829138808e-03 4.649971699273660053e-01 5.273974340715343878e-01 4.663300845269659906e-02 3.537722356728713047e-01
3.300000000000000000e+01 4.746928756954836848e-01 5.253071243045163152e-01 9.106396914897543250e-04 6.873972285803190904e-03 4.589722959436638994e-01 5.253071243045163152e-01 4.501662867884275582e-02 3.426946619594576915e-01
3.400000000000000000e+01 4.858048184241551826e-01 5.141951815758447619e-01 1.964302486816780699e-03 1.475605116524279087e-02 4.737947768927336933e-01 5.141951815758447619e-01 3.940308782163236268e-02 2.975632180500645818e-01
3.500000000000000000e+01 5.027020431252543498e-01 4.972979568747456502e-01 2.445541396392358468e-03 1.827041136891470116e-02 5.008060037299150169e-01 4.972979568747456502e-01 2.965409481848130593e-02 2.216548442793031815e-01
3.600000000000000000e+01 5.211698241455261504e-01 4.788301758544738496e-01 2.464336119662493153e-03 1.834798772374760314e-02 5.275941636359042786e-01 4.788301758544738496e-01 1.774646662317478502e-02 1.320571392364131569e-01
3.700000000000000000e+01 5.393769708997729895e-01 4.606230291002270105e-01 2.461694357472416633e-03 1.831559275312389171e-02 5.484178023209810293e-01 4.606230291002270105e-01 7.330773053916732687e-03 5.457788678092700962e-02
3.800000000000000000e+01 5.585186637238486185e-01 4.414813362761513815e-01 2.723836188015848862e-03 2.030942206429631886e-02 5.646072693339051485e-01 4.414813362761513815e-01 1.413915792046121144e-03 1.055608201712665561e-02
3.900000000000000000e+01 5.803131367201799229e-01 4.196868632798200771e-01 3.091566671890371484e-03 2.318990095942948318e-02 5.813762076178594640e-01 4.196868632798200771e-01 1.401554850998984122e-03 1.051717346905603478e-02
4.000000000000000000e+01 6.042287418616894001e-01 3.957712581383105999e-01 3.182215064875238818e-03 2.413045283746023673e-02 6.014268665158510885e-01 3.957712581383105999e-01 7.477822076316605233e-03 5.661868473819649250e-02
4.100000000000000000e+01 6.275425318877996261e-01 3.724574681122003739e-01 2.872575391870058146e-03 2.210639311178949976e-02 6.252971143051607728e-01 3.724574681122003739e-01 1.840371261184798810e-02 1.414030000609239335e-01
4.200000000000000000e+01 6.482203789525100568e-01 3.517796210474899432e-01 2.488810766041644768e-03 1.946967875625323433e-02 6.528364523988459123e-01 3.517796210474899432e-01 3.276854685294827707e-02 2.573895628548802939e-01
4.300000000000000000e+01 6.675301072858211837e-01 3.324698927141788163e-01 2.497900622992047653e-03 1.989521112841890690e-02 6.866703422454794037e-01 3.324698927141788163e-01 4.751210674895409158e-02 3.861510645595166991e-01
4.400000000000000000e+01 6.895828796506207059e-01 3.104171203493792941e-01 3.054586649323130614e-03 2.490739227033205577e-02 7.261885720068810279e-01 3.104171203493792941e-01 5.913401807870959787e-02 5.045651139708363653e-01
4.500000000000000000e+01 7.182591600824639322e-01 2.817408399175360678e-01 3.862147094652033843e-03 3.261114189959962717e-02 7.701731984396656960e-01 2.817408399175360678e-01 6.543861809571770161e-02 5.950557318557680997e-01
4.600000000000000000e+01 7.545734131491015351e-01 2.454265868508984649e-01 4.467181198986414775e-03 3.967399139666417246e-02 8.191140173941403591e-01 2.454265868508984649e-01 6.509202667718727575e-02 6.413717599223707211e-01
4.700000000000000000e+01 7.966912456317645219e-01 2.033087543682354781e-01 4.644136382177495477e-03 4.406049634738951060e-02 8.689152726282973749e-01 2.033087543682354781e-01 5.837914551383406592e-02 6.289590158847021550e-01
4.800000000000000000e+01 8.417282766136551242e-01 1.582717233863448758e-01 4.442690640959132999e-03 4.555028282520551947e-02 9.120286483993010895e-01 1.582717233863448758e-01 4.789624674952754763e-02 5.599203575800907329e-01
4.900000000000000000e+01 8.868142535142358174e-01 1.131857464857641826e-01 3.955157979319205534e-03 4.406333124501309040e-02 9.451676707021212653e-01 1.131857464857641826e-01 3.601985971169062439e-02 4.491811567326222665e-01
5.000000000000000000e+01 9.285188182225799780e-01 7.148118177742002199e-02 3.196254823908394570e-03 3.857958717217639666e-02 9.690370679793234299e-01 7.148118177742002199e-02 2.432522624634327058e-02 3.180026835148401787e-01
5.100000000000000000e+01 9.624340031135011353e-01 3.756599688649886470e-02 2.215535279017780915e-03 2.858672985849134568e-02 9.852141156629697916e-01 3.756599688649886470e-02 1.386276763602512646e-02 1.871573844006610421e-01
5.200000000000000000e+01 9.849594097020799577e-01 1.504059029792004232e-02 1.223632467707971632e-03 1.651153317956294275e-02 9.947356689776549743e-01 1.504059029792004232e-02 5.925350326768520463e-03 8.153172751422799180e-02
5.300000000000000000e+01 9.965707169884410188e-01 3.429283011558981187e-03 5.623484337962372705e-04 7.766241389559367519e-03 9.989711971291909132e-01 3.429283011558981187e-03 1.513799839742619325e-03 2.100671544684753339e-02

Residual energy after optimization is 3.501311573281426e-06
Optimization procedure took 97.03511190414429 seconds