### PARAMETERS OF THE TIME EVOLUTION ### 
Total time tau = 27
Timestep dt = 1
P = tau/dt = 27
Number of Fourier coefficients Nc = 27

gamma(t) = t/T*(delta_t + \sum_i^Nc gamma_i*f_i(wi, t) 
beta(t) = (1-t/T)*(delta_t + \sum_i^Nc beta_i*f_i(wi, t)

CRAB coefficient   Cz_start// Cx_start// Cxz_start // pulses//  Cz_opt // Cx_opt // Cxz_opt  
0.000000000000000000e+00 0.000000000000000000e+00 0.000000000000000000e+00 5.525434601420197822e+01 -2.924879015314919492e-02 -1.042313884989486850e+00 0.000000000000000000e+00
0.000000000000000000e+00 0.000000000000000000e+00 0.000000000000000000e+00 3.958445104493682010e+01 2.131589881545420673e-01 2.431132231206561134e-01 0.000000000000000000e+00
0.000000000000000000e+00 0.000000000000000000e+00 0.000000000000000000e+00 4.397646978170837428e+01 -4.824689843469665007e+00 2.890522057683813095e+00 0.000000000000000000e+00
0.000000000000000000e+00 0.000000000000000000e+00 0.000000000000000000e+00 2.249708033809312013e+01 2.542892961391953199e-01 2.860588359726843888e-01 0.000000000000000000e+00
0.000000000000000000e+00 0.000000000000000000e+00 0.000000000000000000e+00 6.169628238873626458e+01 4.610839687888983462e-01 -1.752182026913905455e-01 0.000000000000000000e+00
0.000000000000000000e+00 0.000000000000000000e+00 0.000000000000000000e+00 1.903707952924588387e+00 1.229176794118042038e-01 -2.631768768155526295e-01 0.000000000000000000e+00
0.000000000000000000e+00 0.000000000000000000e+00 0.000000000000000000e+00 2.953078704235759133e+00 -5.032296368321123037e-01 1.389119480021416164e+00 0.000000000000000000e+00
0.000000000000000000e+00 0.000000000000000000e+00 0.000000000000000000e+00 5.907313777178614167e+00 4.938067563314953168e-02 1.156489213153153173e-01 0.000000000000000000e+00
0.000000000000000000e+00 0.000000000000000000e+00 0.000000000000000000e+00 1.503755513118129095e+01 1.934486935485553727e-01 1.777131257496661065e-01 0.000000000000000000e+00
0.000000000000000000e+00 0.000000000000000000e+00 0.000000000000000000e+00 2.508524602191947395e+01 3.607361215854286429e-02 3.759869454723696602e-02 0.000000000000000000e+00
0.000000000000000000e+00 0.000000000000000000e+00 0.000000000000000000e+00 4.228656295288647726e+01 -5.570323074088277815e-02 1.259319530636171525e-01 0.000000000000000000e+00
0.000000000000000000e+00 0.000000000000000000e+00 0.000000000000000000e+00 5.034956511943814661e+01 -1.032801108672108281e+00 2.383849901343601640e+00 0.000000000000000000e+00
0.000000000000000000e+00 0.000000000000000000e+00 0.000000000000000000e+00 6.305555380879149396e+01 6.652841095762457302e-01 -2.324331793526985823e-01 0.000000000000000000e+00
0.000000000000000000e+00 0.000000000000000000e+00 0.000000000000000000e+00 2.145201045918814486e+01 2.863905453601822346e-02 4.226607377170274460e-02 0.000000000000000000e+00
0.000000000000000000e+00 0.000000000000000000e+00 0.000000000000000000e+00 4.404376621445685913e+01 5.556727204827613953e+00 -3.085216522222741453e+00 0.000000000000000000e+00
0.000000000000000000e+00 0.000000000000000000e+00 0.000000000000000000e+00 3.928088767293241546e+01 -3.863490890158572388e-01 -3.710132739563056226e-01 0.000000000000000000e+00
0.000000000000000000e+00 0.000000000000000000e+00 0.000000000000000000e+00 2.961770129916359906e+01 -9.821965280288773303e-02 -1.026097053155222705e-01 0.000000000000000000e+00
0.000000000000000000e+00 0.000000000000000000e+00 0.000000000000000000e+00 1.699273703884598419e+01 -2.446884089639104684e-02 8.004130472020988193e-03 0.000000000000000000e+00
0.000000000000000000e+00 0.000000000000000000e+00 0.000000000000000000e+00 6.451865250981774125e+01 -5.822045123725078319e+00 3.329056127970527967e+00 0.000000000000000000e+00
0.000000000000000000e+00 0.000000000000000000e+00 0.000000000000000000e+00 3.417242321160435381e+01 9.486221027827784757e-03 -1.736783296318689844e-03 0.000000000000000000e+00
0.000000000000000000e+00 0.000000000000000000e+00 0.000000000000000000e+00 2.199744759530537053e+01 -1.392142020900818677e-01 -1.741755354493589869e-01 0.000000000000000000e+00
0.000000000000000000e+00 0.000000000000000000e+00 0.000000000000000000e+00 4.598304483078597116e+01 6.668489708170383112e-01 -1.860830881319438801e-01 0.000000000000000000e+00
0.000000000000000000e+00 0.000000000000000000e+00 0.000000000000000000e+00 7.765193553888235556e+01 -2.450935217844827374e-01 -2.566119522117359941e-01 0.000000000000000000e+00
0.000000000000000000e+00 0.000000000000000000e+00 0.000000000000000000e+00 3.085911315265922994e+01 -3.100031810921046738e-01 -3.270844230971003963e-01 0.000000000000000000e+00
0.000000000000000000e+00 0.000000000000000000e+00 0.000000000000000000e+00 5.051736065933038589e+01 1.432340561392831058e+00 -3.000773684769860061e+00 0.000000000000000000e+00
0.000000000000000000e+00 0.000000000000000000e+00 0.000000000000000000e+00 3.614841832853022652e+01 1.747647406856481928e-02 1.586450456424878114e-02 0.000000000000000000e+00
0.000000000000000000e+00 0.000000000000000000e+00 0.000000000000000000e+00 1.046943380985878136e+01 -6.084051471074189976e+00 3.306792261668748178e+00 0.000000000000000000e+00

Amplitudes vs time: t // theta_tt_old // theta_mt_old // alpha_cdt_old// theta_tt_opt // theta_mt_opt// alpha_cdt_opt  
0.000000000000000000e+00 2.337387058369296555e-01 7.578374439400747953e-01 0.000000000000000000e+00 2.808043635945061123e-01 7.654551049545832431e-01 0.000000000000000000e+00
1.000000000000000000e+00 5.531433972220701767e-01 7.443051964432916279e-01 0.000000000000000000e+00 6.331098325276016681e-01 7.592755312023017344e-01 0.000000000000000000e+00
2.000000000000000000e+00 7.150957049389655706e-01 7.395461749315201949e-01 0.000000000000000000e+00 7.604788678868742435e-01 7.555461532732482555e-01 0.000000000000000000e+00
3.000000000000000000e+00 7.927316266582004056e-01 7.340271188746818609e-01 0.000000000000000000e+00 8.203355282214905841e-01 7.368767655611442313e-01 0.000000000000000000e+00
4.000000000000000000e+00 8.359864314214286996e-01 7.174116620498036667e-01 0.000000000000000000e+00 8.511753928785498191e-01 7.153359503779666007e-01 0.000000000000000000e+00
5.000000000000000000e+00 8.597252196553402115e-01 7.060244808624722701e-01 0.000000000000000000e+00 8.595542466631702627e-01 7.038515680127516161e-01 0.000000000000000000e+00
6.000000000000000000e+00 8.707589108788021948e-01 6.932753678216667659e-01 0.000000000000000000e+00 8.732161419307890027e-01 6.899080150878408313e-01 0.000000000000000000e+00
7.000000000000000000e+00 8.751066590188474326e-01 6.853154194016282119e-01 0.000000000000000000e+00 9.007877280481554338e-01 6.818082022916627238e-01 0.000000000000000000e+00
8.000000000000000000e+00 8.825286703789936293e-01 6.709566796473247496e-01 0.000000000000000000e+00 8.929528480710953176e-01 6.801740336507295925e-01 0.000000000000000000e+00
9.000000000000000000e+00 9.060076203832153618e-01 6.372760806047890192e-01 0.000000000000000000e+00 8.984986422450330634e-01 6.463035239150503042e-01 0.000000000000000000e+00
1.000000000000000000e+01 9.366889057041082323e-01 6.148247371651509585e-01 0.000000000000000000e+00 9.442429198781421285e-01 6.182671973431761447e-01 0.000000000000000000e+00
1.100000000000000000e+01 9.411668840945038861e-01 6.312215779440371044e-01 0.000000000000000000e+00 9.425885526159138994e-01 6.437869863184829677e-01 0.000000000000000000e+00
1.200000000000000000e+01 9.089167662980079943e-01 6.610068208671331380e-01 0.000000000000000000e+00 9.046471179279121921e-01 6.696074108704486161e-01 0.000000000000000000e+00
1.300000000000000000e+01 8.701133169525443467e-01 6.765129506635674250e-01 0.000000000000000000e+00 8.800429885368099558e-01 6.817725770120921513e-01 0.000000000000000000e+00
1.400000000000000000e+01 8.379398756647300495e-01 6.915946457272807990e-01 0.000000000000000000e+00 8.402790204797521145e-01 7.057197159947828924e-01 0.000000000000000000e+00
1.500000000000000000e+01 7.757769928579155705e-01 7.179381786981821056e-01 0.000000000000000000e+00 7.724476774148993918e-01 7.306032237907817972e-01 0.000000000000000000e+00
1.600000000000000000e+01 6.644505580685500234e-01 7.364661032125557893e-01 0.000000000000000000e+00 6.617082371386386885e-01 7.120499076875104194e-01 0.000000000000000000e+00
1.700000000000000000e+01 5.652205934412609656e-01 7.348930185530153647e-01 0.000000000000000000e+00 5.309300557159916112e-01 6.999366931184812790e-01 0.000000000000000000e+00
1.800000000000000000e+01 5.616660170300654675e-01 7.240006548754325255e-01 0.000000000000000000e+00 5.465941257317504798e-01 7.269369821754874117e-01 0.000000000000000000e+00
1.900000000000000000e+01 6.552357920283498061e-01 7.090304668669822341e-01 0.000000000000000000e+00 6.760034117337088144e-01 7.227615916606605628e-01 0.000000000000000000e+00
2.000000000000000000e+01 7.653608058783364365e-01 6.825227569038408992e-01 0.000000000000000000e+00 7.776690263578019957e-01 6.946523254970817796e-01 0.000000000000000000e+00
2.100000000000000000e+01 8.283007212303596933e-01 6.375323624227082764e-01 0.000000000000000000e+00 8.272667744264803336e-01 6.430761155784736616e-01 0.000000000000000000e+00
2.200000000000000000e+01 8.567047860509965362e-01 5.625438702752462161e-01 0.000000000000000000e+00 8.540730566804936030e-01 5.721517171886199016e-01 0.000000000000000000e+00
2.300000000000000000e+01 8.962718269232957669e-01 4.472402023882773303e-01 0.000000000000000000e+00 8.950835411289418397e-01 4.743565522016475189e-01 0.000000000000000000e+00
2.400000000000000000e+01 9.548699192621528109e-01 3.101083953064004972e-01 0.000000000000000000e+00 9.733960671475790916e-01 3.371899858444677989e-01 0.000000000000000000e+00
2.500000000000000000e+01 9.942014578252763579e-01 1.842672844410769839e-01 0.000000000000000000e+00 1.047369798082583126e+00 2.080056186903296578e-01 0.000000000000000000e+00
2.600000000000000000e+01 9.826657497149376974e-01 6.650849805341502163e-02 0.000000000000000000e+00 9.976833248909136032e-01 8.360791847266596521e-02 0.000000000000000000e+00

Residual energy after optimization is 0.0034257092973027335 C0x=1.3592189215138721 C0z=1.0462801857938968 C0xz=1.0
Optimization procedure took 26.18838858604431 seconds