### PARAMETERS OF THE TIME EVOLUTION ### 
Total time tau = 45
Timestep dt = 1
P = tau/dt = 45
Number of Fourier coefficients Nc = 45

gamma(t) = t/T*(delta_t + \sum_i^Nc gamma_i*f_i(wi, t) 
beta(t) = (1-t/T)*(delta_t + \sum_i^Nc beta_i*f_i(wi, t)

CRAB coefficient   Cz_start// Cx_start// Cxz_start // pulses//  Cz_opt // Cx_opt // Cxz_opt  
0.000000000000000000e+00 0.000000000000000000e+00 0.000000000000000000e+00 2.546512096208477516e+00 -8.765432045164073926e+00 5.667855835732240166e+00 0.000000000000000000e+00
0.000000000000000000e+00 0.000000000000000000e+00 0.000000000000000000e+00 3.712367496175439818e+00 1.336434826098631845e+01 -3.955354270787318605e+00 0.000000000000000000e+00
0.000000000000000000e+00 0.000000000000000000e+00 0.000000000000000000e+00 1.759735545374400800e+01 1.646033869197576979e-02 -6.577596295192211610e-03 0.000000000000000000e+00
0.000000000000000000e+00 0.000000000000000000e+00 0.000000000000000000e+00 1.108607909435224848e+01 -5.033000360483429603e+01 -8.702719465492931761e+01 0.000000000000000000e+00
0.000000000000000000e+00 0.000000000000000000e+00 0.000000000000000000e+00 2.224908360258995632e+00 1.279872587403186657e+01 -3.519891617119689453e+00 0.000000000000000000e+00
0.000000000000000000e+00 0.000000000000000000e+00 0.000000000000000000e+00 4.058111863434070266e+00 -2.763812625431413750e+01 1.053193378056439222e+01 0.000000000000000000e+00
0.000000000000000000e+00 0.000000000000000000e+00 0.000000000000000000e+00 1.249787801484935068e+00 -1.485569361254290222e+01 6.483877273252979023e+00 0.000000000000000000e+00
0.000000000000000000e+00 0.000000000000000000e+00 0.000000000000000000e+00 3.698622184639845489e+00 1.407915056023196065e+01 -4.388524132938644406e+00 0.000000000000000000e+00
0.000000000000000000e+00 0.000000000000000000e+00 0.000000000000000000e+00 1.329847467054697141e+01 1.387423775996379088e-02 7.228028129872486607e-02 0.000000000000000000e+00
0.000000000000000000e+00 0.000000000000000000e+00 0.000000000000000000e+00 1.308629243330878822e+00 -1.536691482138479614e+01 6.370703686502164231e+00 0.000000000000000000e+00
0.000000000000000000e+00 0.000000000000000000e+00 0.000000000000000000e+00 1.095534052461672347e+00 -8.858428037186873993e+00 4.611581248413367362e+00 0.000000000000000000e+00
0.000000000000000000e+00 0.000000000000000000e+00 0.000000000000000000e+00 1.676147488805396879e+00 7.837999743751765391e-02 -1.580239537517440063e+00 0.000000000000000000e+00
0.000000000000000000e+00 0.000000000000000000e+00 0.000000000000000000e+00 2.131913913372396774e+00 1.579964207076431038e+01 -5.488208754495316199e+00 0.000000000000000000e+00
0.000000000000000000e+00 0.000000000000000000e+00 0.000000000000000000e+00 1.801699436472081473e-01 1.783021148720707316e+01 -7.993093356732707377e+00 0.000000000000000000e+00
0.000000000000000000e+00 0.000000000000000000e+00 0.000000000000000000e+00 3.014930425854683183e+00 -1.776762852752979427e+01 3.952818311171311993e+00 0.000000000000000000e+00
0.000000000000000000e+00 0.000000000000000000e+00 0.000000000000000000e+00 4.057786488858324603e+00 -2.758254339286661505e+01 1.052081129294986717e+01 0.000000000000000000e+00
0.000000000000000000e+00 0.000000000000000000e+00 0.000000000000000000e+00 7.812036776198554300e+00 -1.741294319773676547e+00 2.933701773708686122e+00 0.000000000000000000e+00
0.000000000000000000e+00 0.000000000000000000e+00 0.000000000000000000e+00 6.519027527090267782e+00 4.660175906086254649e+00 -3.122430441324122175e+00 0.000000000000000000e+00
0.000000000000000000e+00 0.000000000000000000e+00 0.000000000000000000e+00 8.657170720746876214e+00 1.077803698497259433e+00 -8.986331812506017869e+00 0.000000000000000000e+00
0.000000000000000000e+00 0.000000000000000000e+00 0.000000000000000000e+00 1.675221840850985799e+00 1.705464206359016618e-02 -1.554598384919991583e+00 0.000000000000000000e+00
0.000000000000000000e+00 0.000000000000000000e+00 0.000000000000000000e+00 3.420299657593769194e+00 1.137455176833099202e+01 -7.197679743032750821e+00 0.000000000000000000e+00
0.000000000000000000e+00 0.000000000000000000e+00 0.000000000000000000e+00 1.970631022843185143e+00 1.538254481717385325e+01 -6.690964382158629320e+00 0.000000000000000000e+00
0.000000000000000000e+00 0.000000000000000000e+00 0.000000000000000000e+00 2.855724587751993226e+00 -2.170838628660911951e+01 7.490629139370629908e+00 0.000000000000000000e+00
0.000000000000000000e+00 0.000000000000000000e+00 0.000000000000000000e+00 1.122945933561019238e+01 1.146242775912539003e+01 1.960736693667005426e+01 0.000000000000000000e+00
0.000000000000000000e+00 0.000000000000000000e+00 0.000000000000000000e+00 9.670032241801862938e+00 -1.041850624136770875e+00 -3.478317174804209433e+00 0.000000000000000000e+00
0.000000000000000000e+00 0.000000000000000000e+00 0.000000000000000000e+00 5.601983836272942163e+00 -2.948352243583655508e+01 6.664576103160316123e+00 0.000000000000000000e+00
0.000000000000000000e+00 0.000000000000000000e+00 0.000000000000000000e+00 2.072620672675467901e+00 1.648849771484990612e+01 -6.288117713184139923e+00 0.000000000000000000e+00
0.000000000000000000e+00 0.000000000000000000e+00 0.000000000000000000e+00 4.199717815251959863e-01 3.053621418993900249e+01 -1.335843981705264127e+01 0.000000000000000000e+00
0.000000000000000000e+00 0.000000000000000000e+00 0.000000000000000000e+00 1.103600925608933636e+01 3.934453849508448542e+01 6.844748567920802884e+01 0.000000000000000000e+00
0.000000000000000000e+00 0.000000000000000000e+00 0.000000000000000000e+00 3.907405491689222465e+00 -5.383604488430051127e+00 3.983834761043866024e+00 0.000000000000000000e+00
0.000000000000000000e+00 0.000000000000000000e+00 0.000000000000000000e+00 3.695746174241512971e+00 1.421541373718856072e+01 -4.476949426953549249e+00 0.000000000000000000e+00
0.000000000000000000e+00 0.000000000000000000e+00 0.000000000000000000e+00 1.272191478426447730e+01 -6.800688989388861683e-02 -1.379958304740923625e-01 0.000000000000000000e+00
0.000000000000000000e+00 0.000000000000000000e+00 0.000000000000000000e+00 1.749155524419390062e+01 -2.201112845343796906e-02 9.639697215993172155e-03 0.000000000000000000e+00
0.000000000000000000e+00 0.000000000000000000e+00 0.000000000000000000e+00 1.552686547275204942e+00 -7.678465439409238869e+00 1.888286463469770027e+00 0.000000000000000000e+00
0.000000000000000000e+00 0.000000000000000000e+00 0.000000000000000000e+00 5.100874398296457279e+00 7.466905682887690965e+00 -4.790777077889559088e+00 0.000000000000000000e+00
0.000000000000000000e+00 0.000000000000000000e+00 0.000000000000000000e+00 1.678365325876884029e+01 6.099009409859363316e-03 -2.071106996408779780e-03 0.000000000000000000e+00
0.000000000000000000e+00 0.000000000000000000e+00 0.000000000000000000e+00 5.410468943695015298e+00 1.045772923417053946e+01 2.075745449071617621e+00 0.000000000000000000e+00
0.000000000000000000e+00 0.000000000000000000e+00 0.000000000000000000e+00 8.988184788104389256e+00 3.149913620496391231e-01 9.564555790390928180e+00 0.000000000000000000e+00
0.000000000000000000e+00 0.000000000000000000e+00 0.000000000000000000e+00 1.579865962323826878e+01 -5.950864345373863343e-03 8.006902254658884027e-03 0.000000000000000000e+00
0.000000000000000000e+00 0.000000000000000000e+00 0.000000000000000000e+00 5.064330296782712182e+00 2.449297908248132760e+00 -4.787178363034700013e+00 0.000000000000000000e+00
0.000000000000000000e+00 0.000000000000000000e+00 0.000000000000000000e+00 5.410387580947954689e+00 1.046750173337883894e+01 2.073413146871857293e+00 0.000000000000000000e+00
0.000000000000000000e+00 0.000000000000000000e+00 0.000000000000000000e+00 2.727671089660427928e+00 -1.919848541128716235e+01 8.185550664022663625e+00 0.000000000000000000e+00
0.000000000000000000e+00 0.000000000000000000e+00 0.000000000000000000e+00 3.683598855752014956e+00 1.476310235124705805e+01 -4.830102181574246423e+00 0.000000000000000000e+00
0.000000000000000000e+00 0.000000000000000000e+00 0.000000000000000000e+00 5.085927435220337856e+00 5.497543225556050572e+00 -4.816531415321327003e+00 0.000000000000000000e+00
0.000000000000000000e+00 0.000000000000000000e+00 0.000000000000000000e+00 3.513065764687044457e+00 1.558343928576270621e+01 -7.586954860136389200e+00 0.000000000000000000e+00

Amplitudes vs time: t // theta_tt_old // theta_mt_old // alpha_cdt_old// theta_tt_opt // theta_mt_opt// alpha_cdt_opt  
0.000000000000000000e+00 1.111111111111111154e-02 9.888888888888889284e-01 0.000000000000000000e+00 1.297629540071751353e-01 7.782719903484920376e-01 0.000000000000000000e+00
1.000000000000000000e+00 3.333333333333333287e-02 9.666666666666666741e-01 0.000000000000000000e+00 3.454524481591648710e-01 7.731347952747547048e-01 0.000000000000000000e+00
2.000000000000000000e+00 5.555555555555555247e-02 9.444444444444444198e-01 0.000000000000000000e+00 4.879730916050145639e-01 7.670950043950569563e-01 0.000000000000000000e+00
3.000000000000000000e+00 7.777777777777777901e-02 9.222222222222222765e-01 0.000000000000000000e+00 5.756225226869781109e-01 7.625893316337394312e-01 0.000000000000000000e+00
4.000000000000000000e+00 1.000000000000000056e-01 9.000000000000000222e-01 0.000000000000000000e+00 6.311504419109755792e-01 7.591688047630142933e-01 0.000000000000000000e+00
5.000000000000000000e+00 1.222222222222222182e-01 8.777777777777777679e-01 0.000000000000000000e+00 6.687448467916143890e-01 7.556997119648787287e-01 0.000000000000000000e+00
6.000000000000000000e+00 1.444444444444444309e-01 8.555555555555556246e-01 0.000000000000000000e+00 6.957972631166535749e-01 7.518173491869313274e-01 0.000000000000000000e+00
7.000000000000000000e+00 1.666666666666666574e-01 8.333333333333333703e-01 0.000000000000000000e+00 7.162709470824939473e-01 7.479780400435307453e-01 0.000000000000000000e+00
8.000000000000000000e+00 1.888888888888888840e-01 8.111111111111111160e-01 0.000000000000000000e+00 7.321334162688779568e-01 7.447137691814754712e-01 0.000000000000000000e+00
9.000000000000000000e+00 2.111111111111111105e-01 7.888888888888888618e-01 0.000000000000000000e+00 7.443178354850777945e-01 7.419233697558831331e-01 0.000000000000000000e+00
1.000000000000000000e+01 2.333333333333333370e-01 7.666666666666666075e-01 0.000000000000000000e+00 7.537539773691150913e-01 7.390108235965815453e-01 0.000000000000000000e+00
1.100000000000000000e+01 2.555555555555555358e-01 7.444444444444444642e-01 0.000000000000000000e+00 7.615642185052808877e-01 7.356129790060935703e-01 0.000000000000000000e+00
1.200000000000000000e+01 2.777777777777777901e-01 7.222222222222222099e-01 0.000000000000000000e+00 7.684567499760170950e-01 7.318311699228219336e-01 0.000000000000000000e+00
1.300000000000000000e+01 2.999999999999999889e-01 6.999999999999999556e-01 0.000000000000000000e+00 7.745293975270175491e-01 7.276597265179618468e-01 0.000000000000000000e+00
1.400000000000000000e+01 3.222222222222222432e-01 6.777777777777778123e-01 0.000000000000000000e+00 7.798947774213700335e-01 7.225676985257859508e-01 0.000000000000000000e+00
1.500000000000000000e+01 3.444444444444444420e-01 6.555555555555555580e-01 0.000000000000000000e+00 7.850872510243196434e-01 7.159794719548480124e-01 0.000000000000000000e+00
1.600000000000000000e+01 3.666666666666666408e-01 6.333333333333333037e-01 0.000000000000000000e+00 7.905022689093033073e-01 7.080053817532965255e-01 0.000000000000000000e+00
1.700000000000000000e+01 3.888888888888888951e-01 6.111111111111111605e-01 0.000000000000000000e+00 7.956852297358084636e-01 6.993117847443004464e-01 0.000000000000000000e+00
1.800000000000000000e+01 4.111111111111110938e-01 5.888888888888889062e-01 0.000000000000000000e+00 7.996207964043389183e-01 6.902260574064764675e-01 0.000000000000000000e+00
1.900000000000000000e+01 4.333333333333333481e-01 5.666666666666666519e-01 0.000000000000000000e+00 8.016935360979600134e-01 6.803050171950710823e-01 0.000000000000000000e+00
2.000000000000000000e+01 4.555555555555555469e-01 5.444444444444445086e-01 0.000000000000000000e+00 8.019703409079723677e-01 6.690141219377694348e-01 0.000000000000000000e+00
2.100000000000000000e+01 4.777777777777778012e-01 5.222222222222221433e-01 0.000000000000000000e+00 8.005296869271525395e-01 6.566899241034630519e-01 0.000000000000000000e+00
2.200000000000000000e+01 5.000000000000000000e-01 5.000000000000000000e-01 0.000000000000000000e+00 7.971479385096760240e-01 6.446280901744411151e-01 0.000000000000000000e+00
2.300000000000000000e+01 5.222222222222222543e-01 4.777777777777777457e-01 0.000000000000000000e+00 7.922335669854236873e-01 6.343022927653529930e-01 0.000000000000000000e+00
2.400000000000000000e+01 5.444444444444443976e-01 4.555555555555556024e-01 0.000000000000000000e+00 7.878750171012771641e-01 6.266724734543320796e-01 0.000000000000000000e+00
2.500000000000000000e+01 5.666666666666666519e-01 4.333333333333333481e-01 0.000000000000000000e+00 7.872019221192401162e-01 6.220734134361070033e-01 0.000000000000000000e+00
2.600000000000000000e+01 5.888888888888889062e-01 4.111111111111110938e-01 0.000000000000000000e+00 7.922264944442092283e-01 6.202191500533973390e-01 0.000000000000000000e+00
2.700000000000000000e+01 6.111111111111111605e-01 3.888888888888888395e-01 0.000000000000000000e+00 8.024374407100347550e-01 6.199372701739610525e-01 0.000000000000000000e+00
2.800000000000000000e+01 6.333333333333333037e-01 3.666666666666666963e-01 0.000000000000000000e+00 8.156992655177014440e-01 6.191367967938675720e-01 0.000000000000000000e+00
2.900000000000000000e+01 6.555555555555555580e-01 3.444444444444444420e-01 0.000000000000000000e+00 8.302486138640602364e-01 6.156251393883641621e-01 0.000000000000000000e+00
3.000000000000000000e+01 6.777777777777778123e-01 3.222222222222221877e-01 0.000000000000000000e+00 8.454232572372717414e-01 6.082788215344532290e-01 0.000000000000000000e+00
3.100000000000000000e+01 6.999999999999999556e-01 3.000000000000000444e-01 0.000000000000000000e+00 8.607329480116570064e-01 5.972973724426740016e-01 0.000000000000000000e+00
3.200000000000000000e+01 7.222222222222222099e-01 2.777777777777777901e-01 0.000000000000000000e+00 8.751897839692208692e-01 5.831723442764611409e-01 0.000000000000000000e+00
3.300000000000000000e+01 7.444444444444444642e-01 2.555555555555555358e-01 0.000000000000000000e+00 8.881840239776059853e-01 5.655683400263009641e-01 0.000000000000000000e+00
3.400000000000000000e+01 7.666666666666667185e-01 2.333333333333332815e-01 0.000000000000000000e+00 9.005545370751358858e-01 5.433744825175113036e-01 0.000000000000000000e+00
3.500000000000000000e+01 7.888888888888888618e-01 2.111111111111111382e-01 0.000000000000000000e+00 9.138576779878071488e-01 5.155235724509323880e-01 0.000000000000000000e+00
3.600000000000000000e+01 8.111111111111111160e-01 1.888888888888888840e-01 0.000000000000000000e+00 9.285001597266481221e-01 4.810915041906923539e-01 0.000000000000000000e+00
3.700000000000000000e+01 8.333333333333333703e-01 1.666666666666666297e-01 0.000000000000000000e+00 9.436440396709084855e-01 4.384054794293862356e-01 0.000000000000000000e+00
3.800000000000000000e+01 8.555555555555555136e-01 1.444444444444444864e-01 0.000000000000000000e+00 9.597406983863667751e-01 3.848979058476686976e-01 0.000000000000000000e+00
3.900000000000000000e+01 8.777777777777777679e-01 1.222222222222222321e-01 0.000000000000000000e+00 9.801556760956017245e-01 3.192170132321708320e-01 0.000000000000000000e+00
4.000000000000000000e+01 9.000000000000000222e-01 9.999999999999997780e-02 0.000000000000000000e+00 1.007845920191012379e+00 2.442964543746053430e-01 0.000000000000000000e+00
4.100000000000000000e+01 9.222222222222222765e-01 7.777777777777772350e-02 0.000000000000000000e+00 1.038774348599533104e+00 1.680510591219118444e-01 0.000000000000000000e+00
4.200000000000000000e+01 9.444444444444444198e-01 5.555555555555558023e-02 0.000000000000000000e+00 1.059651098138561620e+00 1.001381093342958994e-01 0.000000000000000000e+00
4.300000000000000000e+01 9.666666666666666741e-01 3.333333333333332593e-02 0.000000000000000000e+00 1.055496722268505660e+00 4.731358580455577445e-02 0.000000000000000000e+00
4.400000000000000000e+01 9.888888888888889284e-01 1.111111111111107164e-02 0.000000000000000000e+00 1.022616297238981176e+00 1.159953182404242431e-02 0.000000000000000000e+00

Residual energy after optimization is 0.0017398309669943047 C0x=0.8601315732222579 C0z=0.9992177146878624 C0xz=1.0
Optimization procedure took 157.2226972579956 seconds