### PARAMETERS OF THE TIME EVOLUTION ### 
Total time tau = 90
Timestep dt = 1
P = tau/dt = 90
Number of Fourier coefficients Nc = 90

gamma(t) = t/T*(delta_t + \sum_i^Nc gamma_i*f_i(wi, t) 
beta(t) = (1-t/T)*(delta_t + \sum_i^Nc beta_i*f_i(wi, t)

CRAB coefficient   Cz_start// Cx_start// Cxz_start // pulses//  Cz_opt // Cx_opt // Cxz_opt  
0.000000000000000000e+00 0.000000000000000000e+00 0.000000000000000000e+00 1.467331974224679758e+00 -7.470251813128942153e+00 6.165836070508716737e+00 0.000000000000000000e+00
0.000000000000000000e+00 0.000000000000000000e+00 0.000000000000000000e+00 2.915229659387998051e+00 -6.905894733097742488e+00 7.250126519953512982e+00 0.000000000000000000e+00
0.000000000000000000e+00 0.000000000000000000e+00 0.000000000000000000e+00 2.560493299742740092e+00 4.027782706280666147e+00 -6.405489221738290828e-01 0.000000000000000000e+00
0.000000000000000000e+00 0.000000000000000000e+00 0.000000000000000000e+00 2.956512646885714801e+00 -7.545499871210819443e+00 7.389699982112468923e+00 0.000000000000000000e+00
0.000000000000000000e+00 0.000000000000000000e+00 0.000000000000000000e+00 3.675366476099419355e+00 7.900613281167186308e+00 -7.636328828421152792e+00 0.000000000000000000e+00
0.000000000000000000e+00 0.000000000000000000e+00 0.000000000000000000e+00 5.593152527148997244e+00 1.326428222343837682e+01 -4.547962917378398195e+00 0.000000000000000000e+00
0.000000000000000000e+00 0.000000000000000000e+00 0.000000000000000000e+00 2.870789044260916967e+00 -6.001480790592895076e+00 6.877294674963360777e+00 0.000000000000000000e+00
0.000000000000000000e+00 0.000000000000000000e+00 0.000000000000000000e+00 7.380228298020694133e+00 1.571274006276231106e+01 -1.158094873743951325e+01 0.000000000000000000e+00
0.000000000000000000e+00 0.000000000000000000e+00 0.000000000000000000e+00 4.245368782105218841e+00 2.454142436576593145e+00 3.422791697435917602e+00 0.000000000000000000e+00
0.000000000000000000e+00 0.000000000000000000e+00 0.000000000000000000e+00 8.125042925500993718e+00 -1.231353074096752565e+01 9.110519804749980466e+00 0.000000000000000000e+00
0.000000000000000000e+00 0.000000000000000000e+00 0.000000000000000000e+00 3.900991314025586298e+00 1.101071001943626904e+01 -6.952621531828694579e+00 0.000000000000000000e+00
0.000000000000000000e+00 0.000000000000000000e+00 0.000000000000000000e+00 6.331313355371890772e+00 -5.701573448610452566e+00 9.014829742909679311e+00 0.000000000000000000e+00
0.000000000000000000e+00 0.000000000000000000e+00 0.000000000000000000e+00 1.689909043571647951e+00 -9.759026998404859432e-01 -3.450036341134476991e-01 0.000000000000000000e+00
0.000000000000000000e+00 0.000000000000000000e+00 0.000000000000000000e+00 7.897995135692650326e-01 3.269952688468490631e+00 -2.404632803240266181e+00 0.000000000000000000e+00
0.000000000000000000e+00 0.000000000000000000e+00 0.000000000000000000e+00 7.451710695307900423e+00 1.457945250717288488e+01 -7.171919127667989891e+00 0.000000000000000000e+00
0.000000000000000000e+00 0.000000000000000000e+00 0.000000000000000000e+00 8.711994723229837589e+00 1.714921626702204449e+01 -1.994653235496407717e+01 0.000000000000000000e+00
0.000000000000000000e+00 0.000000000000000000e+00 0.000000000000000000e+00 2.117893674811922811e+00 1.120683196936322723e+01 -9.704413553043687912e+00 0.000000000000000000e+00
0.000000000000000000e+00 0.000000000000000000e+00 0.000000000000000000e+00 1.955346515782762973e+00 8.096026087652717251e+00 -7.978918023597408649e+00 0.000000000000000000e+00
0.000000000000000000e+00 0.000000000000000000e+00 0.000000000000000000e+00 1.786704589456383330e+00 2.547950795442873950e+00 -3.519970736005105572e+00 0.000000000000000000e+00
0.000000000000000000e+00 0.000000000000000000e+00 0.000000000000000000e+00 6.005756053620695312e+00 7.567783028410447699e+00 8.439985620124375032e+00 0.000000000000000000e+00
0.000000000000000000e+00 0.000000000000000000e+00 0.000000000000000000e+00 6.567319527970448156e+00 -8.608358360590488090e+00 -1.039181792855250031e+00 0.000000000000000000e+00
0.000000000000000000e+00 0.000000000000000000e+00 0.000000000000000000e+00 8.283353071852462834e-01 1.982042064751484700e+00 -1.156255828679559006e+00 0.000000000000000000e+00
0.000000000000000000e+00 0.000000000000000000e+00 0.000000000000000000e+00 9.969608949175801982e+00 4.054865227697186825e+00 -1.082921055626805895e+01 0.000000000000000000e+00
0.000000000000000000e+00 0.000000000000000000e+00 0.000000000000000000e+00 8.446022085923468481e+00 -7.356204913904202947e-01 -1.075187247582617189e+01 0.000000000000000000e+00
0.000000000000000000e+00 0.000000000000000000e+00 0.000000000000000000e+00 3.280756816287299760e+00 -5.094571400274775286e+00 2.189836962258350006e+00 0.000000000000000000e+00
0.000000000000000000e+00 0.000000000000000000e+00 0.000000000000000000e+00 9.419551170952638941e+00 -2.446285571981827189e+01 1.945999220458533685e+01 0.000000000000000000e+00
0.000000000000000000e+00 0.000000000000000000e+00 0.000000000000000000e+00 1.793827073267188865e+01 3.843353352825464725e-02 3.250977648832641814e-02 0.000000000000000000e+00
0.000000000000000000e+00 0.000000000000000000e+00 0.000000000000000000e+00 1.121646428281287911e+00 -7.022041214998978376e+00 7.033610639726138203e+00 0.000000000000000000e+00
0.000000000000000000e+00 0.000000000000000000e+00 0.000000000000000000e+00 7.932885743813835155e+00 -7.852785967484537721e+00 1.400976204817764703e+01 0.000000000000000000e+00
0.000000000000000000e+00 0.000000000000000000e+00 0.000000000000000000e+00 6.586143313344472006e+00 -8.435019067220288491e+00 -2.088338698744418132e+00 0.000000000000000000e+00
0.000000000000000000e+00 0.000000000000000000e+00 0.000000000000000000e+00 1.544181708705423040e+00 -5.662902977642152003e+00 4.235537774507562858e+00 0.000000000000000000e+00
0.000000000000000000e+00 0.000000000000000000e+00 0.000000000000000000e+00 1.216361458256735162e+01 -1.699628486474511746e+01 -1.531162295682054442e+01 0.000000000000000000e+00
0.000000000000000000e+00 0.000000000000000000e+00 0.000000000000000000e+00 5.410769650526989771e+00 7.279671723053125376e+00 -6.373212069356656961e+00 0.000000000000000000e+00
0.000000000000000000e+00 0.000000000000000000e+00 0.000000000000000000e+00 1.280201370246199488e+01 2.623884616509824852e+01 2.750919608772307967e+01 0.000000000000000000e+00
0.000000000000000000e+00 0.000000000000000000e+00 0.000000000000000000e+00 5.272168608306498916e-01 9.433950235017260155e+00 -8.647200629601293542e+00 0.000000000000000000e+00
0.000000000000000000e+00 0.000000000000000000e+00 0.000000000000000000e+00 1.385413061422979730e+01 1.710421723922417758e+00 9.715343239386484697e-01 0.000000000000000000e+00
0.000000000000000000e+00 0.000000000000000000e+00 0.000000000000000000e+00 2.346482625975962577e+00 1.009268328717971208e+01 -6.941499468917547766e+00 0.000000000000000000e+00
0.000000000000000000e+00 0.000000000000000000e+00 0.000000000000000000e+00 1.539781869716779461e+01 -6.304338246226168785e-01 -1.727604138841109249e-01 0.000000000000000000e+00
0.000000000000000000e+00 0.000000000000000000e+00 0.000000000000000000e+00 3.848358633700188935e+00 1.088991869568199000e+01 -7.670283411460198764e+00 0.000000000000000000e+00
0.000000000000000000e+00 0.000000000000000000e+00 0.000000000000000000e+00 6.416221264269350577e+00 -7.775328203541969962e+00 6.247309226330434839e+00 0.000000000000000000e+00
0.000000000000000000e+00 0.000000000000000000e+00 0.000000000000000000e+00 5.184852306070135697e+00 -3.925512395029199020e+00 -2.637209479928206868e+00 0.000000000000000000e+00
0.000000000000000000e+00 0.000000000000000000e+00 0.000000000000000000e+00 1.469704743336668784e+00 -7.423454662757952072e+00 6.114991986829122261e+00 0.000000000000000000e+00
0.000000000000000000e+00 0.000000000000000000e+00 0.000000000000000000e+00 3.111422043048366781e+00 -8.021748568776521537e+00 6.148199739356623894e+00 0.000000000000000000e+00
0.000000000000000000e+00 0.000000000000000000e+00 0.000000000000000000e+00 1.287299210127309079e+00 -9.068106706195226963e+00 8.377771578519922713e+00 0.000000000000000000e+00
0.000000000000000000e+00 0.000000000000000000e+00 0.000000000000000000e+00 1.657811216887252925e+01 -2.686246522785836754e-01 -4.286857424225776203e-02 0.000000000000000000e+00
0.000000000000000000e+00 0.000000000000000000e+00 0.000000000000000000e+00 9.198310588379863262e+00 3.833461621310982448e+00 6.626744353485835681e+00 0.000000000000000000e+00
0.000000000000000000e+00 0.000000000000000000e+00 0.000000000000000000e+00 1.166506096439249163e+01 2.453302346745249451e+01 1.753420778342749742e+01 0.000000000000000000e+00
0.000000000000000000e+00 0.000000000000000000e+00 0.000000000000000000e+00 1.713522444768296182e+00 -1.248879972918242598e-01 -1.132044411694491659e+00 0.000000000000000000e+00
0.000000000000000000e+00 0.000000000000000000e+00 0.000000000000000000e+00 1.614027956010477272e-01 5.378673346981456937e+00 -5.140995385309147458e+00 0.000000000000000000e+00
0.000000000000000000e+00 0.000000000000000000e+00 0.000000000000000000e+00 5.071302478089402932e+00 -9.213619056865887558e+00 9.768781348988738733e-01 0.000000000000000000e+00
0.000000000000000000e+00 0.000000000000000000e+00 0.000000000000000000e+00 2.964389319587493965e+00 -7.644793015827633376e+00 7.394213072150987998e+00 0.000000000000000000e+00
0.000000000000000000e+00 0.000000000000000000e+00 0.000000000000000000e+00 3.453423803814089088e-01 9.321611647961956848e+00 -8.796789910519409617e+00 0.000000000000000000e+00
0.000000000000000000e+00 0.000000000000000000e+00 0.000000000000000000e+00 8.196323589855017744e+00 -1.179218507430131702e+01 5.356897748170621476e+00 0.000000000000000000e+00
0.000000000000000000e+00 0.000000000000000000e+00 0.000000000000000000e+00 8.138928731216751089e+00 -1.231211147165448416e+01 8.446150457230315212e+00 0.000000000000000000e+00
0.000000000000000000e+00 0.000000000000000000e+00 0.000000000000000000e+00 1.765138110053594556e+00 1.761075289507005204e+00 -2.830499096039283291e+00 0.000000000000000000e+00
0.000000000000000000e+00 0.000000000000000000e+00 0.000000000000000000e+00 3.250485446768232478e+00 -5.850516580184044635e+00 3.035487153340760358e+00 0.000000000000000000e+00
0.000000000000000000e+00 0.000000000000000000e+00 0.000000000000000000e+00 7.526279145629906075e+00 1.238295275612192015e+01 -2.303999138844032402e+00 0.000000000000000000e+00
0.000000000000000000e+00 0.000000000000000000e+00 0.000000000000000000e+00 5.112334794315611219e+00 -7.416690259353382331e+00 -4.016563708135417743e-01 0.000000000000000000e+00
0.000000000000000000e+00 0.000000000000000000e+00 0.000000000000000000e+00 2.170897023034911300e+01 2.420334317003882199e-02 -3.800207644843055146e-03 0.000000000000000000e+00
0.000000000000000000e+00 0.000000000000000000e+00 0.000000000000000000e+00 2.076696500948723312e+01 1.968376242396583861e-02 -9.301614468999313060e-03 0.000000000000000000e+00
0.000000000000000000e+00 0.000000000000000000e+00 0.000000000000000000e+00 4.319037408948541490e+00 -8.377888780067553887e-01 5.936583132564871690e+00 0.000000000000000000e+00
0.000000000000000000e+00 0.000000000000000000e+00 0.000000000000000000e+00 2.483058981277050048e+00 6.602307744888563867e+00 -3.106454785513526051e+00 0.000000000000000000e+00
0.000000000000000000e+00 0.000000000000000000e+00 0.000000000000000000e+00 3.454814145485110455e+00 5.258099838070580123e-01 -2.992293795406157031e+00 0.000000000000000000e+00
0.000000000000000000e+00 0.000000000000000000e+00 0.000000000000000000e+00 4.460403430909224198e+00 -7.265067362161845566e+00 9.755672125813530826e+00 0.000000000000000000e+00
0.000000000000000000e+00 0.000000000000000000e+00 0.000000000000000000e+00 2.384584328098094286e+00 9.294048545509461690e+00 -5.982379049629276579e+00 0.000000000000000000e+00
0.000000000000000000e+00 0.000000000000000000e+00 0.000000000000000000e+00 5.373489186502656167e+00 5.582076542116260143e+00 -6.190166546734932496e+00 0.000000000000000000e+00
0.000000000000000000e+00 0.000000000000000000e+00 0.000000000000000000e+00 7.522387459961999978e-01 4.471623401538479925e+00 -3.580839273342336426e+00 0.000000000000000000e+00
0.000000000000000000e+00 0.000000000000000000e+00 0.000000000000000000e+00 1.178296247492412441e+01 -2.294219632566879241e+01 -9.957094894062851864e+00 0.000000000000000000e+00
0.000000000000000000e+00 0.000000000000000000e+00 0.000000000000000000e+00 5.297459404023205920e+00 1.837409652798057680e+00 -5.247833097040704331e+00 0.000000000000000000e+00
0.000000000000000000e+00 0.000000000000000000e+00 0.000000000000000000e+00 3.667423658888448568e+00 7.683445071868733933e+00 -7.546925332728902980e+00 0.000000000000000000e+00
0.000000000000000000e+00 0.000000000000000000e+00 0.000000000000000000e+00 3.447694315854528124e+00 2.706404536216857060e-01 -2.787415510569970944e+00 0.000000000000000000e+00
0.000000000000000000e+00 0.000000000000000000e+00 0.000000000000000000e+00 6.600200946701699323e+00 -8.265929317129458553e+00 -2.882129258346205258e+00 0.000000000000000000e+00
0.000000000000000000e+00 0.000000000000000000e+00 0.000000000000000000e+00 9.021712368775059332e+00 1.891893071406428817e+01 -7.355924836898648955e+00 0.000000000000000000e+00
0.000000000000000000e+00 0.000000000000000000e+00 0.000000000000000000e+00 4.936798522995315963e+00 -1.372000695333047382e+01 5.569597003443585770e+00 0.000000000000000000e+00
0.000000000000000000e+00 0.000000000000000000e+00 0.000000000000000000e+00 9.282708698414536830e-01 -1.439606678605812151e+00 2.085196076594155734e+00 0.000000000000000000e+00
0.000000000000000000e+00 0.000000000000000000e+00 0.000000000000000000e+00 3.532467944953476824e+00 3.319912604064572115e+00 -5.062972857060907828e+00 0.000000000000000000e+00
0.000000000000000000e+00 0.000000000000000000e+00 0.000000000000000000e+00 3.293963062061700420e+00 -4.738093358546624501e+00 1.808721748055409195e+00 0.000000000000000000e+00
0.000000000000000000e+00 0.000000000000000000e+00 0.000000000000000000e+00 1.217637904954007233e+01 -1.345056889132329836e+01 -1.295557913449886556e+01 0.000000000000000000e+00
0.000000000000000000e+00 0.000000000000000000e+00 0.000000000000000000e+00 3.277490863915045516e+00 -5.180257590342717933e+00 2.282419150830813148e+00 0.000000000000000000e+00
0.000000000000000000e+00 0.000000000000000000e+00 0.000000000000000000e+00 3.285197586077680754e+00 -4.976367193425679680e+00 2.061364020986940826e+00 0.000000000000000000e+00
0.000000000000000000e+00 0.000000000000000000e+00 0.000000000000000000e+00 3.857359548260529181e+00 1.093924109679820056e+01 -7.572676078707286429e+00 0.000000000000000000e+00
0.000000000000000000e+00 0.000000000000000000e+00 0.000000000000000000e+00 5.692328096826024364e+00 1.437203219976034418e+01 -1.914237141129614184e+00 0.000000000000000000e+00
0.000000000000000000e+00 0.000000000000000000e+00 0.000000000000000000e+00 2.084001820072142741e-01 6.686551038291376869e+00 -6.377176706208977031e+00 0.000000000000000000e+00
0.000000000000000000e+00 0.000000000000000000e+00 0.000000000000000000e+00 1.485806290957791598e+00 -7.090163014405919562e+00 5.747749344985335185e+00 0.000000000000000000e+00
0.000000000000000000e+00 0.000000000000000000e+00 0.000000000000000000e+00 4.478619421983728088e+00 -8.040329495824392936e+00 1.011036205568652768e+01 0.000000000000000000e+00
0.000000000000000000e+00 0.000000000000000000e+00 0.000000000000000000e+00 1.231998937181692710e+01 3.075696930657949579e+01 2.008478301020774026e+01 0.000000000000000000e+00
0.000000000000000000e+00 0.000000000000000000e+00 0.000000000000000000e+00 1.289888092160202326e+01 -2.894981532560876047e+01 -2.589367630574209755e+01 0.000000000000000000e+00
0.000000000000000000e+00 0.000000000000000000e+00 0.000000000000000000e+00 1.599887369706879170e+01 6.631743239207006368e-01 2.149346290957104000e-01 0.000000000000000000e+00
0.000000000000000000e+00 0.000000000000000000e+00 0.000000000000000000e+00 1.742201986881213305e+00 9.212057793657777438e-01 -2.081974217299686902e+00 0.000000000000000000e+00
0.000000000000000000e+00 0.000000000000000000e+00 0.000000000000000000e+00 2.136542553068251138e+01 -3.554495363194023344e-02 1.156234943507006345e-04 0.000000000000000000e+00

Amplitudes vs time: t // theta_tt_old // theta_mt_old // alpha_cdt_old// theta_tt_opt // theta_mt_opt// alpha_cdt_opt  
0.000000000000000000e+00 5.555555555555555768e-03 9.944444444444444642e-01 0.000000000000000000e+00 1.022501598170508230e-01 7.534691386997111051e-01 0.000000000000000000e+00
1.000000000000000000e+00 1.666666666666666644e-02 9.833333333333332815e-01 0.000000000000000000e+00 2.853824256596352860e-01 7.332463975946932333e-01 0.000000000000000000e+00
2.000000000000000000e+00 2.777777777777777624e-02 9.722222222222222099e-01 0.000000000000000000e+00 4.222803987924582669e-01 7.185568187946068663e-01 0.000000000000000000e+00
3.000000000000000000e+00 3.888888888888888951e-02 9.611111111111111382e-01 0.000000000000000000e+00 5.144074123305313329e-01 7.022788207330409316e-01 0.000000000000000000e+00
4.000000000000000000e+00 5.000000000000000278e-02 9.499999999999999556e-01 0.000000000000000000e+00 5.746645895695370321e-01 6.877065689445963637e-01 0.000000000000000000e+00
5.000000000000000000e+00 6.111111111111110911e-02 9.388888888888888840e-01 0.000000000000000000e+00 6.165544924609089872e-01 6.785686326209585673e-01 0.000000000000000000e+00
6.000000000000000000e+00 7.222222222222221544e-02 9.277777777777778123e-01 0.000000000000000000e+00 6.492416189247879332e-01 6.759861419053954101e-01 0.000000000000000000e+00
7.000000000000000000e+00 8.333333333333332871e-02 9.166666666666666297e-01 0.000000000000000000e+00 6.769873588447664625e-01 6.788392154096399844e-01 0.000000000000000000e+00
8.000000000000000000e+00 9.444444444444444198e-02 9.055555555555555580e-01 0.000000000000000000e+00 7.008073638883567380e-01 6.850589523949323079e-01 0.000000000000000000e+00
9.000000000000000000e+00 1.055555555555555552e-01 8.944444444444444864e-01 0.000000000000000000e+00 7.205091772144069928e-01 6.926151182497309877e-01 0.000000000000000000e+00
1.000000000000000000e+01 1.166666666666666685e-01 8.833333333333333037e-01 0.000000000000000000e+00 7.360654266249581079e-01 6.999290015717540836e-01 0.000000000000000000e+00
1.100000000000000000e+01 1.277777777777777679e-01 8.722222222222222321e-01 0.000000000000000000e+00 7.480840374168256091e-01 7.059162334741246880e-01 0.000000000000000000e+00
1.200000000000000000e+01 1.388888888888888951e-01 8.611111111111111605e-01 0.000000000000000000e+00 7.576429006677631861e-01 7.099284078567394962e-01 0.000000000000000000e+00
1.300000000000000000e+01 1.499999999999999944e-01 8.499999999999999778e-01 0.000000000000000000e+00 7.658941933630439847e-01 7.117217216439818417e-01 0.000000000000000000e+00
1.400000000000000000e+01 1.611111111111111216e-01 8.388888888888889062e-01 0.000000000000000000e+00 7.737303823752273990e-01 7.114355534683232118e-01 0.000000000000000000e+00
1.500000000000000000e+01 1.722222222222222210e-01 8.277777777777777235e-01 0.000000000000000000e+00 7.816196431480116891e-01 7.095175403012320414e-01 0.000000000000000000e+00
1.600000000000000000e+01 1.833333333333333204e-01 8.166666666666666519e-01 0.000000000000000000e+00 7.895930242530675436e-01 7.065776461766026806e-01 0.000000000000000000e+00
1.700000000000000000e+01 1.944444444444444475e-01 8.055555555555555802e-01 0.000000000000000000e+00 7.973317006833711140e-01 7.032218294062174690e-01 0.000000000000000000e+00
1.800000000000000000e+01 2.055555555555555469e-01 7.944444444444445086e-01 0.000000000000000000e+00 8.043183774444325751e-01 6.999395840362369059e-01 0.000000000000000000e+00
1.900000000000000000e+01 2.166666666666666741e-01 7.833333333333333259e-01 0.000000000000000000e+00 8.100264515182620251e-01 6.970813645830506999e-01 0.000000000000000000e+00
2.000000000000000000e+01 2.277777777777777735e-01 7.722222222222222543e-01 0.000000000000000000e+00 8.141031214927312298e-01 6.948963480335835774e-01 0.000000000000000000e+00
2.100000000000000000e+01 2.388888888888889006e-01 7.611111111111110716e-01 0.000000000000000000e+00 8.164810206686858862e-01 6.935620432695467352e-01 0.000000000000000000e+00
2.200000000000000000e+01 2.500000000000000000e-01 7.500000000000000000e-01 0.000000000000000000e+00 8.173639833953841860e-01 6.931560029235751541e-01 0.000000000000000000e+00
2.300000000000000000e+01 2.611111111111111271e-01 7.388888888888889284e-01 0.000000000000000000e+00 8.170882449823959615e-01 6.935821009963697437e-01 0.000000000000000000e+00
2.400000000000000000e+01 2.722222222222221988e-01 7.277777777777778567e-01 0.000000000000000000e+00 8.159314095984362414e-01 6.945207072650064761e-01 0.000000000000000000e+00
2.500000000000000000e+01 2.833333333333333259e-01 7.166666666666666741e-01 0.000000000000000000e+00 8.139760445840336089e-01 6.954755890887053260e-01 0.000000000000000000e+00
2.600000000000000000e+01 2.944444444444444531e-01 7.055555555555554914e-01 0.000000000000000000e+00 8.110984722184026996e-01 6.959290049471844597e-01 0.000000000000000000e+00
2.700000000000000000e+01 3.055555555555555802e-01 6.944444444444444198e-01 0.000000000000000000e+00 8.070607888141680952e-01 6.955271252822584627e-01 0.000000000000000000e+00
2.800000000000000000e+01 3.166666666666666519e-01 6.833333333333333481e-01 0.000000000000000000e+00 8.015964239596327090e-01 6.941648520378957965e-01 0.000000000000000000e+00
2.900000000000000000e+01 3.277777777777777790e-01 6.722222222222222765e-01 0.000000000000000000e+00 7.943663427421725487e-01 6.918718542381970815e-01 0.000000000000000000e+00
3.000000000000000000e+01 3.388888888888889062e-01 6.611111111111110938e-01 0.000000000000000000e+00 7.847524533806492508e-01 6.885182635178634936e-01 0.000000000000000000e+00
3.100000000000000000e+01 3.499999999999999778e-01 6.500000000000000222e-01 0.000000000000000000e+00 7.716052688872672150e-01 6.834984963727391838e-01 0.000000000000000000e+00
3.200000000000000000e+01 3.611111111111111049e-01 6.388888888888888395e-01 0.000000000000000000e+00 7.531788833418893159e-01 6.756262480527929215e-01 0.000000000000000000e+00
3.300000000000000000e+01 3.722222222222222321e-01 6.277777777777777679e-01 0.000000000000000000e+00 7.274736303640774171e-01 6.634180459768987959e-01 0.000000000000000000e+00
3.400000000000000000e+01 3.833333333333333592e-01 6.166666666666666963e-01 0.000000000000000000e+00 6.930354018977398223e-01 6.457606747402223624e-01 0.000000000000000000e+00
3.500000000000000000e+01 3.944444444444444309e-01 6.055555555555556246e-01 0.000000000000000000e+00 6.499960033837494100e-01 6.227304025798373610e-01 0.000000000000000000e+00
3.600000000000000000e+01 4.055555555555555580e-01 5.944444444444444420e-01 0.000000000000000000e+00 6.009180985068576231e-01 5.961813481400934922e-01 0.000000000000000000e+00
3.700000000000000000e+01 4.166666666666666852e-01 5.833333333333332593e-01 0.000000000000000000e+00 5.509690036122363299e-01 5.697448535811213688e-01 0.000000000000000000e+00
3.800000000000000000e+01 4.277777777777777568e-01 5.722222222222221877e-01 0.000000000000000000e+00 5.071483003266972212e-01 5.480972598556045350e-01 0.000000000000000000e+00
3.900000000000000000e+01 4.388888888888888840e-01 5.611111111111111160e-01 0.000000000000000000e+00 4.766708481074153347e-01 5.356748133793557409e-01 0.000000000000000000e+00
4.000000000000000000e+01 4.500000000000000111e-01 5.500000000000000444e-01 0.000000000000000000e+00 4.649940293714893147e-01 5.352906809044946090e-01 0.000000000000000000e+00
4.100000000000000000e+01 4.611111111111111382e-01 5.388888888888888618e-01 0.000000000000000000e+00 4.741882355328786991e-01 5.471978909173308425e-01 0.000000000000000000e+00
4.200000000000000000e+01 4.722222222222222099e-01 5.277777777777777901e-01 0.000000000000000000e+00 5.022685449612611652e-01 5.689851272745710675e-01 0.000000000000000000e+00
4.300000000000000000e+01 4.833333333333333370e-01 5.166666666666666075e-01 0.000000000000000000e+00 5.437546370624010139e-01 5.963512314660143199e-01 0.000000000000000000e+00
4.400000000000000000e+01 4.944444444444444642e-01 5.055555555555555358e-01 0.000000000000000000e+00 5.912559312893193031e-01 6.244353284449225550e-01 0.000000000000000000e+00
4.500000000000000000e+01 5.055555555555555358e-01 4.944444444444444642e-01 0.000000000000000000e+00 6.374974139230731307e-01 6.491579077586950852e-01 0.000000000000000000e+00
4.600000000000000000e+01 5.166666666666667185e-01 4.833333333333332815e-01 0.000000000000000000e+00 6.770723121647620468e-01 6.680595973808235444e-01 0.000000000000000000e+00
4.700000000000000000e+01 5.277777777777777901e-01 4.722222222222222099e-01 0.000000000000000000e+00 7.073732424514644901e-01 6.803897561843044173e-01 0.000000000000000000e+00
4.800000000000000000e+01 5.388888888888888618e-01 4.611111111111111382e-01 0.000000000000000000e+00 7.285206022669823422e-01 6.865610534194900305e-01 0.000000000000000000e+00
4.900000000000000000e+01 5.500000000000000444e-01 4.499999999999999556e-01 0.000000000000000000e+00 7.424999849020210707e-01 6.873659563962757346e-01 0.000000000000000000e+00
5.000000000000000000e+01 5.611111111111111160e-01 4.388888888888888840e-01 0.000000000000000000e+00 7.519704496081611733e-01 6.834100187180045527e-01 0.000000000000000000e+00
5.100000000000000000e+01 5.722222222222221877e-01 4.277777777777778123e-01 0.000000000000000000e+00 7.592291116469798151e-01 6.750353105362882911e-01 0.000000000000000000e+00
5.200000000000000000e+01 5.833333333333333703e-01 4.166666666666666297e-01 0.000000000000000000e+00 7.656449154015974035e-01 6.626915381429047125e-01 0.000000000000000000e+00
5.300000000000000000e+01 5.944444444444444420e-01 4.055555555555555580e-01 0.000000000000000000e+00 7.716183616431021575e-01 6.474375497023086012e-01 0.000000000000000000e+00
5.400000000000000000e+01 6.055555555555555136e-01 3.944444444444444864e-01 0.000000000000000000e+00 7.769121032826740159e-01 6.311724951810898654e-01 0.000000000000000000e+00
5.500000000000000000e+01 6.166666666666666963e-01 3.833333333333333037e-01 0.000000000000000000e+00 7.811082214759149656e-01 6.163491216789571681e-01 0.000000000000000000e+00
5.600000000000000000e+01 6.277777777777777679e-01 3.722222222222222321e-01 0.000000000000000000e+00 7.839834228289237483e-01 6.052270397947596692e-01 0.000000000000000000e+00
5.700000000000000000e+01 6.388888888888888395e-01 3.611111111111111605e-01 0.000000000000000000e+00 7.856963554685045814e-01 5.990121178115022094e-01 0.000000000000000000e+00
5.800000000000000000e+01 6.500000000000000222e-01 3.499999999999999778e-01 0.000000000000000000e+00 7.867815090620996488e-01 5.973365498080325242e-01 0.000000000000000000e+00
5.900000000000000000e+01 6.611111111111110938e-01 3.388888888888889062e-01 0.000000000000000000e+00 7.880003123800770615e-01 5.983945018032994501e-01 0.000000000000000000e+00
6.000000000000000000e+01 6.722222222222222765e-01 3.277777777777777235e-01 0.000000000000000000e+00 7.901135196716839726e-01 5.997259291095939915e-01 0.000000000000000000e+00
6.100000000000000000e+01 6.833333333333333481e-01 3.166666666666666519e-01 0.000000000000000000e+00 7.936368746066588820e-01 5.993025932411861767e-01 0.000000000000000000e+00
6.200000000000000000e+01 6.944444444444444198e-01 3.055555555555555802e-01 0.000000000000000000e+00 7.986459598612366539e-01 5.963959765239874589e-01 0.000000000000000000e+00
6.300000000000000000e+01 7.055555555555556024e-01 2.944444444444443976e-01 0.000000000000000000e+00 8.047020056905719310e-01 5.917953853328070668e-01 0.000000000000000000e+00
6.400000000000000000e+01 7.166666666666666741e-01 2.833333333333333259e-01 0.000000000000000000e+00 8.109540153662273543e-01 5.872589203977318650e-01 0.000000000000000000e+00
6.500000000000000000e+01 7.277777777777777457e-01 2.722222222222222543e-01 0.000000000000000000e+00 8.164154831964467451e-01 5.844640303296444461e-01 0.000000000000000000e+00
6.600000000000000000e+01 7.388888888888889284e-01 2.611111111111110716e-01 0.000000000000000000e+00 8.203288953770573322e-01 5.839823016703300507e-01 0.000000000000000000e+00
6.700000000000000000e+01 7.500000000000000000e-01 2.500000000000000000e-01 0.000000000000000000e+00 8.224643081509805942e-01 5.848005235133371116e-01 0.000000000000000000e+00
6.800000000000000000e+01 7.611111111111110716e-01 2.388888888888889284e-01 0.000000000000000000e+00 8.232027409531703643e-01 5.846437114239242394e-01 0.000000000000000000e+00
6.900000000000000000e+01 7.722222222222222543e-01 2.277777777777777457e-01 0.000000000000000000e+00 8.233508276286712890e-01 5.809564953254529041e-01 0.000000000000000000e+00
7.000000000000000000e+01 7.833333333333333259e-01 2.166666666666666741e-01 0.000000000000000000e+00 8.237813997957362799e-01 5.720660376530037894e-01 0.000000000000000000e+00
7.100000000000000000e+01 7.944444444444443976e-01 2.055555555555556024e-01 0.000000000000000000e+00 8.251097365579689313e-01 5.579492067723791360e-01 0.000000000000000000e+00
7.200000000000000000e+01 8.055555555555555802e-01 1.944444444444444198e-01 0.000000000000000000e+00 8.276128297039068160e-01 5.402101432829577998e-01 0.000000000000000000e+00
7.300000000000000000e+01 8.166666666666666519e-01 1.833333333333333481e-01 0.000000000000000000e+00 8.314549220574757316e-01 5.212524409974143014e-01 0.000000000000000000e+00
7.400000000000000000e+01 8.277777777777777235e-01 1.722222222222222765e-01 0.000000000000000000e+00 8.370629662662758541e-01 5.030192253838536853e-01 0.000000000000000000e+00
7.500000000000000000e+01 8.388888888888889062e-01 1.611111111111110938e-01 0.000000000000000000e+00 8.453332158727014933e-01 4.858877712248084735e-01 0.000000000000000000e+00
7.600000000000000000e+01 8.499999999999999778e-01 1.500000000000000222e-01 0.000000000000000000e+00 8.573710291321265942e-01 4.682438325245782407e-01 0.000000000000000000e+00
7.700000000000000000e+01 8.611111111111111605e-01 1.388888888888888395e-01 0.000000000000000000e+00 8.737057426187424536e-01 4.469578682760222965e-01 0.000000000000000000e+00
7.800000000000000000e+01 8.722222222222222321e-01 1.277777777777777679e-01 0.000000000000000000e+00 8.932831647609341674e-01 4.185857001253325826e-01 0.000000000000000000e+00
7.900000000000000000e+01 8.833333333333333037e-01 1.166666666666666963e-01 0.000000000000000000e+00 9.128207217902634119e-01 3.808030475217955568e-01 0.000000000000000000e+00
8.000000000000000000e+01 8.944444444444444864e-01 1.055555555555555136e-01 0.000000000000000000e+00 9.271156628832721847e-01 3.334913421211200268e-01 0.000000000000000000e+00
8.100000000000000000e+01 9.055555555555555580e-01 9.444444444444444198e-02 0.000000000000000000e+00 9.305468106575727205e-01 2.790487904439228894e-01 0.000000000000000000e+00
8.200000000000000000e+01 9.166666666666666297e-01 8.333333333333337034e-02 0.000000000000000000e+00 9.194183450410090552e-01 2.218226291061175248e-01 0.000000000000000000e+00
8.300000000000000000e+01 9.277777777777778123e-01 7.222222222222218768e-02 0.000000000000000000e+00 8.942360380123629549e-01 1.668993393586272189e-01 0.000000000000000000e+00
8.400000000000000000e+01 9.388888888888888840e-01 6.111111111111111605e-02 0.000000000000000000e+00 8.607945350368100268e-01 1.187103718496648752e-01 0.000000000000000000e+00
8.500000000000000000e+01 9.499999999999999556e-01 5.000000000000004441e-02 0.000000000000000000e+00 8.292708616486872408e-01 7.993911845078152667e-02 0.000000000000000000e+00
8.600000000000000000e+01 9.611111111111111382e-01 3.888888888888886175e-02 0.000000000000000000e+00 8.112975034968795685e-01 5.106493210178549708e-02 0.000000000000000000e+00
8.700000000000000000e+01 9.722222222222222099e-01 2.777777777777779011e-02 0.000000000000000000e+00 8.159125014599952763e-01 3.063258606586452548e-02 0.000000000000000000e+00
8.800000000000000000e+01 9.833333333333332815e-01 1.666666666666671848e-02 0.000000000000000000e+00 8.459220005748050442e-01 1.609214845588301593e-02 0.000000000000000000e+00
8.900000000000000000e+01 9.944444444444444642e-01 5.555555555555535818e-03 0.000000000000000000e+00 8.962219059696814316e-01 4.893232125466696891e-03 0.000000000000000000e+00

Residual energy after optimization is 0.0001609799075351605 C0x=0.8479279924360825 C0z=0.9254467532721055 C0xz=1.0
Optimization procedure took 761.1166200637817 seconds