### PARAMETERS OF THE TIME EVOLUTION ### 
Total time tau = 45
Timestep dt = 1
P = tau/dt = 45
Number of Fourier coefficients Nc = 45

gamma(t) = t/T*(delta_t + \sum_i^Nc gamma_i*f_i(wi, t) 
beta(t) = (1-t/T)*(delta_t + \sum_i^Nc beta_i*f_i(wi, t)

CRAB coefficient   Cz_start// Cx_start// Cxz_start // pulses//  Cz_opt // Cx_opt // Cxz_opt  
0.000000000000000000e+00 0.000000000000000000e+00 0.000000000000000000e+00 3.557329199870394199e+00 4.946091585686555447e+01 -8.490799913603365212e+01 0.000000000000000000e+00
0.000000000000000000e+00 0.000000000000000000e+00 0.000000000000000000e+00 1.750714880723388589e+01 -4.507632732089547753e-04 -4.216187449029388254e-04 0.000000000000000000e+00
0.000000000000000000e+00 0.000000000000000000e+00 0.000000000000000000e+00 3.693398698714117856e+00 4.096981645842029707e+01 -5.741740043296017859e+01 0.000000000000000000e+00
0.000000000000000000e+00 0.000000000000000000e+00 0.000000000000000000e+00 2.476867103009719351e+00 -1.560806552457727570e+01 6.288870769765803459e+01 0.000000000000000000e+00
0.000000000000000000e+00 0.000000000000000000e+00 0.000000000000000000e+00 6.552060152281737437e+00 2.609544557377611085e+01 1.336996886706972987e+02 0.000000000000000000e+00
0.000000000000000000e+00 0.000000000000000000e+00 0.000000000000000000e+00 1.415829066293406946e+01 -7.875211081614590103e-03 8.678684698947636625e-03 0.000000000000000000e+00
0.000000000000000000e+00 0.000000000000000000e+00 0.000000000000000000e+00 9.869239854730500028e+00 4.094874296169098926e+00 2.787777392235108564e+00 0.000000000000000000e+00
0.000000000000000000e+00 0.000000000000000000e+00 0.000000000000000000e+00 6.140014236052406815e-01 1.730673974278612093e+01 -2.485123199321540000e+01 0.000000000000000000e+00
0.000000000000000000e+00 0.000000000000000000e+00 0.000000000000000000e+00 8.844561037359097710e+00 -1.522444008387570324e+00 -1.879087307277686580e+00 0.000000000000000000e+00
0.000000000000000000e+00 0.000000000000000000e+00 0.000000000000000000e+00 3.700236922751509727e+00 4.020729798512982711e+01 -5.576821795069391641e+01 0.000000000000000000e+00
0.000000000000000000e+00 0.000000000000000000e+00 0.000000000000000000e+00 9.917650435587583857e+00 -3.673799537866205611e+00 -2.359821582011258467e+00 0.000000000000000000e+00
0.000000000000000000e+00 0.000000000000000000e+00 0.000000000000000000e+00 6.693456076932588483e-02 9.778074667956405008e+00 -1.589504383013774103e+01 0.000000000000000000e+00
0.000000000000000000e+00 0.000000000000000000e+00 0.000000000000000000e+00 7.827352440058913174e+00 -2.635435439965270632e+00 7.852915971757340685e+01 0.000000000000000000e+00
0.000000000000000000e+00 0.000000000000000000e+00 0.000000000000000000e+00 1.809687769667353230e+00 2.363009410613343775e+01 -4.195141045315246231e+01 0.000000000000000000e+00
0.000000000000000000e+00 0.000000000000000000e+00 0.000000000000000000e+00 4.249847568269007780e+00 -5.351729293543048982e+01 7.169660328164391672e+01 0.000000000000000000e+00
0.000000000000000000e+00 0.000000000000000000e+00 0.000000000000000000e+00 3.146518586048701938e+00 5.252541843099844954e-02 -2.352589177386717978e+01 0.000000000000000000e+00
0.000000000000000000e+00 0.000000000000000000e+00 0.000000000000000000e+00 3.951263311960704350e-01 3.517105301640977189e+01 -5.538974166854545444e+01 0.000000000000000000e+00
0.000000000000000000e+00 0.000000000000000000e+00 0.000000000000000000e+00 1.220654857557017969e+01 3.557174853806973659e-03 2.455117237603402641e-02 0.000000000000000000e+00
0.000000000000000000e+00 0.000000000000000000e+00 0.000000000000000000e+00 3.938948210197291466e+00 -2.762258516057624291e+00 2.295931074802411942e+01 0.000000000000000000e+00
0.000000000000000000e+00 0.000000000000000000e+00 0.000000000000000000e+00 3.046787477290015200e+00 -1.761725659632583785e+01 1.132257385955811912e+01 0.000000000000000000e+00
0.000000000000000000e+00 0.000000000000000000e+00 0.000000000000000000e+00 3.027574232162907997e+00 -2.066791129114116998e+01 1.797884466204206433e+01 0.000000000000000000e+00
0.000000000000000000e+00 0.000000000000000000e+00 0.000000000000000000e+00 4.115728312877309669e+00 -3.762138651529900102e+01 6.606249350058867265e+01 0.000000000000000000e+00
0.000000000000000000e+00 0.000000000000000000e+00 0.000000000000000000e+00 5.864244685197325113e-01 2.100405471889140330e+01 -3.096411484465973274e+01 0.000000000000000000e+00
0.000000000000000000e+00 0.000000000000000000e+00 0.000000000000000000e+00 1.430337855745013798e+01 9.975509212948454468e-03 2.707463236109685202e-04 0.000000000000000000e+00
0.000000000000000000e+00 0.000000000000000000e+00 0.000000000000000000e+00 1.096360365131036296e+00 -5.491217432293923650e+01 8.564399422427514708e+01 0.000000000000000000e+00
0.000000000000000000e+00 0.000000000000000000e+00 0.000000000000000000e+00 4.813596796490690721e+00 2.833757559825353312e+01 -8.369530906879460019e+01 0.000000000000000000e+00
0.000000000000000000e+00 0.000000000000000000e+00 0.000000000000000000e+00 1.800624971546703179e+01 9.343873486224430445e-04 -6.173600901552391343e-04 0.000000000000000000e+00
0.000000000000000000e+00 0.000000000000000000e+00 0.000000000000000000e+00 7.779621474995114028e+00 1.782527907395304112e+01 -7.350273057326630521e+01 0.000000000000000000e+00
0.000000000000000000e+00 0.000000000000000000e+00 0.000000000000000000e+00 7.515812137423119488e+00 -2.053569339614854528e+01 -1.547931533060679321e+01 0.000000000000000000e+00
0.000000000000000000e+00 0.000000000000000000e+00 0.000000000000000000e+00 3.117225548350932018e-01 3.416341638772659905e+01 -5.481558597003576949e+01 0.000000000000000000e+00
0.000000000000000000e+00 0.000000000000000000e+00 0.000000000000000000e+00 5.397073982328978836e+00 -7.833987464791651867e-01 5.106952914257577447e+01 0.000000000000000000e+00
0.000000000000000000e+00 0.000000000000000000e+00 0.000000000000000000e+00 4.830864615880015478e+00 3.207980570336291493e+01 -8.679576708296517040e+01 0.000000000000000000e+00
0.000000000000000000e+00 0.000000000000000000e+00 0.000000000000000000e+00 3.911661432077364609e+00 3.056657134048314628e+00 1.396679765144284424e+01 0.000000000000000000e+00
0.000000000000000000e+00 0.000000000000000000e+00 0.000000000000000000e+00 6.428598831435616390e+00 6.359166460789447584e+00 -3.610170411935559542e+01 0.000000000000000000e+00
0.000000000000000000e+00 0.000000000000000000e+00 0.000000000000000000e+00 1.814767262783197888e+00 2.429793495464520703e+01 -4.241042733266545639e+01 0.000000000000000000e+00
0.000000000000000000e+00 0.000000000000000000e+00 0.000000000000000000e+00 2.911653409728293340e+00 -3.559387860691875005e+01 5.427088134408224818e+01 0.000000000000000000e+00
0.000000000000000000e+00 0.000000000000000000e+00 0.000000000000000000e+00 6.314038471439374689e+00 -2.606764506135638015e+01 -1.255317264618645083e+02 0.000000000000000000e+00
0.000000000000000000e+00 0.000000000000000000e+00 0.000000000000000000e+00 8.492750647459809121e-01 -2.236355893004176565e+01 3.903731209507314759e+01 0.000000000000000000e+00
0.000000000000000000e+00 0.000000000000000000e+00 0.000000000000000000e+00 5.444823828801514054e+00 -1.707298469574087108e+01 6.684136817240917594e+01 0.000000000000000000e+00
0.000000000000000000e+00 0.000000000000000000e+00 0.000000000000000000e+00 7.323229427051494156e-01 -1.608006370407180086e+00 6.252529840968503727e+00 0.000000000000000000e+00
0.000000000000000000e+00 0.000000000000000000e+00 0.000000000000000000e+00 2.015671583877485240e+00 3.770747951948173693e+01 -4.659696846097414635e+01 0.000000000000000000e+00
0.000000000000000000e+00 0.000000000000000000e+00 0.000000000000000000e+00 4.066917700273820380e+00 -2.908062044571185112e+01 5.773528500219794068e+01 0.000000000000000000e+00
0.000000000000000000e+00 0.000000000000000000e+00 0.000000000000000000e+00 2.071021505263994200e+01 -7.993676719018985317e-04 3.024921469282284983e-04 0.000000000000000000e+00
0.000000000000000000e+00 0.000000000000000000e+00 0.000000000000000000e+00 1.416015885813363795e+00 -4.215670471142115616e+01 5.455640319457686616e+01 0.000000000000000000e+00
0.000000000000000000e+00 0.000000000000000000e+00 0.000000000000000000e+00 1.710357499984706209e+00 8.570837761450368575e+00 -2.372431314564255800e+01 0.000000000000000000e+00

Amplitudes vs time: t // theta_tt_old // theta_mt_old // alpha_cdt_old// theta_tt_opt // theta_mt_opt// alpha_cdt_opt  
0.000000000000000000e+00 1.111111111111111154e-02 9.888888888888889284e-01 0.000000000000000000e+00 1.250027730062822917e-01 7.750791131206575812e-01 0.000000000000000000e+00
1.000000000000000000e+00 3.333333333333333287e-02 9.666666666666666741e-01 0.000000000000000000e+00 3.382505158539032553e-01 7.638271578736035572e-01 0.000000000000000000e+00
2.000000000000000000e+00 5.555555555555555247e-02 9.444444444444444198e-01 0.000000000000000000e+00 4.808865161680046518e-01 7.569344035620693134e-01 0.000000000000000000e+00
3.000000000000000000e+00 7.777777777777777901e-02 9.222222222222222765e-01 0.000000000000000000e+00 5.676744063195942047e-01 7.516423740251507724e-01 0.000000000000000000e+00
4.000000000000000000e+00 1.000000000000000056e-01 9.000000000000000222e-01 0.000000000000000000e+00 6.223073039852149435e-01 7.476331772110798024e-01 0.000000000000000000e+00
5.000000000000000000e+00 1.222222222222222182e-01 8.777777777777777679e-01 0.000000000000000000e+00 6.601090570272211133e-01 7.435772777235412079e-01 0.000000000000000000e+00
6.000000000000000000e+00 1.444444444444444309e-01 8.555555555555556246e-01 0.000000000000000000e+00 6.876590579232472189e-01 7.396202794572960260e-01 0.000000000000000000e+00
7.000000000000000000e+00 1.666666666666666574e-01 8.333333333333333703e-01 0.000000000000000000e+00 7.077712707795260627e-01 7.363841269016692115e-01 0.000000000000000000e+00
8.000000000000000000e+00 1.888888888888888840e-01 8.111111111111111160e-01 0.000000000000000000e+00 7.226605848891973771e-01 7.336027602548927939e-01 0.000000000000000000e+00
9.000000000000000000e+00 2.111111111111111105e-01 7.888888888888888618e-01 0.000000000000000000e+00 7.342846724898489663e-01 7.305192079764292190e-01 0.000000000000000000e+00
1.000000000000000000e+01 2.333333333333333370e-01 7.666666666666666075e-01 0.000000000000000000e+00 7.438800319641545311e-01 7.268128345580980865e-01 0.000000000000000000e+00
1.100000000000000000e+01 2.555555555555555358e-01 7.444444444444444642e-01 0.000000000000000000e+00 7.519135543114464637e-01 7.227169083962445839e-01 0.000000000000000000e+00
1.200000000000000000e+01 2.777777777777777901e-01 7.222222222222222099e-01 0.000000000000000000e+00 7.583532407976466549e-01 7.183968885840835705e-01 0.000000000000000000e+00
1.300000000000000000e+01 2.999999999999999889e-01 6.999999999999999556e-01 0.000000000000000000e+00 7.631645237692002981e-01 7.133483371105534543e-01 0.000000000000000000e+00
1.400000000000000000e+01 3.222222222222222432e-01 6.777777777777778123e-01 0.000000000000000000e+00 7.668608708786537331e-01 7.064987831640369143e-01 0.000000000000000000e+00
1.500000000000000000e+01 3.444444444444444420e-01 6.555555555555555580e-01 0.000000000000000000e+00 7.702938217268433529e-01 6.970497819003105278e-01 0.000000000000000000e+00
1.600000000000000000e+01 3.666666666666666408e-01 6.333333333333333037e-01 0.000000000000000000e+00 7.734747284907461662e-01 6.851052413650264850e-01 0.000000000000000000e+00
1.700000000000000000e+01 3.888888888888888951e-01 6.111111111111111605e-01 0.000000000000000000e+00 7.749192287137227630e-01 6.711215344472852840e-01 0.000000000000000000e+00
1.800000000000000000e+01 4.111111111111110938e-01 5.888888888888889062e-01 0.000000000000000000e+00 7.727269854521694459e-01 6.547961519478494585e-01 0.000000000000000000e+00
1.900000000000000000e+01 4.333333333333333481e-01 5.666666666666666519e-01 0.000000000000000000e+00 7.660616678698408677e-01 6.351439301815360317e-01 0.000000000000000000e+00
2.000000000000000000e+01 4.555555555555555469e-01 5.444444444444445086e-01 0.000000000000000000e+00 7.550943247904811084e-01 6.121578443634830835e-01 0.000000000000000000e+00
2.100000000000000000e+01 4.777777777777778012e-01 5.222222222222221433e-01 0.000000000000000000e+00 7.403278972279943027e-01 5.882257005965012553e-01 0.000000000000000000e+00
2.200000000000000000e+01 5.000000000000000000e-01 5.000000000000000000e-01 0.000000000000000000e+00 7.235955761631507333e-01 5.675829926960760385e-01 0.000000000000000000e+00
2.300000000000000000e+01 5.222222222222222543e-01 4.777777777777777457e-01 0.000000000000000000e+00 7.097196816487105764e-01 5.543310263954791539e-01 0.000000000000000000e+00
2.400000000000000000e+01 5.444444444444443976e-01 4.555555555555556024e-01 0.000000000000000000e+00 7.051221860814731457e-01 5.507085706764192068e-01 0.000000000000000000e+00
2.500000000000000000e+01 5.666666666666666519e-01 4.333333333333333481e-01 0.000000000000000000e+00 7.132453004821793785e-01 5.562903594379262628e-01 0.000000000000000000e+00
2.600000000000000000e+01 5.888888888888889062e-01 4.111111111111110938e-01 0.000000000000000000e+00 7.318660734714130811e-01 5.679019189475811302e-01 0.000000000000000000e+00
2.700000000000000000e+01 6.111111111111111605e-01 3.888888888888888395e-01 0.000000000000000000e+00 7.556637174251105149e-01 5.805203153031592844e-01 0.000000000000000000e+00
2.800000000000000000e+01 6.333333333333333037e-01 3.666666666666666963e-01 0.000000000000000000e+00 7.805713377728802360e-01 5.894152013924636169e-01 0.000000000000000000e+00
2.900000000000000000e+01 6.555555555555555580e-01 3.444444444444444420e-01 0.000000000000000000e+00 8.047985342424704980e-01 5.922586204183194480e-01 0.000000000000000000e+00
3.000000000000000000e+01 6.777777777777778123e-01 3.222222222222221877e-01 0.000000000000000000e+00 8.271013174069461460e-01 5.892532469511988502e-01 0.000000000000000000e+00
3.100000000000000000e+01 6.999999999999999556e-01 3.000000000000000444e-01 0.000000000000000000e+00 8.464065968448357680e-01 5.813244114217251957e-01 0.000000000000000000e+00
3.200000000000000000e+01 7.222222222222222099e-01 2.777777777777777901e-01 0.000000000000000000e+00 8.630953873439131119e-01 5.686540541561501128e-01 0.000000000000000000e+00
3.300000000000000000e+01 7.444444444444444642e-01 2.555555555555555358e-01 0.000000000000000000e+00 8.786405875898655182e-01 5.509815333204055587e-01 0.000000000000000000e+00
3.400000000000000000e+01 7.666666666666667185e-01 2.333333333333332815e-01 0.000000000000000000e+00 8.934857211315381242e-01 5.283403995239435158e-01 0.000000000000000000e+00
3.500000000000000000e+01 7.888888888888888618e-01 2.111111111111111382e-01 0.000000000000000000e+00 9.069449129707756185e-01 5.003816694968660217e-01 0.000000000000000000e+00
3.600000000000000000e+01 8.111111111111111160e-01 1.888888888888888840e-01 0.000000000000000000e+00 9.197272089290909891e-01 4.649468059446260071e-01 0.000000000000000000e+00
3.700000000000000000e+01 8.333333333333333703e-01 1.666666666666666297e-01 0.000000000000000000e+00 9.345054433501720492e-01 4.183494365064418519e-01 0.000000000000000000e+00
3.800000000000000000e+01 8.555555555555555136e-01 1.444444444444444864e-01 0.000000000000000000e+00 9.523945779244263887e-01 3.581905555371397987e-01 0.000000000000000000e+00
3.900000000000000000e+01 8.777777777777777679e-01 1.222222222222222321e-01 0.000000000000000000e+00 9.701170087549356724e-01 2.865149154137740517e-01 0.000000000000000000e+00
4.000000000000000000e+01 9.000000000000000222e-01 9.999999999999997780e-02 0.000000000000000000e+00 9.824511410742152728e-01 2.103880517684163509e-01 0.000000000000000000e+00
4.100000000000000000e+01 9.222222222222222765e-01 7.777777777777772350e-02 0.000000000000000000e+00 9.869638113639619403e-01 1.391618396609483055e-01 0.000000000000000000e+00
4.200000000000000000e+01 9.444444444444444198e-01 5.555555555555558023e-02 0.000000000000000000e+00 9.849921676653657920e-01 8.038503454329001818e-02 0.000000000000000000e+00
4.300000000000000000e+01 9.666666666666666741e-01 3.333333333333332593e-02 0.000000000000000000e+00 9.787814075425493865e-01 3.722964874288275938e-02 0.000000000000000000e+00
4.400000000000000000e+01 9.888888888888889284e-01 1.111111111111107164e-02 0.000000000000000000e+00 9.695838593586073584e-01 9.038134429887795251e-03 0.000000000000000000e+00

Residual energy after optimization is 0.0017475063558228905 C0x=0.6681421372385646 C0z=0.9641449430700714 C0xz=1.0
Optimization procedure took 131.2806191444397 seconds