### PARAMETERS OF THE TIME EVOLUTION ### 
Total time tau = 54
Timestep dt = 1
P = tau/dt = 54
Number of Fourier coefficients Nc = 54

gamma(t) = t/T*(delta_t + \sum_i^Nc gamma_i*f_i(wi, t) 
beta(t) = (1-t/T)*(delta_t + \sum_i^Nc beta_i*f_i(wi, t)

CRAB coefficient   Cz_start// Cx_start// Cxz_start // pulses//  Cz_opt // Cx_opt // Cxz_opt  
0.000000000000000000e+00 0.000000000000000000e+00 0.000000000000000000e+00 2.786342375221880552e+00 -7.372308993019321965e-01 3.808007027545595502e+00 0.000000000000000000e+00
0.000000000000000000e+00 0.000000000000000000e+00 0.000000000000000000e+00 4.668568120789230669e+00 -1.298788141863889134e+00 4.043288030366492869e+00 0.000000000000000000e+00
0.000000000000000000e+00 0.000000000000000000e+00 0.000000000000000000e+00 2.270279692085896173e+01 7.192036810157662052e-04 5.041020315665416772e-04 0.000000000000000000e+00
0.000000000000000000e+00 0.000000000000000000e+00 0.000000000000000000e+00 4.651272467075322048e+00 -1.295158759103394841e+00 4.343113702380033025e+00 0.000000000000000000e+00
0.000000000000000000e+00 0.000000000000000000e+00 0.000000000000000000e+00 4.449639862473165230e+00 -8.364374705230842588e-01 5.733537111904530192e+00 0.000000000000000000e+00
0.000000000000000000e+00 0.000000000000000000e+00 0.000000000000000000e+00 3.104376113201621212e+00 -1.277632991250864603e+00 4.167855147893382295e+00 0.000000000000000000e+00
0.000000000000000000e+00 0.000000000000000000e+00 0.000000000000000000e+00 2.447289999177245878e+00 9.758033031467214791e-01 -3.620069639887257384e+00 0.000000000000000000e+00
0.000000000000000000e+00 0.000000000000000000e+00 0.000000000000000000e+00 2.437274913719969849e+00 1.022605775687574825e+00 -3.854448235385333099e+00 0.000000000000000000e+00
0.000000000000000000e+00 0.000000000000000000e+00 0.000000000000000000e+00 1.137738513371340154e+01 5.818421666848895280e-01 2.878230772894355027e+00 0.000000000000000000e+00
0.000000000000000000e+00 0.000000000000000000e+00 0.000000000000000000e+00 3.003807203943076765e+00 -1.296186590831355234e+00 4.974865104918260172e+00 0.000000000000000000e+00
0.000000000000000000e+00 0.000000000000000000e+00 0.000000000000000000e+00 9.902760481103152657e+00 -1.894249983123409642e+00 -1.089994108866620159e+01 0.000000000000000000e+00
0.000000000000000000e+00 0.000000000000000000e+00 0.000000000000000000e+00 8.415447956070892799e-01 3.584588602570540350e-02 -2.092113853294809811e+00 0.000000000000000000e+00
0.000000000000000000e+00 0.000000000000000000e+00 0.000000000000000000e+00 3.321982432846909195e+00 -6.781724201989257628e-01 4.085235368919257204e-01 0.000000000000000000e+00
0.000000000000000000e+00 0.000000000000000000e+00 0.000000000000000000e+00 1.180208260630078998e+00 -9.759134759297719564e-01 4.690942328819602380e+00 0.000000000000000000e+00
0.000000000000000000e+00 0.000000000000000000e+00 0.000000000000000000e+00 8.260853191538513940e+00 -1.513907480256508897e+00 -6.188021436329473879e+00 0.000000000000000000e+00
0.000000000000000000e+00 0.000000000000000000e+00 0.000000000000000000e+00 8.409940744352020658e+00 -2.320396099850615457e+00 -1.969222720397274529e+01 0.000000000000000000e+00
0.000000000000000000e+00 0.000000000000000000e+00 0.000000000000000000e+00 5.122533419026169099e+00 6.634043202939201578e-01 -7.325127352987022888e+00 0.000000000000000000e+00
0.000000000000000000e+00 0.000000000000000000e+00 0.000000000000000000e+00 5.010086291719185070e+00 -1.063597502602316447e-01 -4.817401498223625289e+00 0.000000000000000000e+00
0.000000000000000000e+00 0.000000000000000000e+00 0.000000000000000000e+00 2.564424241458556075e+00 3.771849033508453131e-01 -7.593554195957179509e-01 0.000000000000000000e+00
0.000000000000000000e+00 0.000000000000000000e+00 0.000000000000000000e+00 4.223409172198359762e+00 1.988633270632586547e-01 2.909105130988558052e+00 0.000000000000000000e+00
0.000000000000000000e+00 0.000000000000000000e+00 0.000000000000000000e+00 9.783943764678500798e+00 -1.492326870128581673e+00 -2.146976880164649160e+00 0.000000000000000000e+00
0.000000000000000000e+00 0.000000000000000000e+00 0.000000000000000000e+00 1.443457234916557752e+01 2.149724065301316517e-02 9.582352045520224626e-02 0.000000000000000000e+00
0.000000000000000000e+00 0.000000000000000000e+00 0.000000000000000000e+00 8.023253862004876780e+00 1.469890462209187731e+00 2.058093879960334860e+01 0.000000000000000000e+00
0.000000000000000000e+00 0.000000000000000000e+00 0.000000000000000000e+00 3.919667413578408866e+00 1.148919279545183025e+00 -3.261312171024685291e+00 0.000000000000000000e+00
0.000000000000000000e+00 0.000000000000000000e+00 0.000000000000000000e+00 8.988190686133346929e+00 2.987882440671949524e+00 1.291999438454350013e+01 0.000000000000000000e+00
0.000000000000000000e+00 0.000000000000000000e+00 0.000000000000000000e+00 1.897423727650941672e+01 -7.633269179963839655e-03 -8.245986636539087353e-03 0.000000000000000000e+00
0.000000000000000000e+00 0.000000000000000000e+00 0.000000000000000000e+00 2.716045397202216716e+00 -4.174405279956486803e-01 2.629622650210785118e+00 0.000000000000000000e+00
0.000000000000000000e+00 0.000000000000000000e+00 0.000000000000000000e+00 1.257556391311799526e+00 -1.011688662685842344e+00 5.113291139068517843e+00 0.000000000000000000e+00
0.000000000000000000e+00 0.000000000000000000e+00 0.000000000000000000e+00 4.800088195888699616e+00 -1.114020923929150531e+00 1.045782966358310251e+00 0.000000000000000000e+00
0.000000000000000000e+00 0.000000000000000000e+00 0.000000000000000000e+00 2.194593467165409262e+00 1.752315231035704857e+00 -7.880482574622712733e+00 0.000000000000000000e+00
0.000000000000000000e+00 0.000000000000000000e+00 0.000000000000000000e+00 3.546970563755179384e+00 3.426910938157899933e-01 -3.689194685547493524e+00 0.000000000000000000e+00
0.000000000000000000e+00 0.000000000000000000e+00 0.000000000000000000e+00 2.694794396329641462e+00 -3.121168433366405814e-01 2.212828441607987529e+00 0.000000000000000000e+00
0.000000000000000000e+00 0.000000000000000000e+00 0.000000000000000000e+00 1.534426111908021584e+00 -3.786951430284747899e-01 2.226632946843625671e+00 0.000000000000000000e+00
0.000000000000000000e+00 0.000000000000000000e+00 0.000000000000000000e+00 5.413443814457985503e+00 2.429709058762491658e+00 -7.555667688255593539e+00 0.000000000000000000e+00
0.000000000000000000e+00 0.000000000000000000e+00 0.000000000000000000e+00 1.591817092351469620e+00 -1.289759988206854169e-01 9.597052673347901131e-01 0.000000000000000000e+00
0.000000000000000000e+00 0.000000000000000000e+00 0.000000000000000000e+00 1.455131840985960423e+01 -1.851099896541313905e-02 -6.624890824359669361e-02 0.000000000000000000e+00
0.000000000000000000e+00 0.000000000000000000e+00 0.000000000000000000e+00 1.126555978356636878e+01 -7.963160340734751763e-01 -3.601451863878737836e+00 0.000000000000000000e+00
0.000000000000000000e+00 0.000000000000000000e+00 0.000000000000000000e+00 3.181511847505781088e+00 -1.143336912542294970e+00 3.069600573738301197e+00 0.000000000000000000e+00
0.000000000000000000e+00 0.000000000000000000e+00 0.000000000000000000e+00 4.578218950184360203e+00 -1.212125518500886567e+00 5.309599889560391084e+00 0.000000000000000000e+00
0.000000000000000000e+00 0.000000000000000000e+00 0.000000000000000000e+00 6.251594209560941806e+00 -2.317917324128435652e+00 9.482021432448172860e+00 0.000000000000000000e+00
0.000000000000000000e+00 0.000000000000000000e+00 0.000000000000000000e+00 1.717681489719050436e+00 4.795507028809871120e-01 -2.132261592050274768e+00 0.000000000000000000e+00
0.000000000000000000e+00 0.000000000000000000e+00 0.000000000000000000e+00 3.508669379089499607e+00 1.694184986002909288e-01 -3.131478408871501085e+00 0.000000000000000000e+00
0.000000000000000000e+00 0.000000000000000000e+00 0.000000000000000000e+00 3.909373457354772263e+00 1.156898141532785473e+00 -3.418787672849198600e+00 0.000000000000000000e+00
0.000000000000000000e+00 0.000000000000000000e+00 0.000000000000000000e+00 9.013170350930065355e-01 -2.020836739303221996e-01 -5.691013023561216633e-01 0.000000000000000000e+00
0.000000000000000000e+00 0.000000000000000000e+00 0.000000000000000000e+00 1.882957952936095936e+01 7.229302939246538134e-03 7.708181145929519917e-03 0.000000000000000000e+00
0.000000000000000000e+00 0.000000000000000000e+00 0.000000000000000000e+00 4.878020383638569935e-01 1.068716227999523261e+00 -8.309845510110108080e+00 0.000000000000000000e+00
0.000000000000000000e+00 0.000000000000000000e+00 0.000000000000000000e+00 7.080677675394818849e+00 2.762808340179166322e+00 -3.077985381529333431e+00 0.000000000000000000e+00
0.000000000000000000e+00 0.000000000000000000e+00 0.000000000000000000e+00 6.708327268899893170e+00 -2.241124249564911963e+00 -8.095752990220860923e+00 0.000000000000000000e+00
0.000000000000000000e+00 0.000000000000000000e+00 0.000000000000000000e+00 1.606174976350094852e+01 -3.658255341412629084e-03 6.561174426431797338e-03 0.000000000000000000e+00
0.000000000000000000e+00 0.000000000000000000e+00 0.000000000000000000e+00 3.966629914958269776e+00 1.088820234580325064e+00 -2.463934681380766989e+00 0.000000000000000000e+00
0.000000000000000000e+00 0.000000000000000000e+00 0.000000000000000000e+00 4.041653115473455848e+00 9.162602103516622742e-01 -9.783027023021584334e-01 0.000000000000000000e+00
0.000000000000000000e+00 0.000000000000000000e+00 0.000000000000000000e+00 1.012015759396013870e+01 2.424714008617181005e+00 9.829037016282951456e+00 0.000000000000000000e+00
0.000000000000000000e+00 0.000000000000000000e+00 0.000000000000000000e+00 3.812383132470087865e+00 1.138720046942454989e+00 -4.537289213534789312e+00 0.000000000000000000e+00
0.000000000000000000e+00 0.000000000000000000e+00 0.000000000000000000e+00 5.809138202467035939e+00 1.773973827635850098e+00 5.492478729378010627e+00 0.000000000000000000e+00

Amplitudes vs time: t // theta_tt_old // theta_mt_old // alpha_cdt_old// theta_tt_opt // theta_mt_opt// alpha_cdt_opt  
0.000000000000000000e+00 9.259259259259258745e-03 9.907407407407406996e-01 0.000000000000000000e+00 8.677263085615384564e-02 7.526313821417145444e-01 0.000000000000000000e+00
1.000000000000000000e+00 2.777777777777777624e-02 9.722222222222222099e-01 0.000000000000000000e+00 2.396826995305255392e-01 7.140227603870985540e-01 0.000000000000000000e+00
2.000000000000000000e+00 4.629629629629629373e-02 9.537037037037037202e-01 0.000000000000000000e+00 3.423559261454988123e-01 6.657005067719349301e-01 0.000000000000000000e+00
3.000000000000000000e+00 6.481481481481481122e-02 9.351851851851852304e-01 0.000000000000000000e+00 3.924058093006705383e-01 6.085525395792429348e-01 0.000000000000000000e+00
4.000000000000000000e+00 8.333333333333332871e-02 9.166666666666666297e-01 0.000000000000000000e+00 4.052227968612777675e-01 5.524529759592462508e-01 0.000000000000000000e+00
5.000000000000000000e+00 1.018518518518518462e-01 8.981481481481481399e-01 0.000000000000000000e+00 4.020328637735146593e-01 5.090317174446725712e-01 0.000000000000000000e+00
6.000000000000000000e+00 1.203703703703703637e-01 8.796296296296296502e-01 0.000000000000000000e+00 4.007984569205920722e-01 4.863164449105906173e-01 0.000000000000000000e+00
7.000000000000000000e+00 1.388888888888888951e-01 8.611111111111111605e-01 0.000000000000000000e+00 4.116930334179247919e-01 4.854329872589022710e-01 0.000000000000000000e+00
8.000000000000000000e+00 1.574074074074074125e-01 8.425925925925925597e-01 0.000000000000000000e+00 4.371480415847658896e-01 5.018322330367263051e-01 0.000000000000000000e+00
9.000000000000000000e+00 1.759259259259259300e-01 8.240740740740740700e-01 0.000000000000000000e+00 4.745984838636414516e-01 5.291608605887688777e-01 0.000000000000000000e+00
1.000000000000000000e+01 1.944444444444444475e-01 8.055555555555555802e-01 0.000000000000000000e+00 5.193301576623711169e-01 5.617650763219217414e-01 0.000000000000000000e+00
1.100000000000000000e+01 2.129629629629629650e-01 7.870370370370369795e-01 0.000000000000000000e+00 5.660647234504808667e-01 5.947461336759974904e-01 0.000000000000000000e+00
1.200000000000000000e+01 2.314814814814814825e-01 7.685185185185184897e-01 0.000000000000000000e+00 6.097918059686215919e-01 6.237119244413640295e-01 0.000000000000000000e+00
1.300000000000000000e+01 2.500000000000000000e-01 7.500000000000000000e-01 0.000000000000000000e+00 6.467868424181861808e-01 6.457253160335301168e-01 0.000000000000000000e+00
1.400000000000000000e+01 2.685185185185185452e-01 7.314814814814813992e-01 0.000000000000000000e+00 6.756082877523358343e-01 6.603025771000006205e-01 0.000000000000000000e+00
1.500000000000000000e+01 2.870370370370370350e-01 7.129629629629630205e-01 0.000000000000000000e+00 6.970838317602445766e-01 6.688339483694154541e-01 0.000000000000000000e+00
1.600000000000000000e+01 3.055555555555555802e-01 6.944444444444444198e-01 0.000000000000000000e+00 7.130978741608307026e-01 6.728610689629368480e-01 0.000000000000000000e+00
1.700000000000000000e+01 3.240740740740740700e-01 6.759259259259259300e-01 0.000000000000000000e+00 7.252318578553450523e-01 6.730146067672274635e-01 0.000000000000000000e+00
1.800000000000000000e+01 3.425925925925926152e-01 6.574074074074074403e-01 0.000000000000000000e+00 7.342596051582386263e-01 6.693070619412906375e-01 0.000000000000000000e+00
1.900000000000000000e+01 3.611111111111111049e-01 6.388888888888888395e-01 0.000000000000000000e+00 7.403435922446341966e-01 6.617477130985127687e-01 0.000000000000000000e+00
2.000000000000000000e+01 3.796296296296296502e-01 6.203703703703703498e-01 0.000000000000000000e+00 7.431509610993851656e-01 6.502397305628535573e-01 0.000000000000000000e+00
2.100000000000000000e+01 3.981481481481481399e-01 6.018518518518518601e-01 0.000000000000000000e+00 7.416542117224405040e-01 6.340582370767156029e-01 0.000000000000000000e+00
2.200000000000000000e+01 4.166666666666666852e-01 5.833333333333332593e-01 0.000000000000000000e+00 7.340856496087135863e-01 6.119010787640434268e-01 0.000000000000000000e+00
2.300000000000000000e+01 4.351851851851851749e-01 5.648148148148148806e-01 0.000000000000000000e+00 7.184902580036822695e-01 5.828944512584952609e-01 0.000000000000000000e+00
2.400000000000000000e+01 4.537037037037037202e-01 5.462962962962962798e-01 0.000000000000000000e+00 6.939329294999232456e-01 5.480617469159867472e-01 0.000000000000000000e+00
2.500000000000000000e+01 4.722222222222222099e-01 5.277777777777777901e-01 0.000000000000000000e+00 6.621453072158736131e-01 5.114113609921069337e-01 0.000000000000000000e+00
2.600000000000000000e+01 4.907407407407407551e-01 5.092592592592593004e-01 0.000000000000000000e+00 6.288831815984429197e-01 4.797643123842957324e-01 0.000000000000000000e+00
2.700000000000000000e+01 5.092592592592593004e-01 4.907407407407406996e-01 0.000000000000000000e+00 6.034858558522059324e-01 4.607032108084507249e-01 0.000000000000000000e+00
2.800000000000000000e+01 5.277777777777777901e-01 4.722222222222222099e-01 0.000000000000000000e+00 5.954650874366924640e-01 4.590978569467141224e-01 0.000000000000000000e+00
2.900000000000000000e+01 5.462962962962962798e-01 4.537037037037037202e-01 0.000000000000000000e+00 6.093627164285999598e-01 4.742010764295283565e-01 0.000000000000000000e+00
3.000000000000000000e+01 5.648148148148147696e-01 4.351851851851852304e-01 0.000000000000000000e+00 6.416448475982561295e-01 4.996006948703598516e-01 0.000000000000000000e+00
3.100000000000000000e+01 5.833333333333333703e-01 4.166666666666666297e-01 0.000000000000000000e+00 6.826297306269848431e-01 5.263578064984499871e-01 0.000000000000000000e+00
3.200000000000000000e+01 6.018518518518518601e-01 3.981481481481481399e-01 0.000000000000000000e+00 7.221743409175186423e-01 5.470686919662970382e-01 0.000000000000000000e+00
3.300000000000000000e+01 6.203703703703703498e-01 3.796296296296296502e-01 0.000000000000000000e+00 7.544282712226257903e-01 5.580674576487496541e-01 0.000000000000000000e+00
3.400000000000000000e+01 6.388888888888888395e-01 3.611111111111111605e-01 0.000000000000000000e+00 7.783307529054750429e-01 5.589913531927196422e-01 0.000000000000000000e+00
3.500000000000000000e+01 6.574074074074074403e-01 3.425925925925925597e-01 0.000000000000000000e+00 7.949881505117493141e-01 5.510708829368426986e-01 0.000000000000000000e+00
3.600000000000000000e+01 6.759259259259259300e-01 3.240740740740740700e-01 0.000000000000000000e+00 8.053271665563932480e-01 5.356643444933628651e-01 0.000000000000000000e+00
3.700000000000000000e+01 6.944444444444444198e-01 3.055555555555555802e-01 0.000000000000000000e+00 8.094633120832035456e-01 5.134000876766630084e-01 0.000000000000000000e+00
3.800000000000000000e+01 7.129629629629629095e-01 2.870370370370370905e-01 0.000000000000000000e+00 8.066289706596654341e-01 4.838203264481386601e-01 0.000000000000000000e+00
3.900000000000000000e+01 7.314814814814815103e-01 2.685185185185184897e-01 0.000000000000000000e+00 7.949392893891269463e-01 4.459232029874762859e-01 0.000000000000000000e+00
4.000000000000000000e+01 7.500000000000000000e-01 2.500000000000000000e-01 0.000000000000000000e+00 7.722500730634207500e-01 3.999025261244988361e-01 0.000000000000000000e+00
4.100000000000000000e+01 7.685185185185184897e-01 2.314814814814815103e-01 0.000000000000000000e+00 7.388981718128295739e-01 3.490315805535807447e-01 0.000000000000000000e+00
4.200000000000000000e+01 7.870370370370370905e-01 2.129629629629629095e-01 0.000000000000000000e+00 7.002166173563053597e-01 2.996688918261738444e-01 0.000000000000000000e+00
4.300000000000000000e+01 8.055555555555555802e-01 1.944444444444444198e-01 0.000000000000000000e+00 6.657505686311988580e-01 2.585301584499288263e-01 0.000000000000000000e+00
4.400000000000000000e+01 8.240740740740740700e-01 1.759259259259259300e-01 0.000000000000000000e+00 6.452176995234547574e-01 2.288896904988088066e-01 0.000000000000000000e+00
4.500000000000000000e+01 8.425925925925925597e-01 1.574074074074074403e-01 0.000000000000000000e+00 6.446988635834594028e-01 2.086201314755303793e-01 0.000000000000000000e+00
4.600000000000000000e+01 8.611111111111111605e-01 1.388888888888888395e-01 0.000000000000000000e+00 6.657238082757698239e-01 1.916016102916551223e-01 0.000000000000000000e+00
4.700000000000000000e+01 8.796296296296296502e-01 1.203703703703703498e-01 0.000000000000000000e+00 7.060788282467810317e-01 1.714239791859155926e-01 0.000000000000000000e+00
4.800000000000000000e+01 8.981481481481481399e-01 1.018518518518518601e-01 0.000000000000000000e+00 7.597305832096192812e-01 1.448287796430174634e-01 0.000000000000000000e+00
4.900000000000000000e+01 9.166666666666666297e-01 8.333333333333337034e-02 0.000000000000000000e+00 8.160566937167712531e-01 1.128935666593421233e-01 0.000000000000000000e+00
5.000000000000000000e+01 9.351851851851852304e-01 6.481481481481476958e-02 0.000000000000000000e+00 8.612482684893163487e-01 7.967161426337343588e-02 0.000000000000000000e+00
5.100000000000000000e+01 9.537037037037037202e-01 4.629629629629627985e-02 0.000000000000000000e+00 8.831413023172610677e-01 4.954435642060493750e-02 0.000000000000000000e+00
5.200000000000000000e+01 9.722222222222222099e-01 2.777777777777779011e-02 0.000000000000000000e+00 8.768155880525867474e-01 2.512160012930516467e-02 0.000000000000000000e+00
5.300000000000000000e+01 9.907407407407406996e-01 9.259259259259300379e-03 0.000000000000000000e+00 8.471571191933029432e-01 6.908244199086955271e-03 0.000000000000000000e+00

Residual energy after optimization is 0.0016849105038107025 C0x=0.6694532871257929 C0z=0.8274497280050446 C0xz=1.0
Optimization procedure took 243.62555170059204 seconds