### PARAMETERS OF THE TIME EVOLUTION ### 
Total time tau = 18
Timestep dt = 1
P = tau/dt = 18
Number of Fourier coefficients Nc = 18

gamma(t) = t/T*(delta_t + \sum_i^Nc gamma_i*f_i(wi, t) 
beta(t) = (1-t/T)*(delta_t + \sum_i^Nc beta_i*f_i(wi, t)

CRAB coefficient   Cz_start// Cx_start// Cxz_start // pulses//  Cz_opt // Cx_opt // Cxz_opt  
0.000000000000000000e+00 0.000000000000000000e+00 0.000000000000000000e+00 3.475394626669459530e+00 -1.114264522295916926e+01 -1.086883614039368382e+02 0.000000000000000000e+00
0.000000000000000000e+00 0.000000000000000000e+00 0.000000000000000000e+00 1.314433726661793367e+00 -2.612831112097726916e+01 -2.632771911350221785e+02 0.000000000000000000e+00
0.000000000000000000e+00 0.000000000000000000e+00 0.000000000000000000e+00 5.741482895179702339e+00 -3.066136703140294628e+00 1.127056250301556695e+01 0.000000000000000000e+00
0.000000000000000000e+00 0.000000000000000000e+00 0.000000000000000000e+00 1.029715628958327223e+01 -7.022143268366224864e-03 2.587827628236541791e-02 0.000000000000000000e+00
0.000000000000000000e+00 0.000000000000000000e+00 0.000000000000000000e+00 2.531634529197498651e+00 -3.037606291658681457e+00 -1.806415178812767763e+01 0.000000000000000000e+00
0.000000000000000000e+00 0.000000000000000000e+00 0.000000000000000000e+00 1.272192759311451304e+01 -2.135972362792279769e-02 1.108038798742419090e-01 0.000000000000000000e+00
0.000000000000000000e+00 0.000000000000000000e+00 0.000000000000000000e+00 5.060763958972706256e+00 1.460685674176529947e+00 3.733708820920188742e+01 0.000000000000000000e+00
0.000000000000000000e+00 0.000000000000000000e+00 0.000000000000000000e+00 8.975645836496183305e-01 5.151654183722118141e+00 8.526474765734425887e+01 0.000000000000000000e+00
0.000000000000000000e+00 0.000000000000000000e+00 0.000000000000000000e+00 1.495022839084085620e+00 2.280050233000589799e+01 2.031443879302143216e+02 0.000000000000000000e+00
0.000000000000000000e+00 0.000000000000000000e+00 0.000000000000000000e+00 5.578800104320118969e+00 -4.484109819429543009e+00 -7.006389128870462457e+01 0.000000000000000000e+00
0.000000000000000000e+00 0.000000000000000000e+00 0.000000000000000000e+00 5.490604822009570896e+00 5.874406020663181849e+00 1.280126354841955472e+00 0.000000000000000000e+00
0.000000000000000000e+00 0.000000000000000000e+00 0.000000000000000000e+00 3.923581423996956197e+00 -9.144695975085785022e+00 -8.528253622980055582e+01 0.000000000000000000e+00
0.000000000000000000e+00 0.000000000000000000e+00 0.000000000000000000e+00 1.274104848261803014e+01 1.899062133629775620e-02 -1.061220026480200473e-01 0.000000000000000000e+00
0.000000000000000000e+00 0.000000000000000000e+00 0.000000000000000000e+00 5.718878079383814317e+00 -5.077689755080267098e+00 -1.645763397375214510e+01 0.000000000000000000e+00
0.000000000000000000e+00 0.000000000000000000e+00 0.000000000000000000e+00 7.721854776033842072e+00 -2.565021291336938222e-02 1.893757814275939255e-01 0.000000000000000000e+00
0.000000000000000000e+00 0.000000000000000000e+00 0.000000000000000000e+00 5.928171587030679923e+00 1.307075601679155064e+01 1.585579075051286679e+02 0.000000000000000000e+00
0.000000000000000000e+00 0.000000000000000000e+00 0.000000000000000000e+00 6.004833234209828952e+00 -6.842859970720449603e+00 -1.105318677564311542e+02 0.000000000000000000e+00
0.000000000000000000e+00 0.000000000000000000e+00 0.000000000000000000e+00 3.609920537313801248e+00 2.024659124674704813e+01 1.874774113352578411e+02 0.000000000000000000e+00

Amplitudes vs time: t // theta_tt_old // theta_mt_old // alpha_cdt_old// theta_tt_opt // theta_mt_opt// alpha_cdt_opt  
0.000000000000000000e+00 2.777777777777777624e-02 9.722222222222222099e-01 0.000000000000000000e+00 1.992317809634882031e-01 7.562263470231425089e-01 0.000000000000000000e+00
1.000000000000000000e+00 8.333333333333332871e-02 9.166666666666666297e-01 0.000000000000000000e+00 4.719370391583117552e-01 7.477410539614739449e-01 0.000000000000000000e+00
2.000000000000000000e+00 1.388888888888888951e-01 8.611111111111111605e-01 0.000000000000000000e+00 6.008443133987191320e-01 7.431580036873364215e-01 0.000000000000000000e+00
3.000000000000000000e+00 1.944444444444444475e-01 8.055555555555555802e-01 0.000000000000000000e+00 6.671034314914648933e-01 7.397899236327272199e-01 0.000000000000000000e+00
4.000000000000000000e+00 2.500000000000000000e-01 7.500000000000000000e-01 0.000000000000000000e+00 7.058684676186250950e-01 7.362845786868024156e-01 0.000000000000000000e+00
5.000000000000000000e+00 3.055555555555555802e-01 6.944444444444444198e-01 0.000000000000000000e+00 7.308203320408886983e-01 7.323481155501494477e-01 0.000000000000000000e+00
6.000000000000000000e+00 3.611111111111111049e-01 6.388888888888888395e-01 0.000000000000000000e+00 7.486859895629462969e-01 7.276050790120209832e-01 0.000000000000000000e+00
7.000000000000000000e+00 4.166666666666666852e-01 5.833333333333332593e-01 0.000000000000000000e+00 7.605651008181695261e-01 7.228131178819139357e-01 0.000000000000000000e+00
8.000000000000000000e+00 4.722222222222222099e-01 5.277777777777777901e-01 0.000000000000000000e+00 7.699982444790021141e-01 7.162120630718460390e-01 0.000000000000000000e+00
9.000000000000000000e+00 5.277777777777777901e-01 4.722222222222222099e-01 0.000000000000000000e+00 7.764503012439454288e-01 7.089603442162819569e-01 0.000000000000000000e+00
1.000000000000000000e+01 5.833333333333333703e-01 4.166666666666666297e-01 0.000000000000000000e+00 7.813783118348921475e-01 6.978290880262347784e-01 0.000000000000000000e+00
1.100000000000000000e+01 6.388888888888888395e-01 3.611111111111111605e-01 0.000000000000000000e+00 7.865453505624403485e-01 6.825507085639006544e-01 0.000000000000000000e+00
1.200000000000000000e+01 6.944444444444444198e-01 3.055555555555555802e-01 0.000000000000000000e+00 7.914387595339177350e-01 6.583716047251675363e-01 0.000000000000000000e+00
1.300000000000000000e+01 7.500000000000000000e-01 2.500000000000000000e-01 0.000000000000000000e+00 8.006032013358422850e-01 6.197149190188171453e-01 0.000000000000000000e+00
1.400000000000000000e+01 8.055555555555555802e-01 1.944444444444444198e-01 0.000000000000000000e+00 8.153889951168680206e-01 5.551505829528113889e-01 0.000000000000000000e+00
1.500000000000000000e+01 8.611111111111111605e-01 1.388888888888888395e-01 0.000000000000000000e+00 8.456656208853615686e-01 4.483404428947631026e-01 0.000000000000000000e+00
1.600000000000000000e+01 9.166666666666666297e-01 8.333333333333337034e-02 0.000000000000000000e+00 8.829482657589116101e-01 3.096688610995466107e-01 0.000000000000000000e+00
1.700000000000000000e+01 9.722222222222222099e-01 2.777777777777779011e-02 0.000000000000000000e+00 8.621992896981193200e-01 1.274735362450415410e-01 0.000000000000000000e+00

Residual energy after optimization is 0.01562687089843361 C0x=5.151485559731549 C0z=0.8235967533091283 C0xz=1.0
Optimization procedure took 23.188796997070312 seconds