### PARAMETERS OF THE TIME EVOLUTION ### 
Total time tau = 30
Timestep dt = 1
P = tau/dt = 30
Number of Fourier coefficients Nc = 30

gamma(t) = t/T*(delta_t + \sum_i^Nc gamma_i*f_i(wi, t) 
beta(t) = (1-t/T)*(delta_t + \sum_i^Nc beta_i*f_i(wi, t)

CRAB coefficient   Cz_start// Cx_start// Cxz_start // pulses//  Cz_opt // Cx_opt // Cxz_opt  
0.000000000000000000e+00 0.000000000000000000e+00 0.000000000000000000e+00 8.899978061835938092e+00 1.523079934220409370e+01 1.781731826128550011e+01 -3.332690699348252461e-01
0.000000000000000000e+00 0.000000000000000000e+00 0.000000000000000000e+00 2.077726418883794501e+00 -1.009508943771943024e+01 -3.844482431713500148e+01 5.160920577103530604e+01
0.000000000000000000e+00 0.000000000000000000e+00 0.000000000000000000e+00 5.115921028515253433e+00 1.616296609188404787e+01 3.863161800020602499e+01 -2.722768327282941314e+01
0.000000000000000000e+00 0.000000000000000000e+00 0.000000000000000000e+00 2.634456720914494010e+00 7.145063259091648966e+00 2.548384865014165257e+01 -3.317321183874520329e+01
0.000000000000000000e+00 0.000000000000000000e+00 0.000000000000000000e+00 1.831558482912314645e+01 2.886315319709061500e-04 -1.568352100600280130e-03 -2.880226802577232808e-04
0.000000000000000000e+00 0.000000000000000000e+00 0.000000000000000000e+00 3.388980331097489529e+00 -3.008632170491882363e+00 -2.276749717576863841e+00 1.077205125637532568e+01
0.000000000000000000e+00 0.000000000000000000e+00 0.000000000000000000e+00 1.614424082008526184e+01 -6.801547811464402635e-04 2.826730179068592808e-03 2.254023431939373989e-03
0.000000000000000000e+00 0.000000000000000000e+00 0.000000000000000000e+00 9.478904059516047198e+00 3.078887688631203545e+01 3.777918661804356049e+01 -5.438225968039655633e+00
0.000000000000000000e+00 0.000000000000000000e+00 0.000000000000000000e+00 7.295327376503060179e+00 -3.220199416929614422e-01 -6.712785122943162319e-01 -1.999755770163965352e+01
0.000000000000000000e+00 0.000000000000000000e+00 0.000000000000000000e+00 1.346652592866169673e+00 2.682404499888924487e+00 2.320365801831961861e+01 -2.238597204924604966e+01
0.000000000000000000e+00 0.000000000000000000e+00 0.000000000000000000e+00 2.629012391503134372e-01 -7.726416145819634984e+00 -4.118257483376775951e+01 5.125572748140780277e+01
0.000000000000000000e+00 0.000000000000000000e+00 0.000000000000000000e+00 8.223220064132897633e+00 -2.516214521555592754e+01 -2.817787885431460637e+01 -3.040857948863223470e+01
0.000000000000000000e+00 0.000000000000000000e+00 0.000000000000000000e+00 6.058485157983711566e+00 2.481091912607890038e+01 4.502504421888048824e+01 -2.509922497730136470e+01
0.000000000000000000e+00 0.000000000000000000e+00 0.000000000000000000e+00 1.925901636382842597e+01 -1.484562193884204082e-03 -1.888863412789817476e-03 -2.463185275993605173e-05
0.000000000000000000e+00 0.000000000000000000e+00 0.000000000000000000e+00 7.453073748720441927e+00 2.701458467571390898e+01 3.649525606680779788e+01 -2.602232734024274308e+01
0.000000000000000000e+00 0.000000000000000000e+00 0.000000000000000000e+00 2.513037879234160332e+00 3.738352384222095370e+00 8.724202220393278751e+00 -1.596128856046448874e+01
0.000000000000000000e+00 0.000000000000000000e+00 0.000000000000000000e+00 9.449548270670796724e-01 7.163164891274100832e-01 -1.401977021347191599e+00 -1.942182646611622987e+00
0.000000000000000000e+00 0.000000000000000000e+00 0.000000000000000000e+00 5.664335700158222409e+00 -1.717922103897606689e+01 -3.867034165449950223e+01 1.069628795335610150e+01
0.000000000000000000e+00 0.000000000000000000e+00 0.000000000000000000e+00 9.423360099832352788e+00 -3.812242467523809353e+01 -4.644169935009780659e+01 6.389513782200227254e+00
0.000000000000000000e+00 0.000000000000000000e+00 0.000000000000000000e+00 2.423302540816231421e+00 5.056614843640844237e-01 -4.824052588417274912e+00 1.895183451820052767e-01
0.000000000000000000e+00 0.000000000000000000e+00 0.000000000000000000e+00 1.457580694955189315e+01 -1.195588038528519470e-02 4.820310913266138454e-03 6.395328908396858206e-03
0.000000000000000000e+00 0.000000000000000000e+00 0.000000000000000000e+00 1.266102933930032570e+01 8.882159795625796730e-03 3.243236592612774860e-02 3.143504413866626390e-03
0.000000000000000000e+00 0.000000000000000000e+00 0.000000000000000000e+00 3.623918249535817093e+00 5.869117106628840119e+00 -5.048973604609962251e+00 -2.104843079007089202e+01
0.000000000000000000e+00 0.000000000000000000e+00 0.000000000000000000e+00 5.326270817117133127e+00 -1.492107953697664691e+01 -2.866502071977714294e+01 3.154679373642671791e+01
0.000000000000000000e+00 0.000000000000000000e+00 0.000000000000000000e+00 3.398581292859725433e+00 -2.962642062664504028e+00 -3.063613226143076407e+00 1.068643966148008495e+01
0.000000000000000000e+00 0.000000000000000000e+00 0.000000000000000000e+00 3.448196086908815516e+00 -2.329341753326778175e+00 -6.380356857152554184e+00 8.729100988044752540e+00
0.000000000000000000e+00 0.000000000000000000e+00 0.000000000000000000e+00 7.051501033983735844e+00 -2.800697366249218589e+01 -3.958420407617400372e+01 4.052926804725242960e+01
0.000000000000000000e+00 0.000000000000000000e+00 0.000000000000000000e+00 3.316661873991709530e+00 -2.701738594043568753e+00 4.773954088770167026e+00 8.697896825940233612e+00
0.000000000000000000e+00 0.000000000000000000e+00 0.000000000000000000e+00 1.022367327991422936e+00 2.352124130386979317e+00 8.599628899592582698e+00 -1.331272565240284145e+01
0.000000000000000000e+00 0.000000000000000000e+00 0.000000000000000000e+00 8.064047477341722114e+00 1.033803386247539180e+01 9.996366104702129718e+00 4.428244785870886346e+01

Amplitudes vs time: t // theta_tt_old // theta_mt_old // alpha_cdt_old// theta_tt_opt // theta_mt_opt// alpha_cdt_opt  
0.000000000000000000e+00 1.666666666666666644e-02 9.833333333333332815e-01 0.000000000000000000e+00 -3.130381179240177003e-02 1.159844854607041675e+00 2.314817668032844722e-01
1.000000000000000000e+00 5.000000000000000278e-02 9.499999999999999556e-01 0.000000000000000000e+00 1.106187647515813610e-01 7.271484140226340820e-01 4.882448041951477080e-01
2.000000000000000000e+00 8.333333333333332871e-02 9.166666666666666297e-01 0.000000000000000000e+00 2.679182975222182961e-01 6.194887853015974555e-01 5.014241417027562875e-01
3.000000000000000000e+00 1.166666666666666685e-01 8.833333333333333037e-01 0.000000000000000000e+00 3.291350281598274252e-01 5.155120206897878532e-01 5.204932113115994241e-01
4.000000000000000000e+00 1.499999999999999944e-01 8.499999999999999778e-01 0.000000000000000000e+00 3.220286046744979536e-01 4.015099805238377395e-01 5.404967680804801944e-01
5.000000000000000000e+00 1.833333333333333204e-01 8.166666666666666519e-01 0.000000000000000000e+00 2.921937366301536887e-01 2.961667134475770014e-01 5.524784332039160972e-01
6.000000000000000000e+00 2.166666666666666741e-01 7.833333333333333259e-01 0.000000000000000000e+00 2.656271969931989219e-01 2.166150274125656083e-01 5.592044456920248763e-01
7.000000000000000000e+00 2.500000000000000000e-01 7.500000000000000000e-01 0.000000000000000000e+00 2.518816247728281610e-01 1.639729024798457502e-01 5.616868426265320124e-01
8.000000000000000000e+00 2.833333333333333259e-01 7.166666666666666741e-01 0.000000000000000000e+00 2.490356135720889763e-01 1.305187770801000402e-01 5.621774149978406854e-01
9.000000000000000000e+00 3.166666666666666519e-01 6.833333333333333481e-01 0.000000000000000000e+00 2.550978217359786693e-01 1.121976146556802612e-01 5.631834185859858621e-01
1.000000000000000000e+01 3.499999999999999778e-01 6.500000000000000222e-01 0.000000000000000000e+00 2.719454664299625901e-01 1.029367059237201454e-01 5.655954200543504840e-01
1.100000000000000000e+01 3.833333333333333592e-01 6.166666666666666963e-01 0.000000000000000000e+00 2.999904177700243313e-01 9.772977357039752677e-02 5.700294801012333323e-01
1.200000000000000000e+01 4.166666666666666852e-01 5.833333333333332593e-01 0.000000000000000000e+00 3.386172973281453835e-01 9.570063799949160566e-02 5.762861715819820319e-01
1.300000000000000000e+01 4.500000000000000111e-01 5.500000000000000444e-01 0.000000000000000000e+00 3.893379880201635612e-01 9.615789643120550845e-02 5.829346446909369206e-01
1.400000000000000000e+01 4.833333333333333370e-01 5.166666666666666075e-01 0.000000000000000000e+00 4.567359328356080939e-01 1.046101805553331793e-01 5.866714307876215173e-01
1.500000000000000000e+01 5.166666666666667185e-01 4.833333333333332815e-01 0.000000000000000000e+00 5.374614648882828360e-01 1.235969783584945636e-01 5.813617385605134302e-01
1.600000000000000000e+01 5.500000000000000444e-01 4.499999999999999556e-01 0.000000000000000000e+00 6.042816723630888287e-01 1.391780452819592340e-01 5.642998560376621953e-01
1.700000000000000000e+01 5.833333333333333703e-01 4.166666666666666297e-01 0.000000000000000000e+00 6.339330532324539691e-01 1.465089672377504204e-01 5.405271269259364075e-01
1.800000000000000000e+01 6.166666666666666963e-01 3.833333333333333037e-01 0.000000000000000000e+00 6.523380691661520014e-01 1.613763607515237841e-01 5.126549651008449615e-01
1.900000000000000000e+01 6.500000000000000222e-01 3.499999999999999778e-01 0.000000000000000000e+00 6.992257643826056412e-01 1.838376419913693993e-01 4.792393945029136404e-01
2.000000000000000000e+01 6.833333333333333481e-01 3.166666666666666519e-01 0.000000000000000000e+00 7.598755612222783951e-01 1.922061373984740307e-01 4.507101897266423407e-01
2.100000000000000000e+01 7.166666666666666741e-01 2.833333333333333259e-01 0.000000000000000000e+00 7.908772716730378960e-01 1.768511448592361424e-01 4.397252256789272451e-01
2.200000000000000000e+01 7.500000000000000000e-01 2.500000000000000000e-01 0.000000000000000000e+00 7.912360675946317201e-01 1.488440135797078623e-01 4.285412998650031113e-01
2.300000000000000000e+01 7.833333333333333259e-01 2.166666666666666741e-01 0.000000000000000000e+00 8.002882743672573573e-01 1.282745268079788226e-01 3.842567690918912149e-01
2.400000000000000000e+01 8.166666666666666519e-01 1.833333333333333481e-01 0.000000000000000000e+00 8.400558863209648397e-01 1.282240852650879392e-01 3.111771504081994877e-01
2.500000000000000000e+01 8.499999999999999778e-01 1.500000000000000222e-01 0.000000000000000000e+00 8.871784496116986718e-01 1.340334671120025911e-01 2.440956041898942885e-01
2.600000000000000000e+01 8.833333333333333037e-01 1.166666666666666963e-01 0.000000000000000000e+00 9.097460416934886052e-01 1.177128589285021121e-01 1.911287286254008677e-01
2.700000000000000000e+01 9.166666666666666297e-01 8.333333333333337034e-02 0.000000000000000000e+00 9.121202484088772877e-01 7.750157713332211928e-02 1.317687063304333606e-01
2.800000000000000000e+01 9.499999999999999556e-01 5.000000000000004441e-02 0.000000000000000000e+00 9.093154558121075981e-01 3.585477914263188876e-02 6.659913879904166834e-02
2.900000000000000000e+01 9.833333333333332815e-01 1.666666666666671848e-02 0.000000000000000000e+00 8.909027449575086521e-01 8.040647458006767653e-03 1.773848619403395332e-02

Residual energy after optimization is 0.0008762674442874157 C0x=0.37004208157730767 C0z=0.8742416547504845 C0xz=1.0
Optimization procedure took 558.4265422821045 seconds