### PARAMETERS OF THE TIME EVOLUTION ### 
Total time tau = 75
Timestep dt = 1
P = tau/dt = 75
Number of Fourier coefficients Nc = 75

gamma(t) = t/T*(delta_t + \sum_i^Nc gamma_i*f_i(wi, t) 
beta(t) = (1-t/T)*(delta_t + \sum_i^Nc beta_i*f_i(wi, t)

CRAB coefficient   Cz_start// Cx_start// Cxz_start // pulses//  Cz_opt // Cx_opt // Cxz_opt  
0.000000000000000000e+00 0.000000000000000000e+00 0.000000000000000000e+00 3.407069326255439456e+00 4.544028437595209802e+00 5.654375839937736181e+00 0.000000000000000000e+00
0.000000000000000000e+00 0.000000000000000000e+00 0.000000000000000000e+00 5.383522156682219340e+00 -2.334033697607451430e+01 2.064682373653347369e+01 0.000000000000000000e+00
0.000000000000000000e+00 0.000000000000000000e+00 0.000000000000000000e+00 4.767312144290201559e+00 1.724175426434382885e+01 -5.086728458365556982e+00 0.000000000000000000e+00
0.000000000000000000e+00 0.000000000000000000e+00 0.000000000000000000e+00 1.409730767970403420e+00 1.533777242518749873e+01 -1.034005611070543651e+01 0.000000000000000000e+00
0.000000000000000000e+00 0.000000000000000000e+00 0.000000000000000000e+00 8.249083008454844990e-01 -5.629054854060948632e-01 -1.290919826786607549e+00 0.000000000000000000e+00
0.000000000000000000e+00 0.000000000000000000e+00 0.000000000000000000e+00 4.539578862320591490e+00 1.670541131177325056e+01 -1.478192543348136034e+01 0.000000000000000000e+00
0.000000000000000000e+00 0.000000000000000000e+00 0.000000000000000000e+00 8.417504701888988139e-01 7.293630345935551151e-01 -2.377026050741191110e+00 0.000000000000000000e+00
0.000000000000000000e+00 0.000000000000000000e+00 0.000000000000000000e+00 6.701664789223092278e+00 -1.405714821036612072e+01 3.103929886496569068e+01 0.000000000000000000e+00
0.000000000000000000e+00 0.000000000000000000e+00 0.000000000000000000e+00 4.290239360093465737e-01 -2.035112019646022574e+01 1.651319462857544806e+01 0.000000000000000000e+00
0.000000000000000000e+00 0.000000000000000000e+00 0.000000000000000000e+00 2.524146174543461907e+00 1.214714095395363636e+01 -1.408104013098225948e+01 0.000000000000000000e+00
0.000000000000000000e+00 0.000000000000000000e+00 0.000000000000000000e+00 1.691969872913847794e+01 8.777817566350726297e-02 2.011346690718024063e-02 0.000000000000000000e+00
0.000000000000000000e+00 0.000000000000000000e+00 0.000000000000000000e+00 5.399107702742645287e+00 -2.340641718930257298e+01 1.973498515581255575e+01 0.000000000000000000e+00
0.000000000000000000e+00 0.000000000000000000e+00 0.000000000000000000e+00 1.281760841919223681e+00 1.944935273180324486e+01 -1.522962964108386075e+01 0.000000000000000000e+00
0.000000000000000000e+00 0.000000000000000000e+00 0.000000000000000000e+00 6.925646036622992163e+00 -3.168279379535228202e+01 3.321417051312008795e+01 0.000000000000000000e+00
0.000000000000000000e+00 0.000000000000000000e+00 0.000000000000000000e+00 7.188416760739382738e+00 -5.966390859099915289e+00 -1.525597613633710203e+01 0.000000000000000000e+00
0.000000000000000000e+00 0.000000000000000000e+00 0.000000000000000000e+00 1.128047704216897928e+00 1.801401286070492347e+01 -1.561607661298302041e+01 0.000000000000000000e+00
0.000000000000000000e+00 0.000000000000000000e+00 0.000000000000000000e+00 3.123115768791258962e+00 3.518453838506239606e+01 -2.237497254168842531e+01 0.000000000000000000e+00
0.000000000000000000e+00 0.000000000000000000e+00 0.000000000000000000e+00 9.769895110835483676e-01 1.051653757194065442e+01 -1.029992746768725986e+01 0.000000000000000000e+00
0.000000000000000000e+00 0.000000000000000000e+00 0.000000000000000000e+00 3.009008978461527484e+00 4.097523346798363519e+01 -2.991721097727534939e+01 0.000000000000000000e+00
0.000000000000000000e+00 0.000000000000000000e+00 0.000000000000000000e+00 4.505922505013770341e+00 1.504603120788159920e+01 -1.484412458640936094e+01 0.000000000000000000e+00
0.000000000000000000e+00 0.000000000000000000e+00 0.000000000000000000e+00 2.113065053991994624e+00 -2.172785694854551508e+01 1.879222473783451619e+01 0.000000000000000000e+00
0.000000000000000000e+00 0.000000000000000000e+00 0.000000000000000000e+00 5.214455428041584462e+00 -1.672024735814800067e+01 2.419322295594204419e+01 0.000000000000000000e+00
0.000000000000000000e+00 0.000000000000000000e+00 0.000000000000000000e+00 4.406241793812395890e+00 8.176911256334856049e+00 -1.282074419027206247e+01 0.000000000000000000e+00
0.000000000000000000e+00 0.000000000000000000e+00 0.000000000000000000e+00 5.287503880628568353e+00 -2.079713830229699312e+01 2.410942542764841789e+01 0.000000000000000000e+00
0.000000000000000000e+00 0.000000000000000000e+00 0.000000000000000000e+00 2.095825610728232480e+00 -2.210473953644042666e+01 1.937900305605112550e+01 0.000000000000000000e+00
0.000000000000000000e+00 0.000000000000000000e+00 0.000000000000000000e+00 6.218916629929974071e+00 3.746995500327268047e+01 -3.491151355292820568e+01 0.000000000000000000e+00
0.000000000000000000e+00 0.000000000000000000e+00 0.000000000000000000e+00 5.813143244809283239e+00 7.242482194430007070e+00 -2.580884929485355173e+01 0.000000000000000000e+00
0.000000000000000000e+00 0.000000000000000000e+00 0.000000000000000000e+00 1.237665392323144786e+01 1.737530932332308353e+01 1.101409128873777554e+01 0.000000000000000000e+00
0.000000000000000000e+00 0.000000000000000000e+00 0.000000000000000000e+00 2.532247908444140272e+00 1.306566677194713932e+01 -1.483621687328256300e+01 0.000000000000000000e+00
0.000000000000000000e+00 0.000000000000000000e+00 0.000000000000000000e+00 1.386767627850940432e+00 1.640886489572133300e+01 -1.148330564180048086e+01 0.000000000000000000e+00
0.000000000000000000e+00 0.000000000000000000e+00 0.000000000000000000e+00 1.093297741629101516e+01 -2.803301537070034044e+01 -4.108751666499069977e+00 0.000000000000000000e+00
0.000000000000000000e+00 0.000000000000000000e+00 0.000000000000000000e+00 6.460980644320797772e+00 1.984072799784233609e+01 -2.669192330535814506e+00 0.000000000000000000e+00
0.000000000000000000e+00 0.000000000000000000e+00 0.000000000000000000e+00 7.301453664882197714e+00 1.940475079544037484e+01 -4.594361495258323913e+01 0.000000000000000000e+00
0.000000000000000000e+00 0.000000000000000000e+00 0.000000000000000000e+00 4.780363632873801727e+00 1.670832462132233331e+01 -4.140469787922605782e+00 0.000000000000000000e+00
0.000000000000000000e+00 0.000000000000000000e+00 0.000000000000000000e+00 1.658288894265113811e+01 -8.312098165006795436e-02 -2.126084546624237934e-03 0.000000000000000000e+00
0.000000000000000000e+00 0.000000000000000000e+00 0.000000000000000000e+00 2.432716694123211454e+00 1.899211086597897724e+00 -5.250551194434970981e+00 0.000000000000000000e+00
0.000000000000000000e+00 0.000000000000000000e+00 0.000000000000000000e+00 2.712217292767020282e+01 9.477616938248341555e-04 -2.940462323608423502e-03 0.000000000000000000e+00
0.000000000000000000e+00 0.000000000000000000e+00 0.000000000000000000e+00 3.640088817855940295e+00 -2.133957838492624859e+01 2.279117157348872524e+01 0.000000000000000000e+00
0.000000000000000000e+00 0.000000000000000000e+00 0.000000000000000000e+00 1.217979569274525442e+00 1.970660295838576914e+01 -1.616086035047884906e+01 0.000000000000000000e+00
0.000000000000000000e+00 0.000000000000000000e+00 0.000000000000000000e+00 3.988285761383351780e+00 -2.762024996929689991e+01 1.642285432029276038e+01 0.000000000000000000e+00
0.000000000000000000e+00 0.000000000000000000e+00 0.000000000000000000e+00 1.024069209207527997e+01 -8.630418748011493335e+00 2.035724130737531112e+01 0.000000000000000000e+00
0.000000000000000000e+00 0.000000000000000000e+00 0.000000000000000000e+00 4.454004583009418816e+00 1.180145236656537122e+01 -1.419931964626377230e+01 0.000000000000000000e+00
0.000000000000000000e+00 0.000000000000000000e+00 0.000000000000000000e+00 2.744974917116542734e-01 -1.752918558408767780e+01 1.455289505322984134e+01 0.000000000000000000e+00
0.000000000000000000e+00 0.000000000000000000e+00 0.000000000000000000e+00 2.456622916021074410e+00 4.537194898810653854e+00 -7.585630745996032154e+00 0.000000000000000000e+00
0.000000000000000000e+00 0.000000000000000000e+00 0.000000000000000000e+00 3.991650579537531218e-01 -2.033094476322184363e+01 1.658838064855927996e+01 0.000000000000000000e+00
0.000000000000000000e+00 0.000000000000000000e+00 0.000000000000000000e+00 1.024396277788915732e+01 -1.027630844481162598e+01 2.124469223457631273e+01 0.000000000000000000e+00
0.000000000000000000e+00 0.000000000000000000e+00 0.000000000000000000e+00 5.541709187171114381e-01 -1.766980094543372815e+01 1.377473739878348269e+01 0.000000000000000000e+00
0.000000000000000000e+00 0.000000000000000000e+00 0.000000000000000000e+00 1.849072995048343993e+00 -1.645891811058808685e+01 1.777047312717927596e+01 0.000000000000000000e+00
0.000000000000000000e+00 0.000000000000000000e+00 0.000000000000000000e+00 2.330861850771644761e+00 -8.466065285443209021e+00 4.359449597190596215e+00 0.000000000000000000e+00
0.000000000000000000e+00 0.000000000000000000e+00 0.000000000000000000e+00 5.540900288966757792e+00 -1.937859024834089183e+01 7.338238936236517240e+00 0.000000000000000000e+00
0.000000000000000000e+00 0.000000000000000000e+00 0.000000000000000000e+00 1.212332264111540425e+01 -3.274619201002047220e+01 -2.270024687452818313e+01 0.000000000000000000e+00
0.000000000000000000e+00 0.000000000000000000e+00 0.000000000000000000e+00 7.934086545835024040e+00 5.515824583225361621e+00 1.609739293862916298e+01 0.000000000000000000e+00
0.000000000000000000e+00 0.000000000000000000e+00 0.000000000000000000e+00 4.199438733908037236e+00 -1.125519777425021672e+01 -1.429802957971431088e-01 0.000000000000000000e+00
0.000000000000000000e+00 0.000000000000000000e+00 0.000000000000000000e+00 3.903567461336643341e+00 -3.051787729368531643e+01 2.137436189418958321e+01 0.000000000000000000e+00
0.000000000000000000e+00 0.000000000000000000e+00 0.000000000000000000e+00 1.422433511105658299e+00 1.468918013205008855e+01 -9.652729869047286471e+00 0.000000000000000000e+00
0.000000000000000000e+00 0.000000000000000000e+00 0.000000000000000000e+00 1.391809684825897619e+01 -4.547863233533067651e-01 -1.548355794872812441e-01 0.000000000000000000e+00
0.000000000000000000e+00 0.000000000000000000e+00 0.000000000000000000e+00 1.492786133770010082e+01 1.567822464947602745e-01 1.023938870211903301e-01 0.000000000000000000e+00
0.000000000000000000e+00 0.000000000000000000e+00 0.000000000000000000e+00 4.200724847683205532e+00 -1.112934134726095792e+01 -2.461238583800848811e-01 0.000000000000000000e+00
0.000000000000000000e+00 0.000000000000000000e+00 0.000000000000000000e+00 5.925320917208795279e+00 2.040630618638326510e+01 -3.627979723542458146e+01 0.000000000000000000e+00
0.000000000000000000e+00 0.000000000000000000e+00 0.000000000000000000e+00 9.932906781929245810e+00 6.998918586547569021e+01 -4.084517975577685434e+01 0.000000000000000000e+00
0.000000000000000000e+00 0.000000000000000000e+00 0.000000000000000000e+00 1.100072401910687425e+01 1.237755138162082602e+01 -2.111274572226216861e+01 0.000000000000000000e+00
0.000000000000000000e+00 0.000000000000000000e+00 0.000000000000000000e+00 4.498217589733211952e+00 1.461522855334713356e+01 -1.481233223813373456e+01 0.000000000000000000e+00
0.000000000000000000e+00 0.000000000000000000e+00 0.000000000000000000e+00 8.826630362178425893e-01 3.840893413397862055e+00 -4.958781657073431326e+00 0.000000000000000000e+00
0.000000000000000000e+00 0.000000000000000000e+00 0.000000000000000000e+00 5.607440825757009639e-01 -1.740853915064784374e+01 1.355485465980018667e+01 0.000000000000000000e+00
0.000000000000000000e+00 0.000000000000000000e+00 0.000000000000000000e+00 4.905318553511908597e+00 9.072906646094198280e+00 5.934099811356601251e+00 0.000000000000000000e+00
0.000000000000000000e+00 0.000000000000000000e+00 0.000000000000000000e+00 1.160909411476670350e+01 2.603097402070254063e+01 2.466572597818428392e+01 0.000000000000000000e+00
0.000000000000000000e+00 0.000000000000000000e+00 0.000000000000000000e+00 4.586940306978923410e+00 1.838402595765893111e+01 -1.405982436342332065e+01 0.000000000000000000e+00
0.000000000000000000e+00 0.000000000000000000e+00 0.000000000000000000e+00 9.705868558516279165e+00 -4.820757211574438372e+01 1.047700075355745319e+01 0.000000000000000000e+00
0.000000000000000000e+00 0.000000000000000000e+00 0.000000000000000000e+00 2.181854094228992569e+00 -1.919036902537082412e+01 1.552039617080607137e+01 0.000000000000000000e+00
0.000000000000000000e+00 0.000000000000000000e+00 0.000000000000000000e+00 3.858737921830951989e-01 -2.023905973126698399e+01 1.655808731761750963e+01 0.000000000000000000e+00
0.000000000000000000e+00 0.000000000000000000e+00 0.000000000000000000e+00 2.255653149963451121e+00 -1.468713296066174046e+01 1.058780496663797521e+01 0.000000000000000000e+00
0.000000000000000000e+00 0.000000000000000000e+00 0.000000000000000000e+00 2.459351798021724989e+00 4.841184090068392898e+00 -7.849103039277260052e+00 0.000000000000000000e+00
0.000000000000000000e+00 0.000000000000000000e+00 0.000000000000000000e+00 6.671601899067053587e+00 -9.979201373266770148e+00 2.799398705212531979e+01 0.000000000000000000e+00
0.000000000000000000e+00 0.000000000000000000e+00 0.000000000000000000e+00 3.645995116225067445e+00 -2.183487018618708220e+01 2.300995177545768300e+01 0.000000000000000000e+00
0.000000000000000000e+00 0.000000000000000000e+00 0.000000000000000000e+00 1.921613242205278960e+00 -2.007606594107382136e+01 2.011777522886075076e+01 0.000000000000000000e+00

Amplitudes vs time: t // theta_tt_old // theta_mt_old // alpha_cdt_old// theta_tt_opt // theta_mt_opt// alpha_cdt_opt  
0.000000000000000000e+00 6.666666666666667095e-03 9.933333333333332904e-01 0.000000000000000000e+00 -1.069143134651258098e-01 8.084732320603709166e-01 0.000000000000000000e+00
1.000000000000000000e+00 2.000000000000000042e-02 9.799999999999999822e-01 0.000000000000000000e+00 -2.856390871121556874e-01 8.325063146719642315e-01 0.000000000000000000e+00
2.000000000000000000e+00 3.333333333333333287e-02 9.666666666666666741e-01 0.000000000000000000e+00 -3.971722815657568462e-01 8.593640206275297011e-01 0.000000000000000000e+00
3.000000000000000000e+00 4.666666666666666879e-02 9.533333333333333659e-01 0.000000000000000000e+00 -4.584863069723871254e-01 8.793252035555431112e-01 0.000000000000000000e+00
4.000000000000000000e+00 5.999999999999999778e-02 9.399999999999999467e-01 0.000000000000000000e+00 -4.962017234117401254e-01 8.860390126215864637e-01 0.000000000000000000e+00
5.000000000000000000e+00 7.333333333333333370e-02 9.266666666666666385e-01 0.000000000000000000e+00 -5.232344152760072253e-01 8.842932513492303137e-01 0.000000000000000000e+00
6.000000000000000000e+00 8.666666666666666963e-02 9.133333333333333304e-01 0.000000000000000000e+00 -5.343784144067718067e-01 8.828435254853785885e-01 0.000000000000000000e+00
7.000000000000000000e+00 1.000000000000000056e-01 9.000000000000000222e-01 0.000000000000000000e+00 -5.142591629013766319e-01 8.873015516314831652e-01 0.000000000000000000e+00
8.000000000000000000e+00 1.133333333333333276e-01 8.866666666666667140e-01 0.000000000000000000e+00 -4.491851161934067305e-01 8.980132328654241158e-01 0.000000000000000000e+00
9.000000000000000000e+00 1.266666666666666774e-01 8.733333333333332948e-01 0.000000000000000000e+00 -3.359356814478919873e-01 9.108125401515199115e-01 0.000000000000000000e+00
1.000000000000000000e+01 1.400000000000000133e-01 8.599999999999999867e-01 0.000000000000000000e+00 -1.841151103859406668e-01 9.181750464870439554e-01 0.000000000000000000e+00
1.100000000000000000e+01 1.533333333333333215e-01 8.466666666666666785e-01 0.000000000000000000e+00 -1.255878290247294804e-02 9.111873252031676973e-01 0.000000000000000000e+00
1.200000000000000000e+01 1.666666666666666574e-01 8.333333333333333703e-01 0.000000000000000000e+00 1.572298494728620044e-01 8.834452760598184851e-01 0.000000000000000000e+00
1.300000000000000000e+01 1.799999999999999933e-01 8.200000000000000622e-01 0.000000000000000000e+00 3.072423774405785846e-01 8.353695908439874307e-01 0.000000000000000000e+00
1.400000000000000000e+01 1.933333333333333293e-01 8.066666666666666430e-01 0.000000000000000000e+00 4.266169490918103602e-01 7.752935530366721339e-01 0.000000000000000000e+00
1.500000000000000000e+01 2.066666666666666652e-01 7.933333333333333348e-01 0.000000000000000000e+00 5.123806994122285241e-01 7.155412214130945081e-01 0.000000000000000000e+00
1.600000000000000000e+01 2.200000000000000011e-01 7.800000000000000266e-01 0.000000000000000000e+00 5.680275956354666755e-01 6.661737608233313512e-01 0.000000000000000000e+00
1.700000000000000000e+01 2.333333333333333370e-01 7.666666666666666075e-01 0.000000000000000000e+00 6.009928920105237493e-01 6.313071933798466429e-01 0.000000000000000000e+00
1.800000000000000000e+01 2.466666666666666730e-01 7.533333333333332993e-01 0.000000000000000000e+00 6.199475676720326289e-01 6.102931400975409870e-01 0.000000000000000000e+00
1.900000000000000000e+01 2.600000000000000089e-01 7.399999999999999911e-01 0.000000000000000000e+00 6.326216274568843279e-01 6.013481936455797872e-01 0.000000000000000000e+00
2.000000000000000000e+01 2.733333333333333171e-01 7.266666666666666829e-01 0.000000000000000000e+00 6.445990469404668799e-01 6.034405942784839549e-01 0.000000000000000000e+00
2.100000000000000000e+01 2.866666666666666807e-01 7.133333333333333748e-01 0.000000000000000000e+00 6.591013632073101647e-01 6.150432265051715142e-01 0.000000000000000000e+00
2.200000000000000000e+01 2.999999999999999889e-01 6.999999999999999556e-01 0.000000000000000000e+00 6.773369255597578853e-01 6.322868127863756627e-01 0.000000000000000000e+00
2.300000000000000000e+01 3.133333333333333526e-01 6.866666666666666474e-01 0.000000000000000000e+00 6.989000950989036065e-01 6.496189849572597819e-01 0.000000000000000000e+00
2.400000000000000000e+01 3.266666666666666607e-01 6.733333333333333393e-01 0.000000000000000000e+00 7.220753249077836999e-01 6.628696751986969948e-01 0.000000000000000000e+00
2.500000000000000000e+01 3.400000000000000244e-01 6.599999999999999201e-01 0.000000000000000000e+00 7.443366181929493841e-01 6.715544136553677212e-01 0.000000000000000000e+00
2.600000000000000000e+01 3.533333333333333326e-01 6.466666666666667229e-01 0.000000000000000000e+00 7.632903032596296544e-01 6.779119627421557048e-01 0.000000000000000000e+00
2.700000000000000000e+01 3.666666666666666408e-01 6.333333333333333037e-01 0.000000000000000000e+00 7.777560841966719707e-01 6.837468029675355385e-01 0.000000000000000000e+00
2.800000000000000000e+01 3.800000000000000044e-01 6.199999999999999956e-01 0.000000000000000000e+00 7.882354323203771829e-01 6.884844291143411565e-01 0.000000000000000000e+00
2.900000000000000000e+01 3.933333333333333126e-01 6.066666666666666874e-01 0.000000000000000000e+00 7.962969733328766342e-01 6.903330421364578529e-01 0.000000000000000000e+00
3.000000000000000000e+01 4.066666666666666763e-01 5.933333333333332682e-01 0.000000000000000000e+00 8.032820757621217389e-01 6.889193577304031368e-01 0.000000000000000000e+00
3.100000000000000000e+01 4.199999999999999845e-01 5.800000000000000711e-01 0.000000000000000000e+00 8.093552460977253560e-01 6.862622362131751697e-01 0.000000000000000000e+00
3.200000000000000000e+01 4.333333333333333481e-01 5.666666666666666519e-01 0.000000000000000000e+00 8.136174745964102062e-01 6.850295206315639707e-01 0.000000000000000000e+00
3.300000000000000000e+01 4.466666666666666563e-01 5.533333333333333437e-01 0.000000000000000000e+00 8.150281678431214871e-01 6.861340865802607603e-01 0.000000000000000000e+00
3.400000000000000000e+01 4.600000000000000200e-01 5.400000000000000355e-01 0.000000000000000000e+00 8.132034121776868796e-01 6.882959792916953923e-01 0.000000000000000000e+00
3.500000000000000000e+01 4.733333333333333282e-01 5.266666666666666163e-01 0.000000000000000000e+00 8.084131496833184549e-01 6.897568010947989769e-01 0.000000000000000000e+00
3.600000000000000000e+01 4.866666666666666918e-01 5.133333333333333082e-01 0.000000000000000000e+00 8.009349331527055860e-01 6.898770703525539671e-01 0.000000000000000000e+00
3.700000000000000000e+01 5.000000000000000000e-01 5.000000000000000000e-01 0.000000000000000000e+00 7.904337666218740344e-01 6.887247652476768955e-01 0.000000000000000000e+00
3.800000000000000000e+01 5.133333333333333082e-01 4.866666666666666918e-01 0.000000000000000000e+00 7.758007526103698481e-01 6.853931958954648795e-01 0.000000000000000000e+00
3.900000000000000000e+01 5.266666666666666163e-01 4.733333333333333837e-01 0.000000000000000000e+00 7.553670974807056293e-01 6.774731123921700071e-01 0.000000000000000000e+00
4.000000000000000000e+01 5.400000000000000355e-01 4.599999999999999645e-01 0.000000000000000000e+00 7.273117554198825774e-01 6.628384698856724100e-01 0.000000000000000000e+00
4.100000000000000000e+01 5.533333333333333437e-01 4.466666666666666563e-01 0.000000000000000000e+00 6.904107582396207254e-01 6.421637238963870953e-01 0.000000000000000000e+00
4.200000000000000000e+01 5.666666666666666519e-01 4.333333333333333481e-01 0.000000000000000000e+00 6.453445560720487695e-01 6.195441301441582116e-01 0.000000000000000000e+00
4.300000000000000000e+01 5.799999999999999600e-01 4.200000000000000400e-01 0.000000000000000000e+00 5.961455838940686869e-01 6.004314059082966892e-01 0.000000000000000000e+00
4.400000000000000000e+01 5.933333333333333792e-01 4.066666666666666208e-01 0.000000000000000000e+00 5.505831815281223562e-01 5.887497747750826127e-01 0.000000000000000000e+00
4.500000000000000000e+01 6.066666666666666874e-01 3.933333333333333126e-01 0.000000000000000000e+00 5.184159436809906429e-01 5.856390824326724864e-01 0.000000000000000000e+00
4.600000000000000000e+01 6.199999999999999956e-01 3.800000000000000044e-01 0.000000000000000000e+00 5.078080718224835532e-01 5.903372419402860283e-01 0.000000000000000000e+00
4.700000000000000000e+01 6.333333333333333037e-01 3.666666666666666963e-01 0.000000000000000000e+00 5.217734918624609142e-01 6.015822872315972347e-01 0.000000000000000000e+00
4.800000000000000000e+01 6.466666666666666119e-01 3.533333333333333881e-01 0.000000000000000000e+00 5.568022710682243304e-01 6.178830027167742101e-01 0.000000000000000000e+00
4.900000000000000000e+01 6.600000000000000311e-01 3.399999999999999689e-01 0.000000000000000000e+00 6.044429312880803540e-01 6.368035886375347232e-01 0.000000000000000000e+00
5.000000000000000000e+01 6.733333333333333393e-01 3.266666666666666607e-01 0.000000000000000000e+00 6.547226441818094766e-01 6.547362905849666292e-01 0.000000000000000000e+00
5.100000000000000000e+01 6.866666666666666474e-01 3.133333333333333526e-01 0.000000000000000000e+00 6.994521581755089867e-01 6.679767052137319805e-01 0.000000000000000000e+00
5.200000000000000000e+01 6.999999999999999556e-01 3.000000000000000444e-01 0.000000000000000000e+00 7.341137966605105758e-01 6.742159745578459873e-01 0.000000000000000000e+00
5.300000000000000000e+01 7.133333333333333748e-01 2.866666666666666252e-01 0.000000000000000000e+00 7.581996450552335176e-01 6.729506078053659746e-01 0.000000000000000000e+00
5.400000000000000000e+01 7.266666666666666829e-01 2.733333333333333171e-01 0.000000000000000000e+00 7.744151931082472462e-01 6.645160298297819734e-01 0.000000000000000000e+00
5.500000000000000000e+01 7.399999999999999911e-01 2.600000000000000089e-01 0.000000000000000000e+00 7.870280968547685996e-01 6.490084527223454192e-01 0.000000000000000000e+00
5.600000000000000000e+01 7.533333333333332993e-01 2.466666666666667007e-01 0.000000000000000000e+00 7.996543118726491262e-01 6.264180014840272648e-01 0.000000000000000000e+00
5.700000000000000000e+01 7.666666666666667185e-01 2.333333333333332815e-01 0.000000000000000000e+00 8.133616124636785516e-01 5.977959593677797390e-01 0.000000000000000000e+00
5.800000000000000000e+01 7.800000000000000266e-01 2.199999999999999734e-01 0.000000000000000000e+00 8.264129562806752372e-01 5.659660094567016131e-01 0.000000000000000000e+00
5.900000000000000000e+01 7.933333333333333348e-01 2.066666666666666652e-01 0.000000000000000000e+00 8.362373082945708802e-01 5.346495322393098881e-01 0.000000000000000000e+00
6.000000000000000000e+01 8.066666666666666430e-01 1.933333333333333570e-01 0.000000000000000000e+00 8.424373058916782009e-01 5.064760034870064986e-01 0.000000000000000000e+00
6.100000000000000000e+01 8.199999999999999512e-01 1.800000000000000488e-01 0.000000000000000000e+00 8.483809785386383640e-01 4.814417660182289671e-01 0.000000000000000000e+00
6.200000000000000000e+01 8.333333333333333703e-01 1.666666666666666297e-01 0.000000000000000000e+00 8.596585090832636888e-01 4.569119285428445698e-01 0.000000000000000000e+00
6.300000000000000000e+01 8.466666666666666785e-01 1.533333333333333215e-01 0.000000000000000000e+00 8.801047274922133568e-01 4.289234712626516788e-01 0.000000000000000000e+00
6.400000000000000000e+01 8.599999999999999867e-01 1.400000000000000133e-01 0.000000000000000000e+00 9.081573190830225517e-01 3.937884890308223640e-01 0.000000000000000000e+00
6.500000000000000000e+01 8.733333333333332948e-01 1.266666666666667052e-01 0.000000000000000000e+00 9.362114500042064691e-01 3.493326770817674065e-01 0.000000000000000000e+00
6.600000000000000000e+01 8.866666666666667140e-01 1.133333333333332860e-01 0.000000000000000000e+00 9.535159134414363802e-01 2.957465480651356171e-01 0.000000000000000000e+00
6.700000000000000000e+01 9.000000000000000222e-01 9.999999999999997780e-02 0.000000000000000000e+00 9.509390370210156762e-01 2.360678513048425353e-01 0.000000000000000000e+00
6.800000000000000000e+01 9.133333333333333304e-01 8.666666666666666963e-02 0.000000000000000000e+00 9.252648437344453969e-01 1.758805576048658725e-01 0.000000000000000000e+00
6.900000000000000000e+01 9.266666666666666385e-01 7.333333333333336146e-02 0.000000000000000000e+00 8.814626664490085028e-01 1.217915836074818237e-01 0.000000000000000000e+00
7.000000000000000000e+01 9.399999999999999467e-01 6.000000000000005329e-02 0.000000000000000000e+00 8.323182872084010642e-01 7.902305704923437424e-02 0.000000000000000000e+00
7.100000000000000000e+01 9.533333333333333659e-01 4.666666666666663410e-02 0.000000000000000000e+00 7.952056770790870699e-01 4.934451935433270542e-02 0.000000000000000000e+00
7.200000000000000000e+01 9.666666666666666741e-01 3.333333333333332593e-02 0.000000000000000000e+00 7.862322402477626149e-01 3.058133644381319863e-02 0.000000000000000000e+00
7.300000000000000000e+01 9.799999999999999822e-01 2.000000000000001776e-02 0.000000000000000000e+00 8.133074834668608810e-01 1.795742162310233134e-02 0.000000000000000000e+00
7.400000000000000000e+01 9.933333333333332904e-01 6.666666666666709595e-03 0.000000000000000000e+00 8.712902971031359911e-01 6.438135790878440207e-03 0.000000000000000000e+00

Residual energy after optimization is 0.0003586215528928288 C0x=1.015519186445771 C0z=0.9066801598152903 C0xz=1.0
Optimization procedure took 461.7279098033905 seconds