### PARAMETERS OF THE TIME EVOLUTION ### 
Total time tau = 36
Timestep dt = 1
P = tau/dt = 36
Number of Fourier coefficients Nc = 36

gamma(t) = t/T*(delta_t + \sum_i^Nc gamma_i*f_i(wi, t) 
beta(t) = (1-t/T)*(delta_t + \sum_i^Nc beta_i*f_i(wi, t)

CRAB coefficient   Cz_start// Cx_start// Cxz_start // pulses//  Cz_opt // Cx_opt // Cxz_opt  
0.000000000000000000e+00 0.000000000000000000e+00 0.000000000000000000e+00 6.843138769596343707e+00 -5.534117366164453955e+01 7.318846933937589938e+01 0.000000000000000000e+00
0.000000000000000000e+00 0.000000000000000000e+00 0.000000000000000000e+00 2.005619162107079578e+00 3.823228049406957041e+01 -6.387167692018660858e+01 0.000000000000000000e+00
0.000000000000000000e+00 0.000000000000000000e+00 0.000000000000000000e+00 2.592927902687843122e+00 7.447646337846445252e-01 2.250123362060076071e-02 0.000000000000000000e+00
0.000000000000000000e+00 0.000000000000000000e+00 0.000000000000000000e+00 1.696440234979709860e+00 -9.668882982877955001e+00 1.579350520236135935e+01 0.000000000000000000e+00
0.000000000000000000e+00 0.000000000000000000e+00 0.000000000000000000e+00 9.492756480652294826e+00 -6.571149384134460547e+01 1.388555608619977022e+02 0.000000000000000000e+00
0.000000000000000000e+00 0.000000000000000000e+00 0.000000000000000000e+00 7.827525775908674710e+00 -3.291961319081585202e+01 5.278465149889895258e+01 0.000000000000000000e+00
0.000000000000000000e+00 0.000000000000000000e+00 0.000000000000000000e+00 1.815543118315877003e+00 1.201975563796757385e+01 -2.050890587410428978e+01 0.000000000000000000e+00
0.000000000000000000e+00 0.000000000000000000e+00 0.000000000000000000e+00 3.250892424362627153e+00 -1.329511151160390092e+01 1.897943806658494026e+01 0.000000000000000000e+00
0.000000000000000000e+00 0.000000000000000000e+00 0.000000000000000000e+00 4.358828801535424624e+00 -2.566251988827123043e+01 4.637794394100140494e+01 0.000000000000000000e+00
0.000000000000000000e+00 0.000000000000000000e+00 0.000000000000000000e+00 1.480551072035027893e+01 -1.529223318736478987e-01 3.442526915738808868e-01 0.000000000000000000e+00
0.000000000000000000e+00 0.000000000000000000e+00 0.000000000000000000e+00 4.546488985143243511e+00 -1.970122950000863682e+01 3.131892327398067621e+01 0.000000000000000000e+00
0.000000000000000000e+00 0.000000000000000000e+00 0.000000000000000000e+00 3.040420929598898869e+00 -3.134425479568195172e+01 4.989246944057239830e+01 0.000000000000000000e+00
0.000000000000000000e+00 0.000000000000000000e+00 0.000000000000000000e+00 1.447694869944082363e+01 2.345946932910279781e+00 -5.532913554724256500e+00 0.000000000000000000e+00
0.000000000000000000e+00 0.000000000000000000e+00 0.000000000000000000e+00 1.048215244411669822e+01 -3.630768966474882831e+01 7.543476001992708291e+01 0.000000000000000000e+00
0.000000000000000000e+00 0.000000000000000000e+00 0.000000000000000000e+00 2.576891619268745437e+00 3.153868088477206122e+00 -3.935651498018199135e+00 0.000000000000000000e+00
0.000000000000000000e+00 0.000000000000000000e+00 0.000000000000000000e+00 3.690772727675984743e+00 2.968145593841399688e+01 -4.731243717413212124e+01 0.000000000000000000e+00
0.000000000000000000e+00 0.000000000000000000e+00 0.000000000000000000e+00 8.768842163515961019e+00 3.164494755906497048e+01 -5.927394953579278791e+01 0.000000000000000000e+00
0.000000000000000000e+00 0.000000000000000000e+00 0.000000000000000000e+00 1.070153486902358964e+01 3.046143820122038193e+01 -7.065959487624267865e+01 0.000000000000000000e+00
0.000000000000000000e+00 0.000000000000000000e+00 0.000000000000000000e+00 1.444474931805126161e+01 -2.227869671893850434e+00 5.284032309189641730e+00 0.000000000000000000e+00
0.000000000000000000e+00 0.000000000000000000e+00 0.000000000000000000e+00 1.045099651742560098e+01 -2.769558939709695267e+01 6.028103644899778857e+01 0.000000000000000000e+00
0.000000000000000000e+00 0.000000000000000000e+00 0.000000000000000000e+00 4.801473252597232566e+00 2.759915013685094820e+01 -5.334040527618310534e+01 0.000000000000000000e+00
0.000000000000000000e+00 0.000000000000000000e+00 0.000000000000000000e+00 1.034207264485047162e+01 1.758659225001850857e+01 -2.585305323609720318e+01 0.000000000000000000e+00
0.000000000000000000e+00 0.000000000000000000e+00 0.000000000000000000e+00 3.438077782641894231e+00 1.041918718666956423e+01 -1.937587457099970578e+01 0.000000000000000000e+00
0.000000000000000000e+00 0.000000000000000000e+00 0.000000000000000000e+00 7.102952236304913569e+00 7.103325735297600829e+01 -9.959369354893270554e+01 0.000000000000000000e+00
0.000000000000000000e+00 0.000000000000000000e+00 0.000000000000000000e+00 4.149379459262184433e+00 -7.346308162129721708e+00 1.912580477040320659e+01 0.000000000000000000e+00
0.000000000000000000e+00 0.000000000000000000e+00 0.000000000000000000e+00 3.232439536243962408e+00 -1.548000849693654857e+01 2.261232171164073179e+01 0.000000000000000000e+00
0.000000000000000000e+00 0.000000000000000000e+00 0.000000000000000000e+00 1.281601562706495123e+01 1.202438517154577335e-01 -3.204961889302552214e-01 0.000000000000000000e+00
0.000000000000000000e+00 0.000000000000000000e+00 0.000000000000000000e+00 1.510456041502619584e+00 -4.103354176589174784e+01 6.868848734737537143e+01 0.000000000000000000e+00
0.000000000000000000e+00 0.000000000000000000e+00 0.000000000000000000e+00 2.607634963826044316e+00 -1.444423076283947172e+00 3.611784776105785078e+00 0.000000000000000000e+00
0.000000000000000000e+00 0.000000000000000000e+00 0.000000000000000000e+00 7.110005295744139531e-01 1.733615056853834346e+01 -2.983798364061504671e+01 0.000000000000000000e+00
0.000000000000000000e+00 0.000000000000000000e+00 0.000000000000000000e+00 9.828121339188241379e+00 6.356468140860280869e+01 -1.432627448574649236e+02 0.000000000000000000e+00
0.000000000000000000e+00 0.000000000000000000e+00 0.000000000000000000e+00 5.604818771984690251e+00 5.328184163673865825e+00 -1.004844492587533500e+00 0.000000000000000000e+00
0.000000000000000000e+00 0.000000000000000000e+00 0.000000000000000000e+00 1.157938717525926009e+01 -1.286097550228491482e+00 3.365268177788171222e+00 0.000000000000000000e+00
0.000000000000000000e+00 0.000000000000000000e+00 0.000000000000000000e+00 4.660926348851917034e+00 -3.212887949802526233e+00 7.238802988134240834e-01 0.000000000000000000e+00
0.000000000000000000e+00 0.000000000000000000e+00 0.000000000000000000e+00 3.686801052825972480e+00 2.960640199587684052e+01 -4.726443592289896856e+01 0.000000000000000000e+00
0.000000000000000000e+00 0.000000000000000000e+00 0.000000000000000000e+00 2.576948124297847809e+00 3.145336775694304698e+00 -3.921635785420638065e+00 0.000000000000000000e+00

Amplitudes vs time: t // theta_tt_old // theta_mt_old // alpha_cdt_old// theta_tt_opt // theta_mt_opt// alpha_cdt_opt  
0.000000000000000000e+00 1.388888888888888812e-02 9.861111111111111605e-01 0.000000000000000000e+00 1.630580855187332145e-01 7.670783628579382896e-01 0.000000000000000000e+00
1.000000000000000000e+00 4.166666666666666435e-02 9.583333333333333703e-01 0.000000000000000000e+00 4.086503232099826244e-01 7.551305892952209220e-01 0.000000000000000000e+00
2.000000000000000000e+00 6.944444444444444753e-02 9.305555555555555802e-01 0.000000000000000000e+00 5.458897371078214045e-01 7.492101597280298453e-01 0.000000000000000000e+00
3.000000000000000000e+00 9.722222222222222376e-02 9.027777777777777901e-01 0.000000000000000000e+00 6.211704169047469470e-01 7.461589893913722626e-01 0.000000000000000000e+00
4.000000000000000000e+00 1.250000000000000000e-01 8.750000000000000000e-01 0.000000000000000000e+00 6.680139113285044061e-01 7.443350689956949040e-01 0.000000000000000000e+00
5.000000000000000000e+00 1.527777777777777901e-01 8.472222222222222099e-01 0.000000000000000000e+00 6.994429480968389345e-01 7.419212251423776827e-01 0.000000000000000000e+00
6.000000000000000000e+00 1.805555555555555525e-01 8.194444444444444198e-01 0.000000000000000000e+00 7.213776625181937963e-01 7.405000663771603708e-01 0.000000000000000000e+00
7.000000000000000000e+00 2.083333333333333426e-01 7.916666666666666297e-01 0.000000000000000000e+00 7.380944337414711010e-01 7.390250144993757431e-01 0.000000000000000000e+00
8.000000000000000000e+00 2.361111111111111049e-01 7.638888888888888395e-01 0.000000000000000000e+00 7.513538178964853653e-01 7.368789935848572004e-01 0.000000000000000000e+00
9.000000000000000000e+00 2.638888888888888951e-01 7.361111111111111605e-01 0.000000000000000000e+00 7.616708793665475374e-01 7.345990422988335489e-01 0.000000000000000000e+00
1.000000000000000000e+01 2.916666666666666852e-01 7.083333333333332593e-01 0.000000000000000000e+00 7.704635622642486137e-01 7.316013959689212642e-01 0.000000000000000000e+00
1.100000000000000000e+01 3.194444444444444198e-01 6.805555555555555802e-01 0.000000000000000000e+00 7.789682049628925409e-01 7.275762207607342491e-01 0.000000000000000000e+00
1.200000000000000000e+01 3.472222222222222099e-01 6.527777777777777901e-01 0.000000000000000000e+00 7.866754826203519180e-01 7.235910775288977304e-01 0.000000000000000000e+00
1.300000000000000000e+01 3.750000000000000000e-01 6.250000000000000000e-01 0.000000000000000000e+00 7.932048372534089564e-01 7.192978647901151490e-01 0.000000000000000000e+00
1.400000000000000000e+01 4.027777777777777901e-01 5.972222222222222099e-01 0.000000000000000000e+00 8.004672442523242948e-01 7.122608211185633698e-01 0.000000000000000000e+00
1.500000000000000000e+01 4.305555555555555802e-01 5.694444444444444198e-01 0.000000000000000000e+00 8.104736036523179088e-01 7.020965903962333998e-01 0.000000000000000000e+00
1.600000000000000000e+01 4.583333333333333148e-01 5.416666666666667407e-01 0.000000000000000000e+00 8.217736052515753897e-01 6.922036751307147906e-01 0.000000000000000000e+00
1.700000000000000000e+01 4.861111111111111049e-01 5.138888888888888395e-01 0.000000000000000000e+00 8.306753771501487194e-01 6.854293429186257836e-01 0.000000000000000000e+00
1.800000000000000000e+01 5.138888888888888395e-01 4.861111111111111605e-01 0.000000000000000000e+00 8.358778517814751119e-01 6.806510081746006691e-01 0.000000000000000000e+00
1.900000000000000000e+01 5.416666666666666297e-01 4.583333333333333703e-01 0.000000000000000000e+00 8.395284179132502800e-01 6.754027180560109311e-01 0.000000000000000000e+00
2.000000000000000000e+01 5.694444444444444198e-01 4.305555555555555802e-01 0.000000000000000000e+00 8.435628720099739297e-01 6.693561078158114519e-01 0.000000000000000000e+00
2.100000000000000000e+01 5.972222222222222099e-01 4.027777777777777901e-01 0.000000000000000000e+00 8.475092255087375293e-01 6.631801798979091167e-01 0.000000000000000000e+00
2.200000000000000000e+01 6.250000000000000000e-01 3.750000000000000000e-01 0.000000000000000000e+00 8.506736075553299470e-01 6.560452782537269378e-01 0.000000000000000000e+00
2.300000000000000000e+01 6.527777777777777901e-01 3.472222222222222099e-01 0.000000000000000000e+00 8.541904738419663357e-01 6.463340806259785243e-01 0.000000000000000000e+00
2.400000000000000000e+01 6.805555555555555802e-01 3.194444444444444198e-01 0.000000000000000000e+00 8.596874370070772819e-01 6.331277304384598237e-01 0.000000000000000000e+00
2.500000000000000000e+01 7.083333333333333703e-01 2.916666666666666297e-01 0.000000000000000000e+00 8.678768978996839190e-01 6.151942699494781230e-01 0.000000000000000000e+00
2.600000000000000000e+01 7.361111111111111605e-01 2.638888888888888395e-01 0.000000000000000000e+00 8.795825730744771809e-01 5.905950050610572211e-01 0.000000000000000000e+00
2.700000000000000000e+01 7.638888888888888395e-01 2.361111111111111605e-01 0.000000000000000000e+00 8.955929822448778221e-01 5.595359974426044047e-01 0.000000000000000000e+00
2.800000000000000000e+01 7.916666666666666297e-01 2.083333333333333703e-01 0.000000000000000000e+00 9.136768109447312991e-01 5.249877296164260354e-01 0.000000000000000000e+00
2.900000000000000000e+01 8.194444444444444198e-01 1.805555555555555802e-01 0.000000000000000000e+00 9.292648785858419469e-01 4.865759926047555362e-01 0.000000000000000000e+00
3.000000000000000000e+01 8.472222222222222099e-01 1.527777777777777901e-01 0.000000000000000000e+00 9.433143728418522667e-01 4.358426923541662834e-01 0.000000000000000000e+00
3.100000000000000000e+01 8.750000000000000000e-01 1.250000000000000000e-01 0.000000000000000000e+00 9.661750155495030246e-01 3.636439394712394635e-01 0.000000000000000000e+00
3.200000000000000000e+01 9.027777777777777901e-01 9.722222222222220989e-02 0.000000000000000000e+00 1.004990031303292675e+00 2.734148658007205523e-01 0.000000000000000000e+00
3.300000000000000000e+01 9.305555555555555802e-01 6.944444444444441977e-02 0.000000000000000000e+00 1.045344964524192344e+00 1.816384965496933845e-01 0.000000000000000000e+00
3.400000000000000000e+01 9.583333333333333703e-01 4.166666666666662966e-02 0.000000000000000000e+00 1.054930649632513262e+00 1.019759867827017691e-01 0.000000000000000000e+00
3.500000000000000000e+01 9.861111111111111605e-01 1.388888888888883955e-02 0.000000000000000000e+00 1.015228707049938617e+00 3.316905864450612335e-02 0.000000000000000000e+00

Residual energy after optimization is 0.002417546643039056 C0x=2.388305517365444 C0z=0.9821362349841036 C0xz=1.0
Optimization procedure took 147.5321683883667 seconds