### PARAMETERS OF THE TIME EVOLUTION ### 
Total time tau = 30
Timestep dt = 1
P = tau/dt = 30
Number of Fourier coefficients Nc = 30

gamma(t) = t/T*(delta_t + \sum_i^Nc gamma_i*f_i(wi, t) 
beta(t) = (1-t/T)*(delta_t + \sum_i^Nc beta_i*f_i(wi, t)

CRAB coefficient   Cz_start// Cx_start// Cxz_start // pulses//  Cz_opt // Cx_opt // Cxz_opt  
0.000000000000000000e+00 0.000000000000000000e+00 0.000000000000000000e+00 1.401208701058799555e+01 1.885753368651892211e-03 -1.426499641341520816e-03 9.207419483609456407e-04
0.000000000000000000e+00 0.000000000000000000e+00 0.000000000000000000e+00 9.263632448237237860e-01 -1.222313052775009512e-01 -5.575264115563271367e-02 -9.193455339375823654e-02
0.000000000000000000e+00 0.000000000000000000e+00 0.000000000000000000e+00 5.438865054028044099e+00 4.579398643687753595e-02 -1.979035932838679041e-02 -8.060949980959328937e-03
0.000000000000000000e+00 0.000000000000000000e+00 0.000000000000000000e+00 5.042324283423835318e+00 -2.993466399835249120e-02 4.394264524042752057e-02 4.330118121667258374e-02
0.000000000000000000e+00 0.000000000000000000e+00 0.000000000000000000e+00 5.873698989461749065e+00 1.658535425198178967e-02 -6.400721671398041171e-03 -1.336744595382685988e-02
0.000000000000000000e+00 0.000000000000000000e+00 0.000000000000000000e+00 6.028110944339008626e+00 3.071133619892247972e-03 8.955110082785064027e-03 3.571608868253458267e-04
0.000000000000000000e+00 0.000000000000000000e+00 0.000000000000000000e+00 1.043953830650350234e+01 2.037305512567200438e-01 1.939889024163376011e-02 -1.380561128375501663e-02
0.000000000000000000e+00 0.000000000000000000e+00 0.000000000000000000e+00 3.169219747328761549e+00 -1.437598896822396728e-02 -3.394208545762922302e-02 -2.254610331713767773e-03
0.000000000000000000e+00 0.000000000000000000e+00 0.000000000000000000e+00 1.128676404901265506e+01 1.630505693711773590e-02 7.121009346246093621e-03 -1.551850766876064730e-04
0.000000000000000000e+00 0.000000000000000000e+00 0.000000000000000000e+00 1.935092153909270962e+01 -2.654043967469251440e-04 -1.042854407169671474e-04 -7.577269148993687642e-05
0.000000000000000000e+00 0.000000000000000000e+00 0.000000000000000000e+00 1.053082042052894529e+01 -1.993320861533292021e-01 -1.727252292123312993e-02 1.240898262142904086e-02
0.000000000000000000e+00 0.000000000000000000e+00 0.000000000000000000e+00 9.284847021167747627e+00 -2.466195542985019987e-02 2.142484314075534385e-02 1.435460878357101497e-02
0.000000000000000000e+00 0.000000000000000000e+00 0.000000000000000000e+00 2.613422267802589793e+00 -1.529100441017939016e-01 -1.582469964757552416e-01 -1.959976157738156730e-03
0.000000000000000000e+00 0.000000000000000000e+00 0.000000000000000000e+00 1.166831827963967338e+00 3.646132631928732104e-02 7.461398869949706185e-03 -5.273277281050417487e-02
0.000000000000000000e+00 0.000000000000000000e+00 0.000000000000000000e+00 8.217616327170251367e+00 8.403538846911858679e-03 3.133448536515936328e-02 2.529817689072576259e-02
0.000000000000000000e+00 0.000000000000000000e+00 0.000000000000000000e+00 3.515435034019774196e+00 2.851126164460752663e-02 1.081796262027484579e-01 3.587662430930661523e-03
0.000000000000000000e+00 0.000000000000000000e+00 0.000000000000000000e+00 2.143459070082703644e+00 -2.038855997743930018e-02 -6.873200030616515022e-02 1.276615954594282829e-02
0.000000000000000000e+00 0.000000000000000000e+00 0.000000000000000000e+00 1.375728934906479184e+00 1.447646837102826711e-01 4.832372294913443028e-02 -1.812262686115777635e-02
0.000000000000000000e+00 0.000000000000000000e+00 0.000000000000000000e+00 7.518945861244974438e+00 -4.495160587914651812e-02 -4.837409672048657849e-02 -2.679135850288958884e-02
0.000000000000000000e+00 0.000000000000000000e+00 0.000000000000000000e+00 5.855557625059319093e+00 1.854863070019854149e-02 -8.119660470533302324e-03 -1.458807705554101761e-02
0.000000000000000000e+00 0.000000000000000000e+00 0.000000000000000000e+00 3.863671460422123949e-01 -2.368125465574595079e-01 -9.989948881159191330e-02 -9.212423747887155123e-02
0.000000000000000000e+00 0.000000000000000000e+00 0.000000000000000000e+00 9.673110553910577725e-01 -9.586175059870556681e-02 -4.516947534333833059e-02 -8.606603566017004270e-02
0.000000000000000000e+00 0.000000000000000000e+00 0.000000000000000000e+00 8.350809060582706778e+00 2.876024821483888147e-02 1.965205387461967101e-02 1.644065737302236041e-02
0.000000000000000000e+00 0.000000000000000000e+00 0.000000000000000000e+00 3.359403800453797118e+01 1.977186308325931869e-05 -4.810658414457630596e-07 2.142603938918429063e-06
0.000000000000000000e+00 0.000000000000000000e+00 0.000000000000000000e+00 3.307138201012651990e+00 1.731378435419080736e-02 2.291833017392159652e-02 -7.639850680039862426e-04
0.000000000000000000e+00 0.000000000000000000e+00 0.000000000000000000e+00 1.466610001088289872e+00 1.717820356934960657e-01 5.687557969014048198e-02 -5.737213431797969464e-03
0.000000000000000000e+00 0.000000000000000000e+00 0.000000000000000000e+00 8.745725753747370490e+00 -8.777850034398904100e-03 -4.985315466675615398e-02 -3.535247922378301211e-02
0.000000000000000000e+00 0.000000000000000000e+00 0.000000000000000000e+00 1.637447308331202667e+00 1.819133906467349793e-01 5.405222523200389068e-02 1.083650593653243295e-02
0.000000000000000000e+00 0.000000000000000000e+00 0.000000000000000000e+00 6.521576732545107724e+00 2.532138404625549483e-02 2.143789268702647743e-02 3.707327474496117242e-02
0.000000000000000000e+00 0.000000000000000000e+00 0.000000000000000000e+00 1.272542868839742525e+01 1.606492414320551067e-04 1.156743496464579524e-03 7.201026706152287380e-04

Amplitudes vs time: t // theta_tt_old // theta_mt_old // alpha_cdt_old// theta_tt_opt // theta_mt_opt// alpha_cdt_opt  
0.000000000000000000e+00 1.666666666666666644e-02 9.833333333333332815e-01 0.000000000000000000e+00 3.440675988361988069e-02 8.008838996185887460e-01 1.813006720044257891e-02
1.000000000000000000e+00 5.000000000000000278e-02 9.499999999999999556e-01 0.000000000000000000e+00 1.083862645196195795e-01 7.899459073617008942e-01 6.153909461285501925e-02
2.000000000000000000e+00 8.333333333333332871e-02 9.166666666666666297e-01 0.000000000000000000e+00 1.802449628498535295e-01 7.474878857973950019e-01 1.129928943826701837e-01
3.000000000000000000e+00 1.166666666666666685e-01 8.833333333333333037e-01 0.000000000000000000e+00 2.397970075451462124e-01 6.714506792769299182e-01 1.624568091440158346e-01
4.000000000000000000e+00 1.499999999999999944e-01 8.499999999999999778e-01 0.000000000000000000e+00 2.839720199990145022e-01 5.707059825423879129e-01 2.044022397413960968e-01
5.000000000000000000e+00 1.833333333333333204e-01 8.166666666666666519e-01 0.000000000000000000e+00 3.158795356423894085e-01 4.612600642061480127e-01 2.360607791896610907e-01
6.000000000000000000e+00 2.166666666666666741e-01 7.833333333333333259e-01 0.000000000000000000e+00 3.411466905987441400e-01 3.582871670082954929e-01 2.579981344629543871e-01
7.000000000000000000e+00 2.500000000000000000e-01 7.500000000000000000e-01 0.000000000000000000e+00 3.655310913104621307e-01 2.701449658525655328e-01 2.728186373724920677e-01
8.000000000000000000e+00 2.833333333333333259e-01 7.166666666666666741e-01 0.000000000000000000e+00 3.930040756202944352e-01 2.009815382473500722e-01 2.825023535904271910e-01
9.000000000000000000e+00 3.166666666666666519e-01 6.833333333333333481e-01 0.000000000000000000e+00 4.239695491589124954e-01 1.539187837669468983e-01 2.876942581319124059e-01
1.000000000000000000e+01 3.499999999999999778e-01 6.500000000000000222e-01 0.000000000000000000e+00 4.541020293826589227e-01 1.277442307615527239e-01 2.886235191420470914e-01
1.100000000000000000e+01 3.833333333333333592e-01 6.166666666666666963e-01 0.000000000000000000e+00 4.772976722470069211e-01 1.157468628777376385e-01 2.867448744322230736e-01
1.200000000000000000e+01 4.166666666666666852e-01 5.833333333333332593e-01 0.000000000000000000e+00 4.900018250726124736e-01 1.112506490722987296e-01 2.841701089299764615e-01
1.300000000000000000e+01 4.500000000000000111e-01 5.500000000000000444e-01 0.000000000000000000e+00 4.908144300448228914e-01 1.115561576855006315e-01 2.810318520631150396e-01
1.400000000000000000e+01 4.833333333333333370e-01 5.166666666666666075e-01 0.000000000000000000e+00 4.811762544629178406e-01 1.164460787730257352e-01 2.768215857736345265e-01
1.500000000000000000e+01 5.166666666666667185e-01 4.833333333333332815e-01 0.000000000000000000e+00 4.693525186078034150e-01 1.255387022707808720e-01 2.734490396045978766e-01
1.600000000000000000e+01 5.500000000000000444e-01 4.499999999999999556e-01 0.000000000000000000e+00 4.690113538437047369e-01 1.377204912529882419e-01 2.726959520043464313e-01
1.700000000000000000e+01 5.833333333333333703e-01 4.166666666666666297e-01 0.000000000000000000e+00 4.911145411687967144e-01 1.517754232794830127e-01 2.724298974086581948e-01
1.800000000000000000e+01 6.166666666666666963e-01 3.833333333333333037e-01 0.000000000000000000e+00 5.390599650031140389e-01 1.647611387404208094e-01 2.692189953357083665e-01
1.900000000000000000e+01 6.500000000000000222e-01 3.499999999999999778e-01 0.000000000000000000e+00 6.065219217292364684e-01 1.698479148726178001e-01 2.620984131591685973e-01
2.000000000000000000e+01 6.833333333333333481e-01 3.166666666666666519e-01 0.000000000000000000e+00 6.787197183006858925e-01 1.604388339385023343e-01 2.515427878864474609e-01
2.100000000000000000e+01 7.166666666666666741e-01 2.833333333333333259e-01 0.000000000000000000e+00 7.402234685063145969e-01 1.377411237867015026e-01 2.362886673185787267e-01
2.200000000000000000e+01 7.500000000000000000e-01 2.500000000000000000e-01 0.000000000000000000e+00 7.823556519119829744e-01 1.106255087058762021e-01 2.127981243143994283e-01
2.300000000000000000e+01 7.833333333333333259e-01 2.166666666666666741e-01 0.000000000000000000e+00 8.076878633723851841e-01 8.738941300605237994e-02 1.795711757526131103e-01
2.400000000000000000e+01 8.166666666666666519e-01 1.833333333333333481e-01 0.000000000000000000e+00 8.282590862268285337e-01 6.987088764686014142e-02 1.405516466318231794e-01
2.500000000000000000e+01 8.499999999999999778e-01 1.500000000000000222e-01 0.000000000000000000e+00 8.541686975871979337e-01 5.519272667006796390e-02 1.012492955321823013e-01
2.600000000000000000e+01 8.833333333333333037e-01 1.166666666666666963e-01 0.000000000000000000e+00 8.853193877011860113e-01 4.099898354364885783e-02 6.422563344678984543e-02
2.700000000000000000e+01 9.166666666666666297e-01 8.333333333333337034e-02 0.000000000000000000e+00 9.229073980516039333e-01 2.761606894042783339e-02 3.229617028356260994e-02
2.800000000000000000e+01 9.499999999999999556e-01 5.000000000000004441e-02 0.000000000000000000e+00 9.779317602116925912e-01 1.588992672360076824e-02 1.083818906725326353e-02
2.900000000000000000e+01 9.833333333333332815e-01 1.666666666666671848e-02 0.000000000000000000e+00 1.057342913973826182e+00 5.262517144382594832e-03 1.735657080826920936e-03

Residual energy after optimization is 2.179096087886859e-08 C0x=0.31748079681124597 C0z=1.1036367949533807 C0xz=1.0
Optimization procedure took 211.180242061615 seconds