### PARAMETERS OF THE TIME EVOLUTION ### 
Total time tau = 63
Timestep dt = 1
P = tau/dt = 63
Number of Fourier coefficients Nc = 63

gamma(t) = t/T*(delta_t + \sum_i^Nc gamma_i*f_i(wi, t) 
beta(t) = (1-t/T)*(delta_t + \sum_i^Nc beta_i*f_i(wi, t)

CRAB coefficient   Cz_start// Cx_start// Cxz_start // pulses//  Cz_opt // Cx_opt // Cxz_opt  
0.000000000000000000e+00 0.000000000000000000e+00 0.000000000000000000e+00 6.720639254003132557e+00 -1.618627701394239837e+00 -1.447877873520096337e+00 0.000000000000000000e+00
0.000000000000000000e+00 0.000000000000000000e+00 0.000000000000000000e+00 7.573698936747188526e+00 -4.641161972986673767e-01 4.261209068472960881e-01 0.000000000000000000e+00
0.000000000000000000e+00 0.000000000000000000e+00 0.000000000000000000e+00 1.539418990571380652e+00 1.407675905032135244e+00 2.441274530329873849e-01 0.000000000000000000e+00
0.000000000000000000e+00 0.000000000000000000e+00 0.000000000000000000e+00 1.227630786969774679e+00 1.005824347047169720e+00 9.860003912065007370e-01 0.000000000000000000e+00
0.000000000000000000e+00 0.000000000000000000e+00 0.000000000000000000e+00 1.251486678845763123e+01 8.010191586498924821e+00 -3.360832430170715979e-01 0.000000000000000000e+00
0.000000000000000000e+00 0.000000000000000000e+00 0.000000000000000000e+00 7.374484829914776718e+00 -7.507091621228475731e+00 -5.505090060061792467e-01 0.000000000000000000e+00
0.000000000000000000e+00 0.000000000000000000e+00 0.000000000000000000e+00 5.068355386895648351e+00 6.740775249458732521e-01 -2.814710687269947886e-01 0.000000000000000000e+00
0.000000000000000000e+00 0.000000000000000000e+00 0.000000000000000000e+00 2.142304954094960578e+01 -2.189726701787459567e-02 -2.937552676470148302e-04 0.000000000000000000e+00
0.000000000000000000e+00 0.000000000000000000e+00 0.000000000000000000e+00 1.523163445335591071e+01 2.342657920693002604e-01 -3.852066231626077863e-02 0.000000000000000000e+00
0.000000000000000000e+00 0.000000000000000000e+00 0.000000000000000000e+00 1.437014368511136553e+01 3.119939264127217005e+00 -3.522625659347985660e+00 0.000000000000000000e+00
0.000000000000000000e+00 0.000000000000000000e+00 0.000000000000000000e+00 1.438896733177729592e+00 1.571581049723858481e+00 5.880063655383598320e-01 0.000000000000000000e+00
0.000000000000000000e+00 0.000000000000000000e+00 0.000000000000000000e+00 1.123030167748195574e+01 -2.111814100347963929e+01 -3.666451081888177921e-01 0.000000000000000000e+00
0.000000000000000000e+00 0.000000000000000000e+00 0.000000000000000000e+00 2.262891195399639344e+00 -1.167432637665512862e+00 -7.925055216296164606e-02 0.000000000000000000e+00
0.000000000000000000e+00 0.000000000000000000e+00 0.000000000000000000e+00 6.623769515027368548e+00 5.183432129557491441e-01 -6.192871625739692076e-01 0.000000000000000000e+00
0.000000000000000000e+00 0.000000000000000000e+00 0.000000000000000000e+00 1.184682981200989538e+01 -7.986776490862723676e-01 1.205344612248643976e+00 0.000000000000000000e+00
0.000000000000000000e+00 0.000000000000000000e+00 0.000000000000000000e+00 4.894574769001619252e+00 1.593910249598799123e+00 9.342702427356243122e-01 0.000000000000000000e+00
0.000000000000000000e+00 0.000000000000000000e+00 0.000000000000000000e+00 1.156146215371537167e+00 5.442905482183988397e-01 9.801289985955047301e-01 0.000000000000000000e+00
0.000000000000000000e+00 0.000000000000000000e+00 0.000000000000000000e+00 7.536782351457044449e+00 -2.047101594643712552e+00 3.083970932527950737e-01 0.000000000000000000e+00
0.000000000000000000e+00 0.000000000000000000e+00 0.000000000000000000e+00 1.454989828769429394e+01 -2.273398968054602420e+01 -8.442125156353057491e+00 0.000000000000000000e+00
0.000000000000000000e+00 0.000000000000000000e+00 0.000000000000000000e+00 1.850464431924032427e+00 -1.902934372460536316e-01 -7.217301240400546547e-01 0.000000000000000000e+00
0.000000000000000000e+00 0.000000000000000000e+00 0.000000000000000000e+00 7.832212029503856421e+00 1.148484010952999768e+01 1.581672404872371818e-01 0.000000000000000000e+00
0.000000000000000000e+00 0.000000000000000000e+00 0.000000000000000000e+00 1.450762363975671221e+01 2.182560800420746361e+01 1.179814511606828553e+01 0.000000000000000000e+00
0.000000000000000000e+00 0.000000000000000000e+00 0.000000000000000000e+00 6.313033818988291301e+00 3.624574086375584425e+00 2.281639107834051217e+00 0.000000000000000000e+00
0.000000000000000000e+00 0.000000000000000000e+00 0.000000000000000000e+00 2.024238085127817666e+00 -1.035581107885137797e+00 -7.722698937762401128e-01 0.000000000000000000e+00
0.000000000000000000e+00 0.000000000000000000e+00 0.000000000000000000e+00 5.124312217498927513e-01 -4.015898668424821238e+00 -8.490337749055834049e-01 0.000000000000000000e+00
0.000000000000000000e+00 0.000000000000000000e+00 0.000000000000000000e+00 4.868446824493404712e+00 1.646286781030970037e+00 1.137403926451813874e+00 0.000000000000000000e+00
0.000000000000000000e+00 0.000000000000000000e+00 0.000000000000000000e+00 1.173279302409395619e+01 1.269324550864510925e+01 7.383399584671976879e-01 0.000000000000000000e+00
0.000000000000000000e+00 0.000000000000000000e+00 0.000000000000000000e+00 5.445310236697508799e+00 -2.277985354827935183e+00 -4.994725622362999329e-01 0.000000000000000000e+00
0.000000000000000000e+00 0.000000000000000000e+00 0.000000000000000000e+00 2.147329509225685218e+00 -1.286968879607543803e+00 -5.117831006565054519e-01 0.000000000000000000e+00
0.000000000000000000e+00 0.000000000000000000e+00 0.000000000000000000e+00 1.732996012838173838e+00 5.099718042786244299e-01 -4.400431418055368304e-01 0.000000000000000000e+00
0.000000000000000000e+00 0.000000000000000000e+00 0.000000000000000000e+00 2.909875149893443425e+00 2.760233105807738951e+00 1.559441706547823214e+00 0.000000000000000000e+00
0.000000000000000000e+00 0.000000000000000000e+00 0.000000000000000000e+00 1.166315572432600511e+01 1.697782949923691831e+01 2.910429022544500643e-01 0.000000000000000000e+00
0.000000000000000000e+00 0.000000000000000000e+00 0.000000000000000000e+00 1.359387041261210527e+01 -6.058793955106042795e+00 2.194015974199161612e-01 0.000000000000000000e+00
0.000000000000000000e+00 0.000000000000000000e+00 0.000000000000000000e+00 5.073711082860972610e+00 6.326284295005162317e-01 -3.113394042292003672e-01 0.000000000000000000e+00
0.000000000000000000e+00 0.000000000000000000e+00 0.000000000000000000e+00 2.346161888654312744e+00 -8.639627476253386451e-01 3.021699623809729895e-01 0.000000000000000000e+00
0.000000000000000000e+00 0.000000000000000000e+00 0.000000000000000000e+00 1.825512295012190478e+00 -4.261747003354809937e-02 -6.763235381991924422e-01 0.000000000000000000e+00
0.000000000000000000e+00 0.000000000000000000e+00 0.000000000000000000e+00 1.225429660252769715e+01 -5.023070235367568870e+01 -2.125640591040177441e+00 0.000000000000000000e+00
0.000000000000000000e+00 0.000000000000000000e+00 0.000000000000000000e+00 6.708902312331979090e-01 -3.558123618636207741e+00 -4.406694040425822023e-01 0.000000000000000000e+00
0.000000000000000000e+00 0.000000000000000000e+00 0.000000000000000000e+00 3.242534157340510426e+00 1.810888561469251812e+00 9.969290803620861618e-02 0.000000000000000000e+00
0.000000000000000000e+00 0.000000000000000000e+00 0.000000000000000000e+00 5.312734834882637536e+00 -1.425017819094790195e+00 -8.939286728835359463e-01 0.000000000000000000e+00
0.000000000000000000e+00 0.000000000000000000e+00 0.000000000000000000e+00 2.196567916080281790e+00 -1.279291564599820408e+00 -3.458220288719882629e-01 0.000000000000000000e+00
0.000000000000000000e+00 0.000000000000000000e+00 0.000000000000000000e+00 1.188036570346703957e+00 7.646786571272509159e-01 9.921468409546698730e-01 0.000000000000000000e+00
0.000000000000000000e+00 0.000000000000000000e+00 0.000000000000000000e+00 6.518967311713977253e+00 2.293309115427863087e+00 4.081547982594321833e-01 0.000000000000000000e+00
0.000000000000000000e+00 0.000000000000000000e+00 0.000000000000000000e+00 1.035536108384360965e+01 -6.718225898710372235e+00 2.209147209097582776e-01 0.000000000000000000e+00
0.000000000000000000e+00 0.000000000000000000e+00 0.000000000000000000e+00 2.110797905873578184e+00 -1.251332769589364347e+00 -6.138691946777865560e-01 0.000000000000000000e+00
0.000000000000000000e+00 0.000000000000000000e+00 0.000000000000000000e+00 3.438854681801231550e+00 -2.610912296862717419e-01 -7.150599824166511409e-01 0.000000000000000000e+00
0.000000000000000000e+00 0.000000000000000000e+00 0.000000000000000000e+00 4.921922773839000342e+00 1.512151485029499920e+00 7.215000354207481426e-01 0.000000000000000000e+00
0.000000000000000000e+00 0.000000000000000000e+00 0.000000000000000000e+00 5.204224784943412452e+00 -4.866725498747866974e-01 -8.291665111213049055e-01 0.000000000000000000e+00
0.000000000000000000e+00 0.000000000000000000e+00 0.000000000000000000e+00 1.255449009933639282e+01 2.637887348500229479e+01 1.269169014851176502e+00 0.000000000000000000e+00
0.000000000000000000e+00 0.000000000000000000e+00 0.000000000000000000e+00 5.556983707535673389e+00 -2.538736258400648538e+00 1.695643055193477577e-01 0.000000000000000000e+00
0.000000000000000000e+00 0.000000000000000000e+00 0.000000000000000000e+00 5.212288689323519186e+00 -5.580867675053615695e-01 -8.459530033548030570e-01 0.000000000000000000e+00
0.000000000000000000e+00 0.000000000000000000e+00 0.000000000000000000e+00 2.155649726502228969e+00 -1.291607662131416090e+00 -4.850881528821938682e-01 0.000000000000000000e+00
0.000000000000000000e+00 0.000000000000000000e+00 0.000000000000000000e+00 3.598207270489074183e+00 -2.182219342025866204e+00 -8.837092380952580317e-01 0.000000000000000000e+00
0.000000000000000000e+00 0.000000000000000000e+00 0.000000000000000000e+00 1.145225391175205942e+01 9.612727630165778692e+00 -8.042706592985282565e-01 0.000000000000000000e+00
0.000000000000000000e+00 0.000000000000000000e+00 0.000000000000000000e+00 1.735647698557190033e+00 4.943961039619038100e-01 -4.480472533117607070e-01 0.000000000000000000e+00
0.000000000000000000e+00 0.000000000000000000e+00 0.000000000000000000e+00 1.408733203053137206e+00 1.571027923950116811e+00 6.763006281923303886e-01 0.000000000000000000e+00
0.000000000000000000e+00 0.000000000000000000e+00 0.000000000000000000e+00 8.558745554883902429e+00 -4.715446877252547964e+00 -3.629033190493719530e-01 0.000000000000000000e+00
0.000000000000000000e+00 0.000000000000000000e+00 0.000000000000000000e+00 3.417314092157575978e+00 -3.530348067157601522e-03 -6.519111179398230371e-01 0.000000000000000000e+00
0.000000000000000000e+00 0.000000000000000000e+00 0.000000000000000000e+00 3.645689848603770766e+00 -2.708939047850364990e+00 -8.180679518042347498e-01 0.000000000000000000e+00
0.000000000000000000e+00 0.000000000000000000e+00 0.000000000000000000e+00 1.023991922766430385e+01 9.786599450086695740e+00 -2.097515006625605416e-02 0.000000000000000000e+00
0.000000000000000000e+00 0.000000000000000000e+00 0.000000000000000000e+00 2.860657324803236090e+00 2.589617739494045168e+00 1.656086272939200965e+00 0.000000000000000000e+00
0.000000000000000000e+00 0.000000000000000000e+00 0.000000000000000000e+00 3.383051987983574094e+00 3.963801056079318541e-01 -5.351420572686513832e-01 0.000000000000000000e+00
0.000000000000000000e+00 0.000000000000000000e+00 0.000000000000000000e+00 1.293698385439711274e+00 1.318231090183591192e+00 9.238560425094601847e-01 0.000000000000000000e+00

Amplitudes vs time: t // theta_tt_old // theta_mt_old // alpha_cdt_old// theta_tt_opt // theta_mt_opt// alpha_cdt_opt  
0.000000000000000000e+00 7.936507936507936067e-03 9.920634920634920917e-01 0.000000000000000000e+00 1.239792473443286358e-01 7.449284286922712717e-01 0.000000000000000000e+00
1.000000000000000000e+00 2.380952380952380820e-02 9.761904761904761640e-01 0.000000000000000000e+00 3.231677021622350598e-01 6.894377246114529179e-01 0.000000000000000000e+00
2.000000000000000000e+00 3.968253968253968034e-02 9.603174603174603474e-01 0.000000000000000000e+00 4.321737374733375381e-01 6.204759603314675687e-01 0.000000000000000000e+00
3.000000000000000000e+00 5.555555555555555247e-02 9.444444444444444198e-01 0.000000000000000000e+00 4.719912767193612524e-01 5.649474434634838005e-01 0.000000000000000000e+00
4.000000000000000000e+00 7.142857142857142461e-02 9.285714285714286031e-01 0.000000000000000000e+00 4.856722211268139078e-01 5.478900816073797309e-01 0.000000000000000000e+00
5.000000000000000000e+00 8.730158730158729674e-02 9.126984126984126755e-01 0.000000000000000000e+00 5.048128270678681195e-01 5.773068001589858333e-01 0.000000000000000000e+00
6.000000000000000000e+00 1.031746031746031689e-01 8.968253968253968589e-01 0.000000000000000000e+00 5.369033977669332991e-01 6.425638083220008845e-01 0.000000000000000000e+00
7.000000000000000000e+00 1.190476190476190410e-01 8.809523809523809312e-01 0.000000000000000000e+00 5.723315653314087204e-01 7.213194984474537996e-01 0.000000000000000000e+00
8.000000000000000000e+00 1.349206349206349131e-01 8.650793650793651146e-01 0.000000000000000000e+00 6.000555514369996235e-01 7.891871695804528741e-01 0.000000000000000000e+00
9.000000000000000000e+00 1.507936507936507853e-01 8.492063492063491870e-01 0.000000000000000000e+00 6.195613401564992184e-01 8.279332027127426219e-01 0.000000000000000000e+00
1.000000000000000000e+01 1.666666666666666574e-01 8.333333333333333703e-01 0.000000000000000000e+00 6.416784366137172624e-01 8.302000536956533061e-01 0.000000000000000000e+00
1.100000000000000000e+01 1.825396825396825295e-01 8.174603174603174427e-01 0.000000000000000000e+00 6.790052250266549461e-01 8.003804731966797092e-01 0.000000000000000000e+00
1.200000000000000000e+01 1.984126984126984017e-01 8.015873015873016261e-01 0.000000000000000000e+00 7.339573123052345327e-01 7.521135740315372242e-01 0.000000000000000000e+00
1.300000000000000000e+01 2.142857142857142738e-01 7.857142857142856984e-01 0.000000000000000000e+00 7.942365890492003588e-01 7.032836544665124201e-01 0.000000000000000000e+00
1.400000000000000000e+01 2.301587301587301460e-01 7.698412698412698818e-01 0.000000000000000000e+00 8.398451978920851158e-01 6.698182078503314152e-01 0.000000000000000000e+00
1.500000000000000000e+01 2.460317460317460181e-01 7.539682539682539542e-01 0.000000000000000000e+00 8.562837628623022335e-01 6.600955161913684144e-01 0.000000000000000000e+00
1.600000000000000000e+01 2.619047619047619180e-01 7.380952380952381375e-01 0.000000000000000000e+00 8.430660781375238777e-01 6.720224072027995987e-01 0.000000000000000000e+00
1.700000000000000000e+01 2.777777777777777901e-01 7.222222222222222099e-01 0.000000000000000000e+00 8.105644994101477430e-01 6.942909282882334665e-01 0.000000000000000000e+00
1.800000000000000000e+01 2.936507936507936622e-01 7.063492063492062822e-01 0.000000000000000000e+00 7.686856631128728967e-01 7.117681871994516740e-01 0.000000000000000000e+00
1.900000000000000000e+01 3.095238095238095344e-01 6.904761904761904656e-01 0.000000000000000000e+00 7.184799755092169393e-01 7.129331502525633191e-01 0.000000000000000000e+00
2.000000000000000000e+01 3.253968253968254065e-01 6.746031746031746490e-01 0.000000000000000000e+00 6.549827471363449671e-01 6.958633346877078907e-01 0.000000000000000000e+00
2.100000000000000000e+01 3.412698412698412787e-01 6.587301587301587213e-01 0.000000000000000000e+00 5.785444313073001554e-01 6.695454547092938302e-01 0.000000000000000000e+00
2.200000000000000000e+01 3.571428571428571508e-01 6.428571428571427937e-01 0.000000000000000000e+00 5.031039601627694813e-01 6.494273082985413392e-01 0.000000000000000000e+00
2.300000000000000000e+01 3.730158730158730229e-01 6.269841269841269771e-01 0.000000000000000000e+00 4.520733761674956552e-01 6.491478901920197941e-01 0.000000000000000000e+00
2.400000000000000000e+01 3.888888888888888951e-01 6.111111111111111605e-01 0.000000000000000000e+00 4.439362066403442220e-01 6.725860870039253037e-01 0.000000000000000000e+00
2.500000000000000000e+01 4.047619047619047672e-01 5.952380952380952328e-01 0.000000000000000000e+00 4.793908696211274245e-01 7.104072026938532680e-01 0.000000000000000000e+00
2.600000000000000000e+01 4.206349206349206393e-01 5.793650793650793052e-01 0.000000000000000000e+00 5.405854215269370044e-01 7.430458928980907540e-01 0.000000000000000000e+00
2.700000000000000000e+01 4.365079365079365115e-01 5.634920634920634885e-01 0.000000000000000000e+00 6.022577380539655412e-01 7.487680824809452851e-01 0.000000000000000000e+00
2.800000000000000000e+01 4.523809523809523836e-01 5.476190476190476719e-01 0.000000000000000000e+00 6.450752511107720188e-01 7.129171712772821579e-01 0.000000000000000000e+00
2.900000000000000000e+01 4.682539682539682557e-01 5.317460317460317443e-01 0.000000000000000000e+00 6.618955683001455093e-01 6.339917592303407901e-01 0.000000000000000000e+00
3.000000000000000000e+01 4.841269841269841279e-01 5.158730158730158166e-01 0.000000000000000000e+00 6.561271741531427004e-01 5.239394368173784233e-01 0.000000000000000000e+00
3.100000000000000000e+01 5.000000000000000000e-01 5.000000000000000000e-01 0.000000000000000000e+00 6.380089022733049786e-01 4.029451045434238043e-01 0.000000000000000000e+00
3.200000000000000000e+01 5.158730158730159276e-01 4.841269841269840724e-01 0.000000000000000000e+00 6.227566212433618409e-01 2.915198467460011766e-01 0.000000000000000000e+00
3.300000000000000000e+01 5.317460317460317443e-01 4.682539682539682557e-01 0.000000000000000000e+00 6.279002891397211794e-01 2.036708214580633669e-01 0.000000000000000000e+00
3.400000000000000000e+01 5.476190476190476719e-01 4.523809523809523281e-01 0.000000000000000000e+00 6.653080981519647885e-01 1.440301504981906788e-01 0.000000000000000000e+00
3.500000000000000000e+01 5.634920634920634885e-01 4.365079365079365115e-01 0.000000000000000000e+00 7.301593385690123839e-01 1.096312925622557888e-01 0.000000000000000000e+00
3.600000000000000000e+01 5.793650793650794162e-01 4.206349206349205838e-01 0.000000000000000000e+00 7.971144200227830989e-01 9.469459856491435623e-02 0.000000000000000000e+00
3.700000000000000000e+01 5.952380952380952328e-01 4.047619047619047672e-01 0.000000000000000000e+00 8.321763251537184214e-01 9.546785533216795017e-02 0.000000000000000000e+00
3.800000000000000000e+01 6.111111111111111605e-01 3.888888888888888395e-01 0.000000000000000000e+00 8.156520709930139557e-01 1.124678708781436942e-01 0.000000000000000000e+00
3.900000000000000000e+01 6.269841269841269771e-01 3.730158730158730229e-01 0.000000000000000000e+00 7.588692024737574426e-01 1.491507761357548922e-01 0.000000000000000000e+00
4.000000000000000000e+01 6.428571428571429047e-01 3.571428571428570953e-01 0.000000000000000000e+00 6.989582581912162640e-01 2.081390543790045955e-01 0.000000000000000000e+00
4.100000000000000000e+01 6.587301587301587213e-01 3.412698412698412787e-01 0.000000000000000000e+00 6.733362780485605548e-01 2.874764881508118375e-01 0.000000000000000000e+00
4.200000000000000000e+01 6.746031746031746490e-01 3.253968253968253510e-01 0.000000000000000000e+00 6.936467650970261634e-01 3.792457423284172346e-01 0.000000000000000000e+00
4.300000000000000000e+01 6.904761904761904656e-01 3.095238095238095344e-01 0.000000000000000000e+00 7.403551362288782745e-01 4.714195262581427626e-01 0.000000000000000000e+00
4.400000000000000000e+01 7.063492063492063933e-01 2.936507936507936067e-01 0.000000000000000000e+00 7.814839335923743358e-01 5.519435044317445582e-01 0.000000000000000000e+00
4.500000000000000000e+01 7.222222222222222099e-01 2.777777777777777901e-01 0.000000000000000000e+00 7.981344171870364823e-01 6.128679442686300050e-01 0.000000000000000000e+00
4.600000000000000000e+01 7.380952380952381375e-01 2.619047619047618625e-01 0.000000000000000000e+00 7.949291800737753322e-01 6.524650631822279667e-01 0.000000000000000000e+00
4.700000000000000000e+01 7.539682539682539542e-01 2.460317460317460458e-01 0.000000000000000000e+00 7.890658156039281890e-01 6.744886848527135159e-01 0.000000000000000000e+00
4.800000000000000000e+01 7.698412698412698818e-01 2.301587301587301182e-01 0.000000000000000000e+00 7.916038880978690795e-01 6.852516616619104273e-01 0.000000000000000000e+00
4.900000000000000000e+01 7.857142857142856984e-01 2.142857142857143016e-01 0.000000000000000000e+00 7.995904362160740630e-01 6.901628904988754698e-01 0.000000000000000000e+00
5.000000000000000000e+01 8.015873015873016261e-01 1.984126984126983739e-01 0.000000000000000000e+00 8.040796557900565800e-01 6.913671133604305519e-01 0.000000000000000000e+00
5.100000000000000000e+01 8.174603174603174427e-01 1.825396825396825573e-01 0.000000000000000000e+00 8.022548212455923311e-01 6.873374776564568078e-01 0.000000000000000000e+00
5.200000000000000000e+01 8.333333333333333703e-01 1.666666666666666297e-01 0.000000000000000000e+00 7.994073556088364674e-01 6.742239646494867511e-01 0.000000000000000000e+00
5.300000000000000000e+01 8.492063492063491870e-01 1.507936507936508130e-01 0.000000000000000000e+00 7.999962817628505363e-01 6.480126142904661934e-01 0.000000000000000000e+00
5.400000000000000000e+01 8.650793650793651146e-01 1.349206349206348854e-01 0.000000000000000000e+00 8.005457748591708889e-01 6.063921661265310181e-01 0.000000000000000000e+00
5.500000000000000000e+01 8.809523809523809312e-01 1.190476190476190688e-01 0.000000000000000000e+00 7.950351181428276792e-01 5.496089652338599363e-01 0.000000000000000000e+00
5.600000000000000000e+01 8.968253968253968589e-01 1.031746031746031411e-01 0.000000000000000000e+00 7.876752690653877620e-01 4.802243989236764099e-01 0.000000000000000000e+00
5.700000000000000000e+01 9.126984126984126755e-01 8.730158730158732450e-02 0.000000000000000000e+00 7.965904084926441753e-01 4.022112743350684250e-01 0.000000000000000000e+00
5.800000000000000000e+01 9.285714285714286031e-01 7.142857142857139685e-02 0.000000000000000000e+00 8.393612232226260739e-01 3.199916815667164238e-01 0.000000000000000000e+00
5.900000000000000000e+01 9.444444444444444198e-01 5.555555555555558023e-02 0.000000000000000000e+00 9.116408041340452462e-01 2.378143350963064506e-01 0.000000000000000000e+00
6.000000000000000000e+01 9.603174603174603474e-01 3.968253968253965258e-02 0.000000000000000000e+00 9.815267199012313037e-01 1.594975852823329598e-01 0.000000000000000000e+00
6.100000000000000000e+01 9.761904761904761640e-01 2.380952380952383596e-02 0.000000000000000000e+00 1.010491698251305914e+00 8.830303528978983296e-02 0.000000000000000000e+00
6.200000000000000000e+01 9.920634920634920917e-01 7.936507936507908312e-03 0.000000000000000000e+00 9.857970266004737470e-01 2.671301255326989643e-02 0.000000000000000000e+00

Residual energy after optimization is 0.00019804109088482428 C0x=3.188744353686769 C0z=0.9607003570272468 C0xz=1.0
Optimization procedure took 180.16782236099243 seconds