### PARAMETERS OF THE TIME EVOLUTION ### 
Total time tau = 24
Timestep dt = 1
P = tau/dt = 24
Number of Fourier coefficients Nc = 24

gamma(t) = t/T*(delta_t + \sum_i^Nc gamma_i*f_i(wi, t) 
beta(t) = (1-t/T)*(delta_t + \sum_i^Nc beta_i*f_i(wi, t)

CRAB coefficient   Cz_start// Cx_start// Cxz_start // pulses//  Cz_opt // Cx_opt // Cxz_opt  
0.000000000000000000e+00 0.000000000000000000e+00 0.000000000000000000e+00 2.723816715364559826e+00 1.082101004667875843e+00 1.779457378805355106e+01 -1.123351479533566177e+00
0.000000000000000000e+00 0.000000000000000000e+00 0.000000000000000000e+00 4.816742231381322625e+00 -1.499936999423998385e+00 -5.178868461688799840e+01 4.285682375270358335e+00
0.000000000000000000e+00 0.000000000000000000e+00 0.000000000000000000e+00 1.276631502179596533e-01 3.307850344439178691e+00 -1.495150341119106656e+02 1.755283464438115715e+01
0.000000000000000000e+00 0.000000000000000000e+00 0.000000000000000000e+00 3.755323528483035300e+00 7.579753172612753165e-01 -7.373776199395061326e+01 1.066091508821299705e+01
0.000000000000000000e+00 0.000000000000000000e+00 0.000000000000000000e+00 4.350267095168301346e+00 9.946440430261291876e-01 1.454453617477940099e+02 -1.966122744443348225e+01
0.000000000000000000e+00 0.000000000000000000e+00 0.000000000000000000e+00 3.977747982190297904e+00 1.785379526806971651e+00 2.109655495147752546e+01 -4.987051340434608959e-01
0.000000000000000000e+00 0.000000000000000000e+00 0.000000000000000000e+00 7.368779075763012720e+00 5.505654508126666125e-01 -3.001692246443774525e+00 1.722536251522022166e-01
0.000000000000000000e+00 0.000000000000000000e+00 0.000000000000000000e+00 3.097554835763886683e+00 -1.975065180639759221e+00 4.198536503636427142e+01 -6.937447644529211921e+00
0.000000000000000000e+00 0.000000000000000000e+00 0.000000000000000000e+00 1.662819171225147219e+00 -1.363678814024738006e+00 -2.587435404898347358e+01 1.680836685819232512e+00
0.000000000000000000e+00 0.000000000000000000e+00 0.000000000000000000e+00 1.128584863603293087e+01 8.513436504992978326e-01 -3.890412960550825305e-01 -7.589233762457901766e-02
0.000000000000000000e+00 0.000000000000000000e+00 0.000000000000000000e+00 1.877087120292232569e+01 5.083285603570980192e-04 1.443441148280996950e-05 -1.257269339210244915e-05
0.000000000000000000e+00 0.000000000000000000e+00 0.000000000000000000e+00 5.420144870443986740e+00 1.191850708346889220e+00 1.151969562269321017e+02 -1.329703474158886856e+01
0.000000000000000000e+00 0.000000000000000000e+00 0.000000000000000000e+00 3.098350445892412264e+00 -1.977731696663488137e+00 4.178201976953575070e+01 -6.917139667645886725e+00
0.000000000000000000e+00 0.000000000000000000e+00 0.000000000000000000e+00 5.042527938431029533e+00 -1.426682135706354826e+00 -1.194668925515923235e+02 1.636563789832433358e+01
0.000000000000000000e+00 0.000000000000000000e+00 0.000000000000000000e+00 1.087926144812757911e+01 -6.521514167455541022e-01 3.523893365383541920e-01 5.338990702312523123e-02
0.000000000000000000e+00 0.000000000000000000e+00 0.000000000000000000e+00 2.866900935609467904e+00 -3.761952736490778437e-01 5.729146840002803742e+01 -7.104470767073268966e+00
0.000000000000000000e+00 0.000000000000000000e+00 0.000000000000000000e+00 6.242047443522928063e+00 1.745877207300633671e+00 -5.228831474448001160e+01 4.802333527435501459e+00
0.000000000000000000e+00 0.000000000000000000e+00 0.000000000000000000e+00 1.228422363619037450e+00 -3.624988733932528739e-01 5.657370010370987501e+01 -6.576354526851762472e+00
0.000000000000000000e+00 0.000000000000000000e+00 0.000000000000000000e+00 1.154013519300785262e+01 -3.969911980494753578e-01 1.754790641915380534e-01 3.671392575359742200e-02
0.000000000000000000e+00 0.000000000000000000e+00 0.000000000000000000e+00 6.592686576618767447e+00 -2.042175876644816146e+00 2.956415766178046312e+01 -2.407073793906438386e+00
0.000000000000000000e+00 0.000000000000000000e+00 0.000000000000000000e+00 3.549170742930667810e+00 -7.416812900142355502e-01 -9.327065156516884770e+01 1.118157223793170552e+01
0.000000000000000000e+00 0.000000000000000000e+00 0.000000000000000000e+00 1.006510349174837593e+01 3.021467054549260012e-01 -2.250244275352612788e-01 -2.208342656265353116e-02
0.000000000000000000e+00 0.000000000000000000e+00 0.000000000000000000e+00 2.520061824170362286e+00 2.990558555299904775e+00 -8.334935386868554019e+01 1.207110183541776038e+01
0.000000000000000000e+00 0.000000000000000000e+00 0.000000000000000000e+00 9.036692784940427714e+00 -2.012647522614615936e-01 2.603846087510797713e-01 6.844458552959911679e-03

Amplitudes vs time: t // theta_tt_old // theta_mt_old // alpha_cdt_old// theta_tt_opt // theta_mt_opt// alpha_cdt_opt  
0.000000000000000000e+00 2.083333333333333218e-02 9.791666666666666297e-01 0.000000000000000000e+00 -2.925707432949314901e-02 1.222590671237377968e+00 1.644965601412433642e-01
1.000000000000000000e+00 6.250000000000000000e-02 9.375000000000000000e-01 0.000000000000000000e+00 1.217504268497976438e-01 7.364060777084031617e-01 3.585933293684728795e-01
2.000000000000000000e+00 1.041666666666666713e-01 8.958333333333333703e-01 0.000000000000000000e+00 2.792969385442901631e-01 6.250253886647330059e-01 3.862359702510480552e-01
3.000000000000000000e+00 1.458333333333333426e-01 8.541666666666666297e-01 0.000000000000000000e+00 3.344138242644610903e-01 4.951557936952438732e-01 4.098048855420728387e-01
4.000000000000000000e+00 1.875000000000000000e-01 8.125000000000000000e-01 0.000000000000000000e+00 3.425845472111327950e-01 3.749347696068369706e-01 4.292714579401284425e-01
5.000000000000000000e+00 2.291666666666666574e-01 7.708333333333333703e-01 0.000000000000000000e+00 3.495544015914217040e-01 2.834332841778472445e-01 4.429271529083607106e-01
6.000000000000000000e+00 2.708333333333333148e-01 7.291666666666667407e-01 0.000000000000000000e+00 3.683920522607865289e-01 2.208332126605452861e-01 4.560279855530886550e-01
7.000000000000000000e+00 3.125000000000000000e-01 6.875000000000000000e-01 0.000000000000000000e+00 4.010432164025276025e-01 1.837736218250990983e-01 4.726309542414117715e-01
8.000000000000000000e+00 3.541666666666666852e-01 6.458333333333332593e-01 0.000000000000000000e+00 4.332451878437315607e-01 1.689354118881874756e-01 4.948733062948313943e-01
9.000000000000000000e+00 3.958333333333333148e-01 6.041666666666667407e-01 0.000000000000000000e+00 4.497221625121902155e-01 1.719558817405349438e-01 5.182562438662756676e-01
1.000000000000000000e+01 4.375000000000000000e-01 5.625000000000000000e-01 0.000000000000000000e+00 4.585384104213740541e-01 1.848264915369108308e-01 5.349539832182017562e-01
1.100000000000000000e+01 4.791666666666666852e-01 5.208333333333332593e-01 0.000000000000000000e+00 4.739239147245896122e-01 1.974615472453431775e-01 5.436423094680549184e-01
1.200000000000000000e+01 5.208333333333333703e-01 4.791666666666666297e-01 0.000000000000000000e+00 4.918430375584620928e-01 2.049917802969577485e-01 5.470434240170156670e-01
1.300000000000000000e+01 5.625000000000000000e-01 4.375000000000000000e-01 0.000000000000000000e+00 5.158356059286726136e-01 2.129757891088594202e-01 5.423043756836989360e-01
1.400000000000000000e+01 6.041666666666666297e-01 3.958333333333333703e-01 0.000000000000000000e+00 5.615462329477558523e-01 2.271361030233146339e-01 5.253112635730978752e-01
1.500000000000000000e+01 6.458333333333333703e-01 3.541666666666666297e-01 0.000000000000000000e+00 6.262143826790436130e-01 2.375254445121411928e-01 4.999063131319871900e-01
1.600000000000000000e+01 6.875000000000000000e-01 3.125000000000000000e-01 0.000000000000000000e+00 6.929162993143834770e-01 2.263331870543522639e-01 4.713870009677805228e-01
1.700000000000000000e+01 7.291666666666666297e-01 2.708333333333333703e-01 0.000000000000000000e+00 7.509129856558154348e-01 1.942641207122698110e-01 4.347573497131413944e-01
1.800000000000000000e+01 7.708333333333333703e-01 2.291666666666666297e-01 0.000000000000000000e+00 8.025886508233479599e-01 1.622356308325675900e-01 3.788322064245104315e-01
1.900000000000000000e+01 8.125000000000000000e-01 1.875000000000000000e-01 0.000000000000000000e+00 8.479681192435053472e-01 1.411371771865320701e-01 3.014693042733020967e-01
2.000000000000000000e+01 8.541666666666666297e-01 1.458333333333333703e-01 0.000000000000000000e+00 8.859930702777198963e-01 1.188296163133065325e-01 2.142313563263895659e-01
2.100000000000000000e+01 8.958333333333333703e-01 1.041666666666666297e-01 0.000000000000000000e+00 9.234282313368744610e-01 8.396524730646243162e-02 1.329864637623865420e-01
2.200000000000000000e+01 9.375000000000000000e-01 6.250000000000000000e-02 0.000000000000000000e+00 9.407983767797258867e-01 4.374541352138983097e-02 6.825242352114146982e-02
2.300000000000000000e+01 9.791666666666666297e-01 2.083333333333337034e-02 0.000000000000000000e+00 9.087185362779237607e-01 1.132861105944636508e-02 2.039634637608722656e-02

Residual energy after optimization is 0.00012965213543338904 C0x=0.4614571116011899 C0z=0.8774621590300482 C0xz=1.0
Optimization procedure took 83.44792103767395 seconds