### PARAMETERS OF THE TIME EVOLUTION ### 
Total time tau = 75
Timestep dt = 1
P = tau/dt = 75
Number of Fourier coefficients Nc = 75

gamma(t) = t/T*(delta_t + \sum_i^Nc gamma_i*f_i(wi, t) 
beta(t) = (1-t/T)*(delta_t + \sum_i^Nc beta_i*f_i(wi, t)

CRAB coefficient   Cz_start// Cx_start// Cxz_start // pulses//  Cz_opt // Cx_opt // Cxz_opt  
0.000000000000000000e+00 0.000000000000000000e+00 0.000000000000000000e+00 1.836384918660054710e+00 5.429706364081941850e+00 9.124638428154085545e+00 0.000000000000000000e+00
0.000000000000000000e+00 0.000000000000000000e+00 0.000000000000000000e+00 6.279847303854288576e+00 -9.662420207427819818e+00 -1.064419903510350274e+01 0.000000000000000000e+00
0.000000000000000000e+00 0.000000000000000000e+00 0.000000000000000000e+00 3.157293179068533462e+00 -8.669422048271798076e+00 -7.878253599183330458e+00 0.000000000000000000e+00
0.000000000000000000e+00 0.000000000000000000e+00 0.000000000000000000e+00 1.148080307110476594e+00 -6.650603345549370715e+00 -1.012889985116524905e+01 0.000000000000000000e+00
0.000000000000000000e+00 0.000000000000000000e+00 0.000000000000000000e+00 2.377223698418112985e+00 5.597696900257356667e+00 4.421075153428426496e+00 0.000000000000000000e+00
0.000000000000000000e+00 0.000000000000000000e+00 0.000000000000000000e+00 7.121534147314867447e+00 7.954729823674370870e+00 5.489207689962841030e+00 0.000000000000000000e+00
0.000000000000000000e+00 0.000000000000000000e+00 0.000000000000000000e+00 1.310814330263505312e+01 -1.768304918525235792e+01 1.054234222387955455e+01 0.000000000000000000e+00
0.000000000000000000e+00 0.000000000000000000e+00 0.000000000000000000e+00 3.175180048328067883e+00 -8.184094331896135444e+00 -7.044655617185556551e+00 0.000000000000000000e+00
0.000000000000000000e+00 0.000000000000000000e+00 0.000000000000000000e+00 1.348803223707912480e+01 4.792130428969664280e+01 -2.478632540225672543e+01 0.000000000000000000e+00
0.000000000000000000e+00 0.000000000000000000e+00 0.000000000000000000e+00 1.425682989848581883e+01 1.068423208319319571e+02 -4.514106211327214879e+01 0.000000000000000000e+00
0.000000000000000000e+00 0.000000000000000000e+00 0.000000000000000000e+00 2.230912224974734848e+00 9.234792889433448337e+00 1.052218625741450886e+01 0.000000000000000000e+00
0.000000000000000000e+00 0.000000000000000000e+00 0.000000000000000000e+00 2.406319420058288527e-01 9.511909035475769159e+00 1.172508604555719280e+01 0.000000000000000000e+00
0.000000000000000000e+00 0.000000000000000000e+00 0.000000000000000000e+00 4.082259058657498052e+00 4.340376879408444744e+00 -2.038494286101372843e+00 0.000000000000000000e+00
0.000000000000000000e+00 0.000000000000000000e+00 0.000000000000000000e+00 3.357560874595305833e+00 -1.702155139219878155e+00 2.412494970812553152e+00 0.000000000000000000e+00
0.000000000000000000e+00 0.000000000000000000e+00 0.000000000000000000e+00 4.940550402973614474e+00 -1.193593570369157320e+01 -8.144627696941032724e+00 0.000000000000000000e+00
0.000000000000000000e+00 0.000000000000000000e+00 0.000000000000000000e+00 4.275006421495956666e+00 -4.419219430503781965e+00 -1.402879000939223886e+01 0.000000000000000000e+00
0.000000000000000000e+00 0.000000000000000000e+00 0.000000000000000000e+00 2.363629714647112934e+01 2.558114662319115572e-03 1.224026702479436186e-02 0.000000000000000000e+00
0.000000000000000000e+00 0.000000000000000000e+00 0.000000000000000000e+00 3.793974635823256225e+00 1.031720987578073512e+01 1.156678413257772675e+01 0.000000000000000000e+00
0.000000000000000000e+00 0.000000000000000000e+00 0.000000000000000000e+00 4.839632650881945941e-01 1.271323639086751456e+01 1.498134998392068873e+01 0.000000000000000000e+00
0.000000000000000000e+00 0.000000000000000000e+00 0.000000000000000000e+00 6.803306919423653731e+00 -2.045061748330898155e+00 9.814315460877587327e+00 0.000000000000000000e+00
0.000000000000000000e+00 0.000000000000000000e+00 0.000000000000000000e+00 5.038940786439440878e+00 -7.853545246286380177e+00 -1.985192497430570358e+00 0.000000000000000000e+00
0.000000000000000000e+00 0.000000000000000000e+00 0.000000000000000000e+00 2.980450466946973354e+00 -1.124412187834776233e+01 -1.376745305352330817e+01 0.000000000000000000e+00
0.000000000000000000e+00 0.000000000000000000e+00 0.000000000000000000e+00 9.753358274848260290e-02 4.268558595903994224e+00 5.311908307800065288e+00 0.000000000000000000e+00
0.000000000000000000e+00 0.000000000000000000e+00 0.000000000000000000e+00 1.661243464675461823e+01 -8.677760267871956201e-02 8.668271842590233311e-02 0.000000000000000000e+00
0.000000000000000000e+00 0.000000000000000000e+00 0.000000000000000000e+00 1.408073800143728427e+01 -1.928714464081472357e+01 1.156494928069265704e+01 0.000000000000000000e+00
0.000000000000000000e+00 0.000000000000000000e+00 0.000000000000000000e+00 8.648565525217996708e+00 2.534259323793274454e+00 2.247458230407565427e+00 0.000000000000000000e+00
0.000000000000000000e+00 0.000000000000000000e+00 0.000000000000000000e+00 3.691806373996812773e+00 9.376952709208358883e+00 1.272295385646710919e+01 0.000000000000000000e+00
0.000000000000000000e+00 0.000000000000000000e+00 0.000000000000000000e+00 6.913438908073350930e+00 2.044076944054663780e+00 1.071763831109241849e+01 0.000000000000000000e+00
0.000000000000000000e+00 0.000000000000000000e+00 0.000000000000000000e+00 8.719848780020955203e+00 5.592745787557598547e+00 -9.231799805327231212e+00 0.000000000000000000e+00
0.000000000000000000e+00 0.000000000000000000e+00 0.000000000000000000e+00 5.200674057269401906e+00 -2.410242691390784564e-01 6.690945745883623452e+00 0.000000000000000000e+00
0.000000000000000000e+00 0.000000000000000000e+00 0.000000000000000000e+00 1.660850858106088568e+00 -5.998379121138548431e-01 1.380067475580059488e+00 0.000000000000000000e+00
0.000000000000000000e+00 0.000000000000000000e+00 0.000000000000000000e+00 2.077696626663614055e+01 3.901951810338108971e-03 -1.427873316493506826e-03 0.000000000000000000e+00
0.000000000000000000e+00 0.000000000000000000e+00 0.000000000000000000e+00 8.430734077551981898e+00 -6.025261773197973625e+00 2.403986914146407372e+01 0.000000000000000000e+00
0.000000000000000000e+00 0.000000000000000000e+00 0.000000000000000000e+00 5.833625220671960321e+00 5.647140951108375440e+00 -2.837780646477628732e+00 0.000000000000000000e+00
0.000000000000000000e+00 0.000000000000000000e+00 0.000000000000000000e+00 7.851901877183862233e+00 -6.287852295840640870e+00 -5.158866407134723886e+00 0.000000000000000000e+00
0.000000000000000000e+00 0.000000000000000000e+00 0.000000000000000000e+00 1.007466394238924146e+01 -1.067925843050268497e+01 2.768543848522296713e+01 0.000000000000000000e+00
0.000000000000000000e+00 0.000000000000000000e+00 0.000000000000000000e+00 2.499949437039152400e+00 1.149514310750579638e+00 -1.953609672686803078e+00 0.000000000000000000e+00
0.000000000000000000e+00 0.000000000000000000e+00 0.000000000000000000e+00 5.554128380132813625e+00 1.007932816206854199e+01 9.207856129902328490e+00 0.000000000000000000e+00
0.000000000000000000e+00 0.000000000000000000e+00 0.000000000000000000e+00 5.305071591428763611e+00 4.275801662753114130e+00 1.014753603998370224e+01 0.000000000000000000e+00
0.000000000000000000e+00 0.000000000000000000e+00 0.000000000000000000e+00 1.435563342550703947e+00 -6.960387940342739554e+00 -8.194740335866264047e+00 0.000000000000000000e+00
0.000000000000000000e+00 0.000000000000000000e+00 0.000000000000000000e+00 1.447239162441726990e+01 -1.037920668557492689e+02 4.495777107754027213e+01 0.000000000000000000e+00
0.000000000000000000e+00 0.000000000000000000e+00 0.000000000000000000e+00 3.775231891720750022e-01 1.236565342094987230e+01 1.495628659186762555e+01 0.000000000000000000e+00
0.000000000000000000e+00 0.000000000000000000e+00 0.000000000000000000e+00 1.397152044645143221e+01 -9.144528499286428769e+01 3.966393444208330266e+01 0.000000000000000000e+00
0.000000000000000000e+00 0.000000000000000000e+00 0.000000000000000000e+00 1.783333242945276620e+00 3.697231893603894370e+00 7.023742622919684209e+00 0.000000000000000000e+00
0.000000000000000000e+00 0.000000000000000000e+00 0.000000000000000000e+00 7.737600073894661534e+00 -2.425727762589919845e+00 -1.134096980378114594e+01 0.000000000000000000e+00
0.000000000000000000e+00 0.000000000000000000e+00 0.000000000000000000e+00 1.876423063264734514e+00 6.619447394033256771e+00 1.048828852247953058e+01 0.000000000000000000e+00
0.000000000000000000e+00 0.000000000000000000e+00 0.000000000000000000e+00 5.963999870523576163e+00 8.203234268437520349e-01 -8.383213372613671055e+00 0.000000000000000000e+00
0.000000000000000000e+00 0.000000000000000000e+00 0.000000000000000000e+00 1.380913509375585990e+00 -7.756980320433664922e+00 -9.685545675829542844e+00 0.000000000000000000e+00
0.000000000000000000e+00 0.000000000000000000e+00 0.000000000000000000e+00 2.351788508061765537e+00 6.390665142212993644e+00 5.650454287621185401e+00 0.000000000000000000e+00
0.000000000000000000e+00 0.000000000000000000e+00 0.000000000000000000e+00 1.016997178237869726e+01 1.023246237892153587e+01 -2.153855143637561298e+01 0.000000000000000000e+00
0.000000000000000000e+00 0.000000000000000000e+00 0.000000000000000000e+00 9.582072026648141616e+00 -2.037836757558069589e+00 -7.249671873355585383e+00 0.000000000000000000e+00
0.000000000000000000e+00 0.000000000000000000e+00 0.000000000000000000e+00 7.937412376042172646e+00 -8.631056542673736232e+00 1.271368097572888489e+00 0.000000000000000000e+00
0.000000000000000000e+00 0.000000000000000000e+00 0.000000000000000000e+00 3.725004403629698757e+00 9.856601292688859317e+00 1.259927332390788735e+01 0.000000000000000000e+00
0.000000000000000000e+00 0.000000000000000000e+00 0.000000000000000000e+00 1.246428565612475658e+01 1.114363374281031938e+00 -9.694543453885697826e-01 0.000000000000000000e+00
0.000000000000000000e+00 0.000000000000000000e+00 0.000000000000000000e+00 6.201875409903733427e+00 -7.812581506126627495e+00 -1.188475316805434190e+01 0.000000000000000000e+00
0.000000000000000000e+00 0.000000000000000000e+00 0.000000000000000000e+00 5.518109480830542424e+00 9.805202197544362619e+00 1.012282331942350488e+01 0.000000000000000000e+00
0.000000000000000000e+00 0.000000000000000000e+00 0.000000000000000000e+00 2.495484916843576872e+00 1.323295586010319491e+00 -1.718204191438738482e+00 0.000000000000000000e+00
0.000000000000000000e+00 0.000000000000000000e+00 0.000000000000000000e+00 1.518273952490513068e+01 3.277009630777484972e+00 -1.177800762440464721e+00 0.000000000000000000e+00
0.000000000000000000e+00 0.000000000000000000e+00 0.000000000000000000e+00 7.458195443193394780e+00 6.750622059893002458e+00 -1.116323891761969200e+01 0.000000000000000000e+00
0.000000000000000000e+00 0.000000000000000000e+00 0.000000000000000000e+00 8.693121680346473923e+00 4.450470534926423305e+00 -4.749892993396002794e+00 0.000000000000000000e+00
0.000000000000000000e+00 0.000000000000000000e+00 0.000000000000000000e+00 5.791451305951032857e+00 6.952092244419754152e+00 -8.004955742049210121e-01 0.000000000000000000e+00
0.000000000000000000e+00 0.000000000000000000e+00 0.000000000000000000e+00 6.637586067385403688e+00 -7.648673420200500672e+00 4.302759915488649334e+00 0.000000000000000000e+00
0.000000000000000000e+00 0.000000000000000000e+00 0.000000000000000000e+00 3.251867819523495129e+00 -5.739418515609947313e+00 -3.180960131961931836e+00 0.000000000000000000e+00
0.000000000000000000e+00 0.000000000000000000e+00 0.000000000000000000e+00 1.367193044202274388e+00 -7.896927665807768726e+00 -9.984614011682641177e+00 0.000000000000000000e+00
0.000000000000000000e+00 0.000000000000000000e+00 0.000000000000000000e+00 1.437936430406263888e+01 7.300031073797127590e+01 -3.452764157507503029e+01 0.000000000000000000e+00
0.000000000000000000e+00 0.000000000000000000e+00 0.000000000000000000e+00 5.347460642189540536e+00 5.843812562720539283e+00 1.092029214922571967e+01 0.000000000000000000e+00
0.000000000000000000e+00 0.000000000000000000e+00 0.000000000000000000e+00 2.851312246968221498e+00 -1.028125102036930727e+01 -1.447859570934625317e+01 0.000000000000000000e+00
0.000000000000000000e+00 0.000000000000000000e+00 0.000000000000000000e+00 3.439655167859593465e+00 1.610448090263240761e+00 6.430670902483624829e+00 0.000000000000000000e+00
0.000000000000000000e+00 0.000000000000000000e+00 0.000000000000000000e+00 3.970558697145598614e+00 8.057080060995428283e+00 4.607138719251087089e+00 0.000000000000000000e+00
0.000000000000000000e+00 0.000000000000000000e+00 0.000000000000000000e+00 7.292631982908548416e+00 9.178472800982792279e+00 -3.303473396161620723e+00 0.000000000000000000e+00
0.000000000000000000e+00 0.000000000000000000e+00 0.000000000000000000e+00 2.472008469065035019e+00 2.227490313234237185e+00 -4.763733886133603157e-01 0.000000000000000000e+00
0.000000000000000000e+00 0.000000000000000000e+00 0.000000000000000000e+00 6.943429398177269896e+00 3.099607195676270965e+00 1.050912488532267552e+01 0.000000000000000000e+00
0.000000000000000000e+00 0.000000000000000000e+00 0.000000000000000000e+00 4.657064268495290094e+00 -1.671791548974916353e+01 -2.154087283778901352e+01 0.000000000000000000e+00
0.000000000000000000e+00 0.000000000000000000e+00 0.000000000000000000e+00 1.169271183256915370e+00 -7.052067563525522331e+00 -1.050254019219990731e+01 0.000000000000000000e+00
0.000000000000000000e+00 0.000000000000000000e+00 0.000000000000000000e+00 6.265708903923165707e+00 -9.381568298611766110e+00 -1.095383537398458884e+01 0.000000000000000000e+00

Amplitudes vs time: t // theta_tt_old // theta_mt_old // alpha_cdt_old// theta_tt_opt // theta_mt_opt// alpha_cdt_opt  
0.000000000000000000e+00 6.666666666666667095e-03 9.933333333333332904e-01 0.000000000000000000e+00 1.355724703259715558e-01 7.524164581275010200e-01 0.000000000000000000e+00
1.000000000000000000e+00 2.000000000000000042e-02 9.799999999999999822e-01 0.000000000000000000e+00 3.631721871541822022e-01 7.319775945105780890e-01 0.000000000000000000e+00
2.000000000000000000e+00 3.333333333333333287e-02 9.666666666666666741e-01 0.000000000000000000e+00 5.141421709047723221e-01 7.241655142529441758e-01 0.000000000000000000e+00
3.000000000000000000e+00 4.666666666666666879e-02 9.533333333333333659e-01 0.000000000000000000e+00 6.021976940913014165e-01 7.203328969009878957e-01 0.000000000000000000e+00
4.000000000000000000e+00 5.999999999999999778e-02 9.399999999999999467e-01 0.000000000000000000e+00 6.526276426881740811e-01 7.145050687863516714e-01 0.000000000000000000e+00
5.000000000000000000e+00 7.333333333333333370e-02 9.266666666666666385e-01 0.000000000000000000e+00 6.833989941609135421e-01 7.055685754644525076e-01 0.000000000000000000e+00
6.000000000000000000e+00 8.666666666666666963e-02 9.133333333333333304e-01 0.000000000000000000e+00 7.013233194934941350e-01 6.931131185965890840e-01 0.000000000000000000e+00
7.000000000000000000e+00 1.000000000000000056e-01 9.000000000000000222e-01 0.000000000000000000e+00 7.073308994401599215e-01 6.769087251374840131e-01 0.000000000000000000e+00
8.000000000000000000e+00 1.133333333333333276e-01 8.866666666666667140e-01 0.000000000000000000e+00 7.032105969148000346e-01 6.588837228438944038e-01 0.000000000000000000e+00
9.000000000000000000e+00 1.266666666666666774e-01 8.733333333333332948e-01 0.000000000000000000e+00 6.945776236025312800e-01 6.428793589385282115e-01 0.000000000000000000e+00
1.000000000000000000e+01 1.400000000000000133e-01 8.599999999999999867e-01 0.000000000000000000e+00 6.890727298545763491e-01 6.311702364240907581e-01 0.000000000000000000e+00
1.100000000000000000e+01 1.533333333333333215e-01 8.466666666666666785e-01 0.000000000000000000e+00 6.922608481367005240e-01 6.215065888127344618e-01 0.000000000000000000e+00
1.200000000000000000e+01 1.666666666666666574e-01 8.333333333333333703e-01 0.000000000000000000e+00 7.047182728638761162e-01 6.085949716206091598e-01 0.000000000000000000e+00
1.300000000000000000e+01 1.799999999999999933e-01 8.200000000000000622e-01 0.000000000000000000e+00 7.223516940441950807e-01 5.894181515677754390e-01 0.000000000000000000e+00
1.400000000000000000e+01 1.933333333333333293e-01 8.066666666666666430e-01 0.000000000000000000e+00 7.394648238366815507e-01 5.674385311774345908e-01 0.000000000000000000e+00
1.500000000000000000e+01 2.066666666666666652e-01 7.933333333333333348e-01 0.000000000000000000e+00 7.522768889119707536e-01 5.511433154043762217e-01 0.000000000000000000e+00
1.600000000000000000e+01 2.200000000000000011e-01 7.800000000000000266e-01 0.000000000000000000e+00 7.605719366165231143e-01 5.474324180451736188e-01 0.000000000000000000e+00
1.700000000000000000e+01 2.333333333333333370e-01 7.666666666666666075e-01 0.000000000000000000e+00 7.666834493663658989e-01 5.553292873394128915e-01 0.000000000000000000e+00
1.800000000000000000e+01 2.466666666666666730e-01 7.533333333333332993e-01 0.000000000000000000e+00 7.728743151708254988e-01 5.656696531870563094e-01 0.000000000000000000e+00
1.900000000000000000e+01 2.600000000000000089e-01 7.399999999999999911e-01 0.000000000000000000e+00 7.790866967929304110e-01 5.674684686391154864e-01 0.000000000000000000e+00
2.000000000000000000e+01 2.733333333333333171e-01 7.266666666666666829e-01 0.000000000000000000e+00 7.825459570814214949e-01 5.559664851992753842e-01 0.000000000000000000e+00
2.100000000000000000e+01 2.866666666666666807e-01 7.133333333333333748e-01 0.000000000000000000e+00 7.793417909022799517e-01 5.359677465595791279e-01 0.000000000000000000e+00
2.200000000000000000e+01 2.999999999999999889e-01 6.999999999999999556e-01 0.000000000000000000e+00 7.668826291613988211e-01 5.181375346079762911e-01 0.000000000000000000e+00
2.300000000000000000e+01 3.133333333333333526e-01 6.866666666666666474e-01 0.000000000000000000e+00 7.457388535658426854e-01 5.117287838861387383e-01 0.000000000000000000e+00
2.400000000000000000e+01 3.266666666666666607e-01 6.733333333333333393e-01 0.000000000000000000e+00 7.198765180026267529e-01 5.196493325564045529e-01 0.000000000000000000e+00
2.500000000000000000e+01 3.400000000000000244e-01 6.599999999999999201e-01 0.000000000000000000e+00 6.951493559484710483e-01 5.389920777201864244e-01 0.000000000000000000e+00
2.600000000000000000e+01 3.533333333333333326e-01 6.466666666666667229e-01 0.000000000000000000e+00 6.766606260153742447e-01 5.650039440892531406e-01 0.000000000000000000e+00
2.700000000000000000e+01 3.666666666666666408e-01 6.333333333333333037e-01 0.000000000000000000e+00 6.660300077679472963e-01 5.937966439434807508e-01 0.000000000000000000e+00
2.800000000000000000e+01 3.800000000000000044e-01 6.199999999999999956e-01 0.000000000000000000e+00 6.597345582441132006e-01 6.212038350494588634e-01 0.000000000000000000e+00
2.900000000000000000e+01 3.933333333333333126e-01 6.066666666666666874e-01 0.000000000000000000e+00 6.495240844760574728e-01 6.398132962369112997e-01 0.000000000000000000e+00
3.000000000000000000e+01 4.066666666666666763e-01 5.933333333333332682e-01 0.000000000000000000e+00 6.252990067542839592e-01 6.387499531429671196e-01 0.000000000000000000e+00
3.100000000000000000e+01 4.199999999999999845e-01 5.800000000000000711e-01 0.000000000000000000e+00 5.797540830665269818e-01 6.086352855813278451e-01 0.000000000000000000e+00
3.200000000000000000e+01 4.333333333333333481e-01 5.666666666666666519e-01 0.000000000000000000e+00 5.129211591285024463e-01 5.491109283349794312e-01 0.000000000000000000e+00
3.300000000000000000e+01 4.466666666666666563e-01 5.533333333333333437e-01 0.000000000000000000e+00 4.342446930973984376e-01 4.729994431870395699e-01 0.000000000000000000e+00
3.400000000000000000e+01 4.600000000000000200e-01 5.400000000000000355e-01 0.000000000000000000e+00 3.606088104508082814e-01 4.028099469034176483e-01 0.000000000000000000e+00
3.500000000000000000e+01 4.733333333333333282e-01 5.266666666666666163e-01 0.000000000000000000e+00 3.106673104856080836e-01 3.607911494345649173e-01 0.000000000000000000e+00
3.600000000000000000e+01 4.866666666666666918e-01 5.133333333333333082e-01 0.000000000000000000e+00 2.978895333554215652e-01 3.586110538704502249e-01 0.000000000000000000e+00
3.700000000000000000e+01 5.000000000000000000e-01 5.000000000000000000e-01 0.000000000000000000e+00 3.256127471471395030e-01 3.930291109997402499e-01 0.000000000000000000e+00
3.800000000000000000e+01 5.133333333333333082e-01 4.866666666666666918e-01 0.000000000000000000e+00 3.864169431874806548e-01 4.495245811885336673e-01 0.000000000000000000e+00
3.900000000000000000e+01 5.266666666666666163e-01 4.733333333333333837e-01 0.000000000000000000e+00 4.658401917397372860e-01 5.104529070437771043e-01 0.000000000000000000e+00
4.000000000000000000e+01 5.400000000000000355e-01 4.599999999999999645e-01 0.000000000000000000e+00 5.482469879776674659e-01 5.621142393683375982e-01 0.000000000000000000e+00
4.100000000000000000e+01 5.533333333333333437e-01 4.466666666666666563e-01 0.000000000000000000e+00 6.218678063893439134e-01 5.973214430097451011e-01 0.000000000000000000e+00
4.200000000000000000e+01 5.666666666666666519e-01 4.333333333333333481e-01 0.000000000000000000e+00 6.809681873234253446e-01 6.141534837088050702e-01 0.000000000000000000e+00
4.300000000000000000e+01 5.799999999999999600e-01 4.200000000000000400e-01 0.000000000000000000e+00 7.249694583144190574e-01 6.139214343086465409e-01 0.000000000000000000e+00
4.400000000000000000e+01 5.933333333333333792e-01 4.066666666666666208e-01 0.000000000000000000e+00 7.558731266579324926e-01 6.004146021673045786e-01 0.000000000000000000e+00
4.500000000000000000e+01 6.066666666666666874e-01 3.933333333333333126e-01 0.000000000000000000e+00 7.757488693102531085e-01 5.798725235605248773e-01 0.000000000000000000e+00
4.600000000000000000e+01 6.199999999999999956e-01 3.800000000000000044e-01 0.000000000000000000e+00 7.854372556685368378e-01 5.597821201740759145e-01 0.000000000000000000e+00
4.700000000000000000e+01 6.333333333333333037e-01 3.666666666666666963e-01 0.000000000000000000e+00 7.846799132037040048e-01 5.458666196002788240e-01 0.000000000000000000e+00
4.800000000000000000e+01 6.466666666666666119e-01 3.533333333333333881e-01 0.000000000000000000e+00 7.732307864396679165e-01 5.390765930316627763e-01 0.000000000000000000e+00
4.900000000000000000e+01 6.600000000000000311e-01 3.399999999999999689e-01 0.000000000000000000e+00 7.522597802994736016e-01 5.353330547644858939e-01 0.000000000000000000e+00
5.000000000000000000e+01 6.733333333333333393e-01 3.266666666666666607e-01 0.000000000000000000e+00 7.253423181265487019e-01 5.289603318423711231e-01 0.000000000000000000e+00
5.100000000000000000e+01 6.866666666666666474e-01 3.133333333333333526e-01 0.000000000000000000e+00 6.984150348083308923e-01 5.176276638816732500e-01 0.000000000000000000e+00
5.200000000000000000e+01 6.999999999999999556e-01 3.000000000000000444e-01 0.000000000000000000e+00 6.783903321095249295e-01 5.050204579700796614e-01 0.000000000000000000e+00
5.300000000000000000e+01 7.133333333333333748e-01 2.866666666666666252e-01 0.000000000000000000e+00 6.707768940891942755e-01 4.989737640018289122e-01 0.000000000000000000e+00
5.400000000000000000e+01 7.266666666666666829e-01 2.733333333333333171e-01 0.000000000000000000e+00 6.774074821635481802e-01 5.062820685492173123e-01 0.000000000000000000e+00
5.500000000000000000e+01 7.399999999999999911e-01 2.600000000000000089e-01 0.000000000000000000e+00 6.956429706826752213e-01 5.279684115994186522e-01 0.000000000000000000e+00
5.600000000000000000e+01 7.533333333333332993e-01 2.466666666666667007e-01 0.000000000000000000e+00 7.197620565148863392e-01 5.583545679638824977e-01 0.000000000000000000e+00
5.700000000000000000e+01 7.666666666666667185e-01 2.333333333333332815e-01 0.000000000000000000e+00 7.439020737345036771e-01 5.882886539747130827e-01 0.000000000000000000e+00
5.800000000000000000e+01 7.800000000000000266e-01 2.199999999999999734e-01 0.000000000000000000e+00 7.648122385704020365e-01 6.098805924386000443e-01 0.000000000000000000e+00
5.900000000000000000e+01 7.933333333333333348e-01 2.066666666666666652e-01 0.000000000000000000e+00 7.827402917165767748e-01 6.194149108132779302e-01 0.000000000000000000e+00
6.000000000000000000e+01 8.066666666666666430e-01 1.933333333333333570e-01 0.000000000000000000e+00 8.000862995739048689e-01 6.169979767276047022e-01 0.000000000000000000e+00
6.100000000000000000e+01 8.199999999999999512e-01 1.800000000000000488e-01 0.000000000000000000e+00 8.190683834411469633e-01 6.041131643017257913e-01 0.000000000000000000e+00
6.200000000000000000e+01 8.333333333333333703e-01 1.666666666666666297e-01 0.000000000000000000e+00 8.402648316278168439e-01 5.814497020467457311e-01 0.000000000000000000e+00
6.300000000000000000e+01 8.466666666666666785e-01 1.533333333333333215e-01 0.000000000000000000e+00 8.629956133069353053e-01 5.484947435491972501e-01 0.000000000000000000e+00
6.400000000000000000e+01 8.599999999999999867e-01 1.400000000000000133e-01 0.000000000000000000e+00 8.868342363242173176e-01 5.045933895906675737e-01 0.000000000000000000e+00
6.500000000000000000e+01 8.733333333333332948e-01 1.266666666666667052e-01 0.000000000000000000e+00 9.125473937257346790e-01 4.501563776133971628e-01 0.000000000000000000e+00
6.600000000000000000e+01 8.866666666666667140e-01 1.133333333333332860e-01 0.000000000000000000e+00 9.413440849547597411e-01 3.870738716114310307e-01 0.000000000000000000e+00
6.700000000000000000e+01 9.000000000000000222e-01 9.999999999999997780e-02 0.000000000000000000e+00 9.729919549964253234e-01 3.184292908609498984e-01 0.000000000000000000e+00
6.800000000000000000e+01 9.133333333333333304e-01 8.666666666666666963e-02 0.000000000000000000e+00 1.004619532790540504e+00 2.481293277280021692e-01 0.000000000000000000e+00
6.900000000000000000e+01 9.266666666666666385e-01 7.333333333333336146e-02 0.000000000000000000e+00 1.031652437459621874e+00 1.806916299309453411e-01 0.000000000000000000e+00
7.000000000000000000e+01 9.399999999999999467e-01 6.000000000000005329e-02 0.000000000000000000e+00 1.050532229284697028e+00 1.208193566759951931e-01 0.000000000000000000e+00
7.100000000000000000e+01 9.533333333333333659e-01 4.666666666666663410e-02 0.000000000000000000e+00 1.061170501377729281e+00 7.240230517320432602e-02 0.000000000000000000e+00
7.200000000000000000e+01 9.666666666666666741e-01 3.333333333333332593e-02 0.000000000000000000e+00 1.067057651199489143e+00 3.729515329857673034e-02 0.000000000000000000e+00
7.300000000000000000e+01 9.799999999999999822e-01 2.000000000000001776e-02 0.000000000000000000e+00 1.072753493915918455e+00 1.483658641225152341e-02 0.000000000000000000e+00
7.400000000000000000e+01 9.933333333333332904e-01 6.666666666666709595e-03 0.000000000000000000e+00 1.080679499564071167e+00 2.783514922174845554e-03 0.000000000000000000e+00

Residual energy after optimization is 0.00016629950441475903 C0x=0.2661261431415552 C0z=1.0852655554037214 C0xz=1.0
Optimization procedure took 296.0634911060333 seconds