### PARAMETERS OF THE TIME EVOLUTION ### 
Total time tau = 15
Timestep dt = 1
P = tau/dt = 15
Number of Fourier coefficients Nc = 15

gamma(t) = t/T*(delta_t + \sum_i^Nc gamma_i*f_i(wi, t) 
beta(t) = (1-t/T)*(delta_t + \sum_i^Nc beta_i*f_i(wi, t)

CRAB coefficient   Cz_start// Cx_start// Cxz_start // pulses//  Cz_opt // Cx_opt // Cxz_opt  
0.000000000000000000e+00 0.000000000000000000e+00 0.000000000000000000e+00 1.548904121871718154e+01 -7.918691888621260180e-03 3.846749466365009251e-01 0.000000000000000000e+00
0.000000000000000000e+00 0.000000000000000000e+00 0.000000000000000000e+00 2.230762330052196152e-01 -1.514685014522330064e+01 9.150722243560505120e-01 0.000000000000000000e+00
0.000000000000000000e+00 0.000000000000000000e+00 0.000000000000000000e+00 1.185155442004445270e+01 2.809001462501392599e-02 -9.697615660634124890e-02 0.000000000000000000e+00
0.000000000000000000e+00 0.000000000000000000e+00 0.000000000000000000e+00 8.941894563696457965e+00 -5.415666457029892022e+00 1.140465786431205553e+00 0.000000000000000000e+00
0.000000000000000000e+00 0.000000000000000000e+00 0.000000000000000000e+00 4.368181997000575301e+00 -6.948294492474149653e-02 3.461149206717448745e-01 0.000000000000000000e+00
0.000000000000000000e+00 0.000000000000000000e+00 0.000000000000000000e+00 1.222272424680801350e+01 -2.806279992224515810e-02 2.321393995483915229e-01 0.000000000000000000e+00
0.000000000000000000e+00 0.000000000000000000e+00 0.000000000000000000e+00 8.861067336207311129e+00 4.625650537645583427e+00 -2.547602511540977943e+00 0.000000000000000000e+00
0.000000000000000000e+00 0.000000000000000000e+00 0.000000000000000000e+00 1.000453931643440342e+01 -1.335863756938606706e-01 -3.304545022504727925e-01 0.000000000000000000e+00
0.000000000000000000e+00 0.000000000000000000e+00 0.000000000000000000e+00 8.150623858291796253e+00 -1.586908939609923130e-01 5.988486826977477140e-01 0.000000000000000000e+00
0.000000000000000000e+00 0.000000000000000000e+00 0.000000000000000000e+00 9.305865623518624119e+00 1.054100720684394421e+00 1.285978791379379427e+00 0.000000000000000000e+00
0.000000000000000000e+00 0.000000000000000000e+00 0.000000000000000000e+00 2.343577432595222998e+00 -9.062271062000252897e+00 5.155039837088262189e+00 0.000000000000000000e+00
0.000000000000000000e+00 0.000000000000000000e+00 0.000000000000000000e+00 4.707499965516042550e+00 3.191060427211940553e-02 -9.046987770453802924e-02 0.000000000000000000e+00
0.000000000000000000e+00 0.000000000000000000e+00 0.000000000000000000e+00 2.373428025396811858e+00 8.699694676522611303e+00 -4.418458593840496995e+00 0.000000000000000000e+00
0.000000000000000000e+00 0.000000000000000000e+00 0.000000000000000000e+00 7.441135417821720388e-01 5.023850893060648026e+00 4.840859229551330856e+00 0.000000000000000000e+00
0.000000000000000000e+00 0.000000000000000000e+00 0.000000000000000000e+00 1.574269129623357699e+01 4.930188990399688755e-03 -3.821004064492632968e-01 0.000000000000000000e+00

Amplitudes vs time: t // theta_tt_old // theta_mt_old // alpha_cdt_old// theta_tt_opt // theta_mt_opt// alpha_cdt_opt  
0.000000000000000000e+00 3.333333333333333287e-02 9.666666666666666741e-01 0.000000000000000000e+00 2.106722565577058559e-01 2.326059628306235361e+00 0.000000000000000000e+00
1.000000000000000000e+00 1.000000000000000056e-01 9.000000000000000222e-01 0.000000000000000000e+00 4.793114492736261778e-01 7.432823803250059314e-01 0.000000000000000000e+00
2.000000000000000000e+00 1.666666666666666574e-01 8.333333333333333703e-01 0.000000000000000000e+00 5.992596878462904675e-01 7.373397630823790294e-01 0.000000000000000000e+00
3.000000000000000000e+00 2.333333333333333370e-01 7.666666666666666075e-01 0.000000000000000000e+00 6.597520195915694829e-01 2.303629293820453672e+00 0.000000000000000000e+00
4.000000000000000000e+00 2.999999999999999889e-01 6.999999999999999556e-01 0.000000000000000000e+00 6.949131957437817420e-01 7.281284826606979621e-01 0.000000000000000000e+00
5.000000000000000000e+00 3.666666666666666408e-01 6.333333333333333037e-01 0.000000000000000000e+00 7.174179597765505401e-01 7.226253997135398954e-01 0.000000000000000000e+00
6.000000000000000000e+00 4.333333333333333481e-01 5.666666666666666519e-01 0.000000000000000000e+00 7.327273053148548598e-01 7.157970639205055718e-01 0.000000000000000000e+00
7.000000000000000000e+00 5.000000000000000000e-01 5.000000000000000000e-01 0.000000000000000000e+00 7.435489314404056804e-01 7.068872522409130887e-01 0.000000000000000000e+00
8.000000000000000000e+00 5.666666666666666519e-01 4.333333333333333481e-01 0.000000000000000000e+00 7.514994036560616042e-01 6.947721728825619891e-01 0.000000000000000000e+00
9.000000000000000000e+00 6.333333333333333037e-01 3.666666666666666963e-01 0.000000000000000000e+00 7.575516875855641263e-01 6.776581586141623426e-01 0.000000000000000000e+00
1.000000000000000000e+01 6.999999999999999556e-01 3.000000000000000444e-01 0.000000000000000000e+00 7.625820500860333029e-01 6.519430641654877512e-01 0.000000000000000000e+00
1.100000000000000000e+01 7.666666666666667185e-01 2.333333333333332815e-01 0.000000000000000000e+00 7.675881308432699335e-01 6.109998007249981544e-01 0.000000000000000000e+00
1.200000000000000000e+01 8.333333333333333703e-01 1.666666666666666297e-01 0.000000000000000000e+00 7.737407198144594656e-01 5.407997176771548453e-01 0.000000000000000000e+00
1.300000000000000000e+01 9.000000000000000222e-01 9.999999999999997780e-02 0.000000000000000000e+00 7.820596758295804696e-01 4.113292751553530024e-01 0.000000000000000000e+00
1.400000000000000000e+01 9.666666666666666741e-01 3.333333333333332593e-02 0.000000000000000000e+00 7.907752009404309668e-01 1.692896904082750453e-01 0.000000000000000000e+00

Residual energy after optimization is 0.031109631595804974 C0x=5.994976355923881 C0z=0.7519491948131323 C0xz=1.0
Optimization procedure took 70.37850952148438 seconds