### PARAMETERS OF THE TIME EVOLUTION ### 
Total time tau = 24
Timestep dt = 1
P = tau/dt = 24
Number of Fourier coefficients Nc = 24

gamma(t) = t/T*(delta_t + \sum_i^Nc gamma_i*f_i(wi, t) 
beta(t) = (1-t/T)*(delta_t + \sum_i^Nc beta_i*f_i(wi, t)

CRAB coefficient   Cz_start// Cx_start// Cxz_start // pulses//  Cz_opt // Cx_opt // Cxz_opt  
0.000000000000000000e+00 0.000000000000000000e+00 0.000000000000000000e+00 7.459018462011142603e+00 -5.913450880637001461e+01 7.261005270985184268e+01 5.568985942085165419e+01
0.000000000000000000e+00 0.000000000000000000e+00 0.000000000000000000e+00 7.202463870047466798e+00 9.057532907692829838e+01 -1.114757044039242402e+02 -9.395761530282231888e+01
0.000000000000000000e+00 0.000000000000000000e+00 0.000000000000000000e+00 1.229617378445894893e+01 -4.227289313677509708e-03 8.771863056867942182e-03 6.786146185057774505e-03
0.000000000000000000e+00 0.000000000000000000e+00 0.000000000000000000e+00 7.521282277989727039e-01 1.023085611704205533e+00 1.503618592162834444e+00 3.907747861861756711e+00
0.000000000000000000e+00 0.000000000000000000e+00 0.000000000000000000e+00 1.120862373932235734e+01 -1.451048650296114404e-03 4.551810327877335582e-02 -2.541678318282095898e-03
0.000000000000000000e+00 0.000000000000000000e+00 0.000000000000000000e+00 1.018739127010002399e+01 4.003021023295900288e-02 -7.676954120747411792e-02 -2.185756324119587229e-02
0.000000000000000000e+00 0.000000000000000000e+00 0.000000000000000000e+00 4.213123562749271578e+00 2.353868265562007522e+01 -1.826387907368085450e+01 -2.789112722099557828e+01
0.000000000000000000e+00 0.000000000000000000e+00 0.000000000000000000e+00 3.961508109302473546e+00 -6.047794711702962900e+00 3.149792760044244133e+01 5.341182845551012548e+01
0.000000000000000000e+00 0.000000000000000000e+00 0.000000000000000000e+00 1.734275114364009385e+00 -1.916413942782006430e+01 1.287377042209755373e+01 2.218659627705708814e+01
0.000000000000000000e+00 0.000000000000000000e+00 0.000000000000000000e+00 3.148477020434538787e+01 1.428571660330670142e-03 3.556394315731532547e-03 -4.227238572018765495e-04
0.000000000000000000e+00 0.000000000000000000e+00 0.000000000000000000e+00 4.790015638458698710e+00 -1.935331927207392155e+01 6.997645066808313885e+00 9.504996606848397533e+00
0.000000000000000000e+00 0.000000000000000000e+00 0.000000000000000000e+00 6.182405081463412166e+00 7.107997957025994573e+00 -1.583189983860313710e+01 -1.722663370535168781e+01
0.000000000000000000e+00 0.000000000000000000e+00 0.000000000000000000e+00 2.205235522398667491e+00 1.619381707084879096e+01 -5.962086332127731758e+00 -7.677783831909215095e+00
0.000000000000000000e+00 0.000000000000000000e+00 0.000000000000000000e+00 5.112578508749469286e+00 2.099555171548460919e+01 2.124232748980560359e+00 3.809000184600154437e+00
0.000000000000000000e+00 0.000000000000000000e+00 0.000000000000000000e+00 7.895839211462980956e+00 8.324477037300640703e+00 -9.702451606847885657e+00 -6.486356984133182735e+00
0.000000000000000000e+00 0.000000000000000000e+00 0.000000000000000000e+00 8.643382313808907202e-01 1.635783878569965566e+01 -2.588952579218500105e+01 -5.086170988516656877e+01
0.000000000000000000e+00 0.000000000000000000e+00 0.000000000000000000e+00 1.389439911779564163e+01 -1.928317003655102184e-03 -1.976063902955885101e-03 2.456304896945810893e-03
0.000000000000000000e+00 0.000000000000000000e+00 0.000000000000000000e+00 7.393143541619509485e+00 5.151461482624130284e+00 -9.509039816501172027e+00 -6.405862845868349531e+00
0.000000000000000000e+00 0.000000000000000000e+00 0.000000000000000000e+00 6.919605022177180764e+00 -5.160420503936420999e+01 6.917633298920119955e+01 6.293419967699533402e+01
0.000000000000000000e+00 0.000000000000000000e+00 0.000000000000000000e+00 4.881083362269004411e+00 -2.060462526699429731e+01 1.703719515332305789e+01 2.438820186430675818e+01
0.000000000000000000e+00 0.000000000000000000e+00 0.000000000000000000e+00 9.470055244925848825e+00 -1.774404901059334350e-01 2.296134990201027792e-01 7.269908987836228020e-02
0.000000000000000000e+00 0.000000000000000000e+00 0.000000000000000000e+00 2.380482621086919826e-01 -2.595912920251137734e+01 4.475858132339031670e+01 9.023253015500672802e+01
0.000000000000000000e+00 0.000000000000000000e+00 0.000000000000000000e+00 4.555698859170955295e+00 6.965573552653283151e+00 -2.741717064171522011e+01 -4.267079982784449754e+01
0.000000000000000000e+00 0.000000000000000000e+00 0.000000000000000000e+00 3.406518806362955676e+00 -9.885142394192213189e+00 -8.426369009163066082e+00 -1.642564178511305784e+01

Amplitudes vs time: t // theta_tt_old // theta_mt_old // alpha_cdt_old// theta_tt_opt // theta_mt_opt// alpha_cdt_opt  
0.000000000000000000e+00 2.083333333333333218e-02 9.791666666666666297e-01 0.000000000000000000e+00 -4.612003058753036400e-02 1.162552894896068389e+00 2.792215452184194646e-01
1.000000000000000000e+00 6.250000000000000000e-02 9.375000000000000000e-01 0.000000000000000000e+00 1.087365004727376405e-01 6.836694794532310882e-01 5.975234778992017937e-01
2.000000000000000000e+00 1.041666666666666713e-01 8.958333333333333703e-01 0.000000000000000000e+00 2.598116410632193563e-01 5.267517115937917493e-01 6.139832761610648504e-01
3.000000000000000000e+00 1.458333333333333426e-01 8.541666666666666297e-01 0.000000000000000000e+00 3.340126278029215690e-01 4.228214833383797666e-01 6.300116138250047015e-01
4.000000000000000000e+00 1.875000000000000000e-01 8.125000000000000000e-01 0.000000000000000000e+00 3.646619201038967528e-01 3.306056264037190440e-01 6.427002791903149159e-01
5.000000000000000000e+00 2.291666666666666574e-01 7.708333333333333703e-01 0.000000000000000000e+00 3.694115404697437821e-01 2.335970191368266502e-01 6.504902191070769391e-01
6.000000000000000000e+00 2.708333333333333148e-01 7.291666666666667407e-01 0.000000000000000000e+00 3.722060760334872098e-01 1.434261565889462797e-01 6.562901032545624957e-01
7.000000000000000000e+00 3.125000000000000000e-01 6.875000000000000000e-01 0.000000000000000000e+00 3.953717470708800752e-01 8.495017388188416674e-02 6.647107048460227929e-01
8.000000000000000000e+00 3.541666666666666852e-01 6.458333333333332593e-01 0.000000000000000000e+00 4.303818827399503721e-01 6.973026298351275853e-02 6.813673452894946081e-01
9.000000000000000000e+00 3.958333333333333148e-01 6.041666666666667407e-01 0.000000000000000000e+00 4.535199447746869894e-01 9.000900484516016764e-02 7.019534616395475268e-01
1.000000000000000000e+01 4.375000000000000000e-01 5.625000000000000000e-01 0.000000000000000000e+00 4.577665065755791574e-01 1.120806125361436256e-01 7.156349687534913073e-01
1.100000000000000000e+01 4.791666666666666852e-01 5.208333333333332593e-01 0.000000000000000000e+00 4.625264725873084459e-01 1.159102514237147774e-01 7.128308049259146628e-01
1.200000000000000000e+01 5.208333333333333703e-01 4.791666666666666297e-01 0.000000000000000000e+00 4.878115538299070408e-01 1.045926907479311219e-01 6.895587295029201869e-01
1.300000000000000000e+01 5.625000000000000000e-01 4.375000000000000000e-01 0.000000000000000000e+00 5.291453960241687682e-01 9.284539939465462355e-02 6.471305230189781099e-01
1.400000000000000000e+01 6.041666666666666297e-01 3.958333333333333703e-01 0.000000000000000000e+00 5.788577335001401369e-01 1.149496830225594929e-01 5.946878366379593217e-01
1.500000000000000000e+01 6.458333333333333703e-01 3.541666666666666297e-01 0.000000000000000000e+00 6.352990651042460524e-01 1.623582666339965230e-01 5.583302134349708012e-01
1.600000000000000000e+01 6.875000000000000000e-01 3.125000000000000000e-01 0.000000000000000000e+00 6.857129771748484703e-01 1.685487930180235017e-01 5.498854821581176111e-01
1.700000000000000000e+01 7.291666666666666297e-01 2.708333333333333703e-01 0.000000000000000000e+00 7.256361692153109333e-01 1.245929581142928150e-01 5.254451300120024371e-01
1.800000000000000000e+01 7.708333333333333703e-01 2.291666666666666297e-01 0.000000000000000000e+00 7.628196175305547166e-01 9.519833521123038933e-02 4.427547928043651382e-01
1.900000000000000000e+01 8.125000000000000000e-01 1.875000000000000000e-01 0.000000000000000000e+00 7.955597791015065479e-01 1.086420912748252698e-01 3.345888189822119330e-01
2.000000000000000000e+01 8.541666666666666297e-01 1.458333333333333703e-01 0.000000000000000000e+00 8.336344289685382325e-01 1.241770092824903832e-01 2.518291951554871844e-01
2.100000000000000000e+01 8.958333333333333703e-01 1.041666666666666297e-01 0.000000000000000000e+00 8.870063754743101603e-01 9.775470656730544938e-02 1.885387148979802419e-01
2.200000000000000000e+01 9.375000000000000000e-01 6.250000000000000000e-02 0.000000000000000000e+00 9.188829620478788929e-01 4.076312969816242582e-02 1.180003844627179888e-01
2.300000000000000000e+01 9.791666666666666297e-01 2.083333333333337034e-02 0.000000000000000000e+00 8.877780881426829973e-01 1.754895062994239405e-03 3.953138044445125843e-02

Residual energy after optimization is 0.0010090989635031633 C0x=-0.24168348411257237 C0z=0.8530414932976917 C0xz=1.0
Optimization procedure took 183.06998682022095 seconds