### PARAMETERS OF THE TIME EVOLUTION ### 
Total time tau = 24
Timestep dt = 1
P = tau/dt = 24
Number of Fourier coefficients Nc = 24

gamma(t) = t/T*(delta_t + \sum_i^Nc gamma_i*f_i(wi, t) 
beta(t) = (1-t/T)*(delta_t + \sum_i^Nc beta_i*f_i(wi, t)

CRAB coefficient   Cz_start// Cx_start// Cxz_start // pulses//  Cz_opt // Cx_opt // Cxz_opt  
0.000000000000000000e+00 0.000000000000000000e+00 0.000000000000000000e+00 1.139137203015650712e+01 -3.885664836062006910e-02 2.114299026083532249e-02 -1.744588057380824309e-03
0.000000000000000000e+00 0.000000000000000000e+00 0.000000000000000000e+00 6.937978646263894689e+01 -5.769109299352774833e-01 -1.190078309038288262e-01 -9.775727804822137434e-03
0.000000000000000000e+00 0.000000000000000000e+00 0.000000000000000000e+00 4.840561963432990389e+00 1.756347105454031876e+01 -2.952271398526537194e+00 1.585810880244740595e+00
0.000000000000000000e+00 0.000000000000000000e+00 0.000000000000000000e+00 1.344250651718498446e+01 1.071717668031967108e+00 -3.294248325430640389e-01 -6.084379112058289074e-01
0.000000000000000000e+00 0.000000000000000000e+00 0.000000000000000000e+00 1.013334326193591295e+01 -4.025655602944129899e-04 6.528887878961878687e-03 2.586978427716437115e-03
0.000000000000000000e+00 0.000000000000000000e+00 0.000000000000000000e+00 3.076148049538425688e+00 2.988236433186452490e-01 -5.093518159723682548e-02 -4.924810776444546630e-03
0.000000000000000000e+00 0.000000000000000000e+00 0.000000000000000000e+00 2.951387237927878004e+01 -1.832760636786458924e-02 -7.586552166363198270e-03 4.566287107231679736e-04
0.000000000000000000e+00 0.000000000000000000e+00 0.000000000000000000e+00 4.969170211516113156e+00 -2.412663060621347100e+01 4.065869129592375231e+00 -2.181549474523579946e+00
0.000000000000000000e+00 0.000000000000000000e+00 0.000000000000000000e+00 3.151750721249584331e+01 -1.011134110257856378e-01 1.661418854966308437e-02 4.103262273459877887e-03
0.000000000000000000e+00 0.000000000000000000e+00 0.000000000000000000e+00 1.334606801027117484e+01 -6.884919183806686993e-01 2.477162960272500658e-01 4.263180975918963722e-01
0.000000000000000000e+00 0.000000000000000000e+00 0.000000000000000000e+00 2.267454262686873534e+01 2.679041932002230314e-02 -2.136945758017618196e-03 6.948193662485182241e-04
0.000000000000000000e+00 0.000000000000000000e+00 0.000000000000000000e+00 1.549728625757363254e+01 -1.539368889052484590e+01 2.158321348101792214e+00 1.359744754126273047e+00
0.000000000000000000e+00 0.000000000000000000e+00 0.000000000000000000e+00 2.446515684472586827e+01 -2.503688272966403047e-02 -8.068562964996790418e-03 -3.622705979191287451e-04
0.000000000000000000e+00 0.000000000000000000e+00 0.000000000000000000e+00 5.325304544287560304e+01 -7.790587441190335305e+00 1.323832219318192394e+00 -7.177589844221141657e-01
0.000000000000000000e+00 0.000000000000000000e+00 0.000000000000000000e+00 9.126558999615276946e+00 -5.461405497322950608e-02 1.203501218451288358e-02 -9.121389191100507526e-03
0.000000000000000000e+00 0.000000000000000000e+00 0.000000000000000000e+00 1.530899043355590905e+01 2.638839560590949151e+00 -3.495572094656494433e-01 -2.713976753749135495e-01
0.000000000000000000e+00 0.000000000000000000e+00 0.000000000000000000e+00 3.792702321785275998e+00 -1.017081061656963659e+00 1.613637282563727959e-01 -5.766441401964071678e-02
0.000000000000000000e+00 0.000000000000000000e+00 0.000000000000000000e+00 1.368896742065192917e+01 -4.705485182270236488e-01 1.133816933678929578e-01 1.999626960695245759e-01
0.000000000000000000e+00 0.000000000000000000e+00 0.000000000000000000e+00 3.246344630760563632e+01 1.287007694868562702e+01 -1.816581480119270786e+00 -1.102255988213424409e+00
0.000000000000000000e+00 0.000000000000000000e+00 0.000000000000000000e+00 4.666580441767399634e+01 -4.345150323810078596e-01 7.020611012336641643e-02 -1.856052418685362471e-01
0.000000000000000000e+00 0.000000000000000000e+00 0.000000000000000000e+00 2.651889030516300849e+01 -5.634585434975185603e-01 -1.183244897263081297e-01 -9.643915464679004776e-03
0.000000000000000000e+00 0.000000000000000000e+00 0.000000000000000000e+00 6.862308459930400772e+01 7.547558950619462359e-02 2.308289355406360766e-02 6.639119917820163154e-04
0.000000000000000000e+00 0.000000000000000000e+00 0.000000000000000000e+00 5.971237469446312396e+00 -6.589244455467300199e-01 1.163783757277609826e-01 -5.223891879595905785e-02
0.000000000000000000e+00 0.000000000000000000e+00 0.000000000000000000e+00 3.001804477728726162e-01 2.643400676442750896e-01 -4.595011884857425066e-02 -3.739869018947836188e-01

Amplitudes vs time: t // theta_tt_old // theta_mt_old // alpha_cdt_old// theta_tt_opt // theta_mt_opt// alpha_cdt_opt  
0.000000000000000000e+00 -1.008726428413317042e-02 2.701194816025933587e-01 1.592144114102973518e-01 -3.847097036740533549e-02 4.437656175185358265e-01 1.697638401108214623e-01
1.000000000000000000e+00 2.120638080738155434e-02 6.435884460559155862e-01 3.204206689060171698e-01 1.838538085173409969e-02 6.463982366922879086e-01 3.246929595364004273e-01
2.000000000000000000e+00 5.030401093600942591e-02 4.256919537195380521e-01 3.279449241023897343e-01 4.709893357305514061e-02 4.179752296100102127e-01 3.281375352425532355e-01
3.000000000000000000e+00 6.713087810043796844e-02 2.920819120680537839e-01 3.317111791856730552e-01 6.317953750251890932e-02 2.848040244567085488e-01 3.318231864899890970e-01
4.000000000000000000e+00 8.289531280532425050e-02 2.122348355037928513e-01 3.336698243951055076e-01 7.716702422976634557e-02 2.060668475437145430e-01 3.339454939298029945e-01
5.000000000000000000e+00 1.022775999771799726e-01 1.618254462198825960e-01 3.354036445557682100e-01 9.491002004586625296e-02 1.559579259653625927e-01 3.352311316897734761e-01
6.000000000000000000e+00 1.275479249985019825e-01 1.273756048117888895e-01 3.365854811306832062e-01 1.186633206462211904e-01 1.213599483025185888e-01 3.366837653113631257e-01
7.000000000000000000e+00 1.603875651313202977e-01 1.037337211247304491e-01 3.379781479153560753e-01 1.499098618230078617e-01 9.673012429904961906e-02 3.373013004298767714e-01
8.000000000000000000e+00 2.013572825988098336e-01 8.873956197419019531e-02 3.414382862182954170e-01 1.879533380943306520e-01 8.150248982055253999e-02 3.412511846649541325e-01
9.000000000000000000e+00 2.542160296498729433e-01 7.979646028030940030e-02 3.458843710840904251e-01 2.364360703635814687e-01 7.131316175831975412e-02 3.454174504550354130e-01
1.000000000000000000e+01 3.236200690762479071e-01 8.051924628370088488e-02 3.520410232238404546e-01 3.003243838857595494e-01 7.127585849985959565e-02 3.512640672213250270e-01
1.100000000000000000e+01 4.042862930043790715e-01 9.335527819077127365e-02 3.615667359287435545e-01 3.769602045975954385e-01 8.154732107072296121e-02 3.593046710805195554e-01
1.200000000000000000e+01 4.831286184476892842e-01 1.174644912737857760e-01 3.710246799828329500e-01 4.544090559969513610e-01 1.042650128516202090e-01 3.690718079556816189e-01
1.300000000000000000e+01 5.570324995578259664e-01 1.490387869781312213e-01 3.771314026326697544e-01 5.239905973728762323e-01 1.315563880771573324e-01 3.766031296461370137e-01
1.400000000000000000e+01 6.336592600389143737e-01 1.709531640501886773e-01 3.793641068026065710e-01 5.980424593563224978e-01 1.531456506399435369e-01 3.811345113248588157e-01
1.500000000000000000e+01 7.079160990243527074e-01 1.704037600797944640e-01 3.810934661524889577e-01 6.764655822398785157e-01 1.564134902423708895e-01 3.871745242338037185e-01
1.600000000000000000e+01 7.619053952509976524e-01 1.564111437058981480e-01 3.740567104712457791e-01 7.355109248919273757e-01 1.454929089861101699e-01 3.897266822452762347e-01
1.700000000000000000e+01 7.932212161967205910e-01 1.439202691851922677e-01 3.416544387601705424e-01 7.725883307074518092e-01 1.348284644397740595e-01 3.664882703399804376e-01
1.800000000000000000e+01 8.164835170474495918e-01 1.317103796162308882e-01 2.794481799110215547e-01 8.029305859532356315e-01 1.247448762623464685e-01 3.060558754215280119e-01
1.900000000000000000e+01 8.364166178222045556e-01 1.152587380010071660e-01 2.127272294887534443e-01 8.159945969016191292e-01 1.058196130621025660e-01 2.332746380364217609e-01
2.000000000000000000e+01 8.542660775325252587e-01 9.573348132098587204e-02 1.572642565860080666e-01 8.257250961544135848e-01 9.408664593849501434e-02 1.767778521615789300e-01
2.100000000000000000e+01 8.833818750622784988e-01 7.667010712706409659e-02 1.052296626073552233e-01 8.699786304568644102e-01 8.069370358997220161e-02 1.324309604368050508e-01
2.200000000000000000e+01 9.256494976532274599e-01 5.628838659373229525e-02 5.157769870579187454e-02 9.161424023699950014e-01 5.010630017951926002e-02 7.415097077551593974e-02
2.300000000000000000e+01 9.589445968846624924e-01 2.455488245725388416e-02 1.350397165565553337e-02 9.654494007641178932e-01 2.427636347231386382e-02 2.049582677707051034e-02

Residual energy after optimization is 0.0019512088902246204 C0x=1.0144931053696138 C0z=0.7213663716407833 C0xz=0.18491230386794144
Optimization procedure took 49.66077280044556 seconds