### PARAMETERS OF THE TIME EVOLUTION ### 
Total time tau = 27
Timestep dt = 1
P = tau/dt = 27
Number of Fourier coefficients Nc = 27

gamma(t) = t/T*(delta_t + \sum_i^Nc gamma_i*f_i(wi, t) 
beta(t) = (1-t/T)*(delta_t + \sum_i^Nc beta_i*f_i(wi, t)

CRAB coefficient   Cz_start// pulses//  Cz_opt  
0.000000000000000000e+00 3.466259624308038667e+01 7.643954387464789099e-03
0.000000000000000000e+00 1.893182485327574938e+01 -1.212856834178029954e-02
0.000000000000000000e+00 4.583605273766234234e+01 -1.426857570204207892e+00
0.000000000000000000e+00 6.026487013182894259e+01 1.454768784879312271e-01
0.000000000000000000e+00 3.156552531486764934e+01 4.983562891559442133e-03
0.000000000000000000e+00 1.297432295076617947e+01 -1.115271765895441275e-01
0.000000000000000000e+00 9.033851237330006612e+00 -6.475186002729706181e-02
0.000000000000000000e+00 2.915588458200410571e+01 2.603731972091623270e-02
0.000000000000000000e+00 4.693642415188925554e+01 1.375207962295405262e-01
0.000000000000000000e+00 1.661826277095537563e+01 5.280719484593159319e-01
0.000000000000000000e+00 1.760251932567113542e+01 2.727702251048983936e-02
0.000000000000000000e+00 1.672582698773696919e+01 -4.587426212997642305e-01
0.000000000000000000e+00 8.227307318455977736e+00 1.416908295475849178e+00
0.000000000000000000e+00 3.577107976687137647e+00 3.618768608700070021e-03
0.000000000000000000e+00 1.158253335018418184e+01 -3.919564961812577880e-02
0.000000000000000000e+00 5.718925582885895587e+00 1.035240882606732749e-01
0.000000000000000000e+00 2.973034583422428057e+01 2.211832929279334767e-02
0.000000000000000000e+00 8.095683181999780986e-01 -6.775716310900957310e-04
0.000000000000000000e+00 5.052119895083917456e+00 -2.830044505856340806e-02
0.000000000000000000e+00 1.750615436926473922e+00 3.282556906948551042e-04
0.000000000000000000e+00 2.469155788300415111e+01 -4.134189550855313366e-02
0.000000000000000000e+00 4.299656695957168751e+01 3.135380753151109645e-02
0.000000000000000000e+00 1.623193500564326186e+01 -9.562101191777915010e-02
0.000000000000000000e+00 1.280520365029922303e+01 1.187872237681275589e-01
0.000000000000000000e+00 2.197013556308155202e+01 -3.281023116451037714e-03
0.000000000000000000e+00 3.037211808129931612e+01 -8.429237974246302570e-03
0.000000000000000000e+00 1.416428205398544904e+01 1.194340779479261157e-02

Amplitudes vs time: t // theta_tt_old // theta_mt_old // alpha_cdt_old//theta_ttdot_old // theta_tt_opt // theta_mt_opt// alpha_cdt_opt// theta_ttdot_opt //  
0.000000000000000000e+00 2.990765348697276005e-02 9.700923465130272261e-01 0.000000000000000000e+00 0.000000000000000000e+00 2.685116702157434171e-02 9.700923465130272261e-01 0.000000000000000000e+00 0.000000000000000000e+00
1.000000000000000000e+00 1.038118256756153934e-01 8.961881743243845788e-01 0.000000000000000000e+00 0.000000000000000000e+00 9.895759601256767790e-02 8.961881743243845788e-01 0.000000000000000000e+00 0.000000000000000000e+00
2.000000000000000000e+00 2.170972960351366388e-01 7.829027039648633890e-01 0.000000000000000000e+00 0.000000000000000000e+00 2.123606794849982882e-01 7.829027039648633890e-01 0.000000000000000000e+00 0.000000000000000000e+00
3.000000000000000000e+00 3.278464669858588421e-01 6.721535330141411579e-01 0.000000000000000000e+00 0.000000000000000000e+00 3.281027646875709358e-01 6.721535330141411579e-01 0.000000000000000000e+00 0.000000000000000000e+00
4.000000000000000000e+00 4.071910983080376245e-01 5.928089016919624310e-01 0.000000000000000000e+00 0.000000000000000000e+00 4.097820637378133957e-01 5.928089016919624310e-01 0.000000000000000000e+00 0.000000000000000000e+00
5.000000000000000000e+00 4.559719202463375920e-01 5.440280797536624080e-01 0.000000000000000000e+00 0.000000000000000000e+00 4.574589700908187617e-01 5.440280797536624080e-01 0.000000000000000000e+00 0.000000000000000000e+00
6.000000000000000000e+00 4.863107293135238152e-01 5.136892706864761848e-01 0.000000000000000000e+00 0.000000000000000000e+00 4.876327467371271429e-01 5.136892706864761848e-01 0.000000000000000000e+00 0.000000000000000000e+00
7.000000000000000000e+00 5.077017524075166932e-01 4.922982475924833068e-01 0.000000000000000000e+00 0.000000000000000000e+00 5.087655025372594952e-01 4.922982475924833068e-01 0.000000000000000000e+00 0.000000000000000000e+00
8.000000000000000000e+00 5.246297863255986460e-01 4.753702136744013540e-01 0.000000000000000000e+00 0.000000000000000000e+00 5.253851022202192800e-01 4.753702136744013540e-01 0.000000000000000000e+00 0.000000000000000000e+00
9.000000000000000000e+00 5.391159039194899361e-01 4.608840960805100639e-01 0.000000000000000000e+00 0.000000000000000000e+00 5.403166517399401458e-01 4.608840960805100639e-01 0.000000000000000000e+00 0.000000000000000000e+00
1.000000000000000000e+01 5.552494561780274562e-01 4.447505438219725438e-01 0.000000000000000000e+00 0.000000000000000000e+00 5.559294401163025201e-01 4.447505438219725438e-01 0.000000000000000000e+00 0.000000000000000000e+00
1.100000000000000000e+01 5.743187184986000560e-01 4.256812815013999440e-01 0.000000000000000000e+00 0.000000000000000000e+00 5.754654342476520634e-01 4.256812815013999440e-01 0.000000000000000000e+00 0.000000000000000000e+00
1.200000000000000000e+01 5.959643141906536545e-01 4.040356858093463455e-01 0.000000000000000000e+00 0.000000000000000000e+00 5.969521805765543032e-01 4.040356858093463455e-01 0.000000000000000000e+00 0.000000000000000000e+00
1.300000000000000000e+01 6.124978182907021562e-01 3.875021817092978438e-01 0.000000000000000000e+00 0.000000000000000000e+00 6.128548044924231331e-01 3.875021817092978438e-01 0.000000000000000000e+00 0.000000000000000000e+00
1.400000000000000000e+01 6.234563133403058233e-01 3.765436866596941767e-01 0.000000000000000000e+00 0.000000000000000000e+00 6.233055581531217193e-01 3.765436866596941767e-01 0.000000000000000000e+00 0.000000000000000000e+00
1.500000000000000000e+01 6.320154233919347275e-01 3.679845766080652725e-01 0.000000000000000000e+00 0.000000000000000000e+00 6.323455785174881827e-01 3.679845766080652725e-01 0.000000000000000000e+00 0.000000000000000000e+00
1.600000000000000000e+01 6.413499445718926495e-01 3.586500554281073505e-01 0.000000000000000000e+00 0.000000000000000000e+00 6.416659769821859705e-01 3.586500554281073505e-01 0.000000000000000000e+00 0.000000000000000000e+00
1.700000000000000000e+01 6.538634625466099859e-01 3.461365374533900141e-01 0.000000000000000000e+00 0.000000000000000000e+00 6.542396092231007598e-01 3.461365374533900141e-01 0.000000000000000000e+00 0.000000000000000000e+00
1.800000000000000000e+01 6.728688194492212782e-01 3.271311805507787218e-01 0.000000000000000000e+00 0.000000000000000000e+00 6.732793286933308474e-01 3.271311805507787218e-01 0.000000000000000000e+00 0.000000000000000000e+00
1.900000000000000000e+01 6.992567926173296478e-01 3.007432073826703522e-01 0.000000000000000000e+00 0.000000000000000000e+00 7.001649511562634265e-01 3.007432073826703522e-01 0.000000000000000000e+00 0.000000000000000000e+00
2.000000000000000000e+01 7.331807498165430204e-01 2.668192501834569796e-01 0.000000000000000000e+00 0.000000000000000000e+00 7.330704997539084777e-01 2.668192501834569796e-01 0.000000000000000000e+00 0.000000000000000000e+00
2.100000000000000000e+01 7.725295005130055070e-01 2.274704994869944930e-01 0.000000000000000000e+00 0.000000000000000000e+00 7.711135663069068613e-01 2.274704994869944930e-01 0.000000000000000000e+00 0.000000000000000000e+00
2.200000000000000000e+01 8.162605815601391424e-01 1.837394184398608576e-01 0.000000000000000000e+00 0.000000000000000000e+00 8.153257592694381772e-01 1.837394184398608576e-01 0.000000000000000000e+00 0.000000000000000000e+00
2.300000000000000000e+01 8.653216349241755756e-01 1.346783650758244244e-01 0.000000000000000000e+00 0.000000000000000000e+00 8.647519695673695495e-01 1.346783650758244244e-01 0.000000000000000000e+00 0.000000000000000000e+00
2.400000000000000000e+01 9.158690681935537370e-01 8.413093180644626301e-02 0.000000000000000000e+00 0.000000000000000000e+00 9.133634249584206000e-01 8.413093180644626301e-02 0.000000000000000000e+00 0.000000000000000000e+00
2.500000000000000000e+01 9.590741916663240163e-01 4.092580833367598370e-02 0.000000000000000000e+00 0.000000000000000000e+00 9.566656643214316302e-01 4.092580833367598370e-02 0.000000000000000000e+00 0.000000000000000000e+00
2.600000000000000000e+01 9.877111242488382237e-01 1.228887575116177633e-02 0.000000000000000000e+00 0.000000000000000000e+00 9.860804967838753265e-01 1.228887575116177633e-02 0.000000000000000000e+00 0.000000000000000000e+00

Residual energy after optimization is 0.003621236633042225
Optimization procedure took 7.879380226135254 seconds