### PARAMETERS OF THE TIME EVOLUTION ### 
Total time tau = 18
Timestep dt = 1
P = tau/dt = 18
Number of Fourier coefficients Nc = 18

gamma(t) = t/T*(delta_t + \sum_i^Nc gamma_i*f_i(wi, t) 
beta(t) = (1-t/T)*(delta_t + \sum_i^Nc beta_i*f_i(wi, t)

CRAB coefficient   Cz_start// Cx_start// Cxz_start // pulses//  Cz_opt // Cx_opt // Cxz_opt  
0.000000000000000000e+00 0.000000000000000000e+00 0.000000000000000000e+00 6.711865139268624603e+00 -2.508266828702668931e+02 3.518924574800670371e+02 0.000000000000000000e+00
0.000000000000000000e+00 0.000000000000000000e+00 0.000000000000000000e+00 8.466623287077436055e-01 3.312153665098823012e+02 -4.136071261009592490e+02 0.000000000000000000e+00
0.000000000000000000e+00 0.000000000000000000e+00 0.000000000000000000e+00 2.553372560499542754e+00 -1.151696474877844310e+02 1.472688336118480379e+02 0.000000000000000000e+00
0.000000000000000000e+00 0.000000000000000000e+00 0.000000000000000000e+00 5.182050455491322261e+00 2.511673403875860799e+02 -3.122776386281350369e+02 0.000000000000000000e+00
0.000000000000000000e+00 0.000000000000000000e+00 0.000000000000000000e+00 3.212756844359717423e+00 -1.384715565128968962e+01 1.538990816388054839e+01 0.000000000000000000e+00
0.000000000000000000e+00 0.000000000000000000e+00 0.000000000000000000e+00 7.799702503817481869e+00 -9.805410379886115635e+00 1.473006813092001366e+01 0.000000000000000000e+00
0.000000000000000000e+00 0.000000000000000000e+00 0.000000000000000000e+00 9.703786150119087850e+00 -3.363168951228491521e-02 6.454177943924740979e-02 0.000000000000000000e+00
0.000000000000000000e+00 0.000000000000000000e+00 0.000000000000000000e+00 5.702127670350911615e+00 -2.950348301085733738e+02 3.859758757110159308e+02 0.000000000000000000e+00
0.000000000000000000e+00 0.000000000000000000e+00 0.000000000000000000e+00 6.240581322182795709e+00 2.804009313536595869e+02 -3.813429582892055691e+02 0.000000000000000000e+00
0.000000000000000000e+00 0.000000000000000000e+00 0.000000000000000000e+00 8.241900356672342554e+00 2.338673587835904399e+00 -3.586426712771429326e+00 0.000000000000000000e+00
0.000000000000000000e+00 0.000000000000000000e+00 0.000000000000000000e+00 3.203127637667118055e+00 -4.711587982830771182e+01 5.605916600355092783e+01 0.000000000000000000e+00
0.000000000000000000e+00 0.000000000000000000e+00 0.000000000000000000e+00 3.226251535368765300e+00 3.356821596354711801e+01 -4.252545374734147288e+01 0.000000000000000000e+00
0.000000000000000000e+00 0.000000000000000000e+00 0.000000000000000000e+00 1.120763273134119054e+00 -4.562814407400894652e+02 5.733434677918520492e+02 0.000000000000000000e+00
0.000000000000000000e+00 0.000000000000000000e+00 0.000000000000000000e+00 4.428321261926098984e+00 1.767280627559991046e+01 -4.452548825491549067e-01 0.000000000000000000e+00
0.000000000000000000e+00 0.000000000000000000e+00 0.000000000000000000e+00 4.660685155545162495e+00 -1.379033121743123615e+02 1.466873004084614820e+02 0.000000000000000000e+00
0.000000000000000000e+00 0.000000000000000000e+00 0.000000000000000000e+00 6.984378594258806139e+00 1.237541097587590286e+02 -1.766485146189877469e+02 0.000000000000000000e+00
0.000000000000000000e+00 0.000000000000000000e+00 0.000000000000000000e+00 3.242847960297148280e+00 9.299972745898737969e+01 -1.150408529723522690e+02 0.000000000000000000e+00
0.000000000000000000e+00 0.000000000000000000e+00 0.000000000000000000e+00 1.717966102606568013e+00 2.223383149389104574e+02 -2.794529306562383226e+02 0.000000000000000000e+00

Amplitudes vs time: t // theta_tt_old // theta_mt_old // alpha_cdt_old// theta_tt_opt // theta_mt_opt// alpha_cdt_opt  
0.000000000000000000e+00 2.777777777777777624e-02 9.722222222222222099e-01 0.000000000000000000e+00 1.990511867840568105e-01 7.539177096104907605e-01 0.000000000000000000e+00
1.000000000000000000e+00 8.333333333333332871e-02 9.166666666666666297e-01 0.000000000000000000e+00 4.684405649933787164e-01 7.446380234513867435e-01 0.000000000000000000e+00
2.000000000000000000e+00 1.388888888888888951e-01 8.611111111111111605e-01 0.000000000000000000e+00 5.949638176607041640e-01 7.402687978007849168e-01 0.000000000000000000e+00
3.000000000000000000e+00 1.944444444444444475e-01 8.055555555555555802e-01 0.000000000000000000e+00 6.610048241109420797e-01 7.384662987670891354e-01 0.000000000000000000e+00
4.000000000000000000e+00 2.500000000000000000e-01 7.500000000000000000e-01 0.000000000000000000e+00 6.998346416644289913e-01 7.345884504118700420e-01 0.000000000000000000e+00
5.000000000000000000e+00 3.055555555555555802e-01 6.944444444444444198e-01 0.000000000000000000e+00 7.238468013361287756e-01 7.320654945808224845e-01 0.000000000000000000e+00
6.000000000000000000e+00 3.611111111111111049e-01 6.388888888888888395e-01 0.000000000000000000e+00 7.412826012851286839e-01 7.271387520253917991e-01 0.000000000000000000e+00
7.000000000000000000e+00 4.166666666666666852e-01 5.833333333333332593e-01 0.000000000000000000e+00 7.542258517926201389e-01 7.214559024170377199e-01 0.000000000000000000e+00
8.000000000000000000e+00 4.722222222222222099e-01 5.277777777777777901e-01 0.000000000000000000e+00 7.621902841460189704e-01 7.161006903105744392e-01 0.000000000000000000e+00
9.000000000000000000e+00 5.277777777777777901e-01 4.722222222222222099e-01 0.000000000000000000e+00 7.696068925579309106e-01 7.068520514599661020e-01 0.000000000000000000e+00
1.000000000000000000e+01 5.833333333333333703e-01 4.166666666666666297e-01 0.000000000000000000e+00 7.762151940259871541e-01 6.957267083312224099e-01 0.000000000000000000e+00
1.100000000000000000e+01 6.388888888888888395e-01 3.611111111111111605e-01 0.000000000000000000e+00 7.804872519948028442e-01 6.790058554669509139e-01 0.000000000000000000e+00
1.200000000000000000e+01 6.944444444444444198e-01 3.055555555555555802e-01 0.000000000000000000e+00 7.877827481849886126e-01 6.518210416689101949e-01 0.000000000000000000e+00
1.300000000000000000e+01 7.500000000000000000e-01 2.500000000000000000e-01 0.000000000000000000e+00 7.978932828797709043e-01 6.127810603587395821e-01 0.000000000000000000e+00
1.400000000000000000e+01 8.055555555555555802e-01 1.944444444444444198e-01 0.000000000000000000e+00 8.120077422763620767e-01 5.459221324241521067e-01 0.000000000000000000e+00
1.500000000000000000e+01 8.611111111111111605e-01 1.388888888888888395e-01 0.000000000000000000e+00 8.428689362457414402e-01 4.397732520218496921e-01 0.000000000000000000e+00
1.600000000000000000e+01 9.166666666666666297e-01 8.333333333333337034e-02 0.000000000000000000e+00 8.738784364509843972e-01 3.045035689641928389e-01 0.000000000000000000e+00
1.700000000000000000e+01 9.722222222222222099e-01 2.777777777777779011e-02 0.000000000000000000e+00 8.555823393757521211e-01 1.234958809123636037e-01 0.000000000000000000e+00

Residual energy after optimization is 0.013784828512905278 C0x=4.930573575612688 C0z=0.825854618080107 C0xz=1.0
Optimization procedure took 21.1308650970459 seconds