### PARAMETERS OF THE TIME EVOLUTION ### 
Total time tau = 90
Timestep dt = 1
P = tau/dt = 90
Number of Fourier coefficients Nc = 90

gamma(t) = t/T*(delta_t + \sum_i^Nc gamma_i*f_i(wi, t) 
beta(t) = (1-t/T)*(delta_t + \sum_i^Nc beta_i*f_i(wi, t)

CRAB coefficient   Cz_start// pulses//  Cz_opt  
0.000000000000000000e+00 1.611156490855444190e+01 -1.925774109787865118e+00
0.000000000000000000e+00 5.042230592338532347e+01 1.497434124728195051e-02
0.000000000000000000e+00 1.451881312179041039e+00 1.657528758576045647e+00
0.000000000000000000e+00 2.380961376599086066e+01 1.106163687435197440e+00
0.000000000000000000e+00 2.664071833074671503e+01 1.858640923696709635e+00
0.000000000000000000e+00 7.397156801173565555e+01 2.147265006962023509e-05
0.000000000000000000e+00 3.514552092326191968e+01 -5.554168969861659200e+00
0.000000000000000000e+00 5.751125257628963539e+01 -1.551312134672133474e-03
0.000000000000000000e+00 1.733352117610855103e+01 4.876774255638642863e+00
0.000000000000000000e+00 6.160761818671312540e+01 -8.234287549397834483e-05
0.000000000000000000e+00 2.235464222937099787e+00 -2.963164963941209429e+00
0.000000000000000000e+00 6.680041044548229223e+00 -3.107492890296789767e+00
0.000000000000000000e+00 9.831503333635581043e+00 -2.054107560861189619e+00
0.000000000000000000e+00 3.780039352070392056e+01 1.041048409919797524e-01
0.000000000000000000e+00 8.097078783843343786e+00 -2.620482581609030248e+00
0.000000000000000000e+00 1.053678975287516906e+01 1.856135589147255960e+00
0.000000000000000000e+00 3.884005994613355028e+01 -5.133369599833200944e-03
0.000000000000000000e+00 3.313140881179439390e+01 -2.600868915511542201e-01
0.000000000000000000e+00 1.064988743237814006e+01 2.853662961714830804e+00
0.000000000000000000e+00 2.359962104405774852e+01 -1.174373872193644086e+00
0.000000000000000000e+00 5.345546788402703697e+01 -1.788277907619199207e-03
0.000000000000000000e+00 5.219423839330006842e+01 -3.017972103174551210e-03
0.000000000000000000e+00 4.651793968162388637e+01 4.360097619003382857e-02
0.000000000000000000e+00 4.690411772311956895e+01 -1.479781212672096578e-02
0.000000000000000000e+00 5.262460191764742667e+00 -5.860671279215864393e-01
0.000000000000000000e+00 5.169455404575806767e+00 -2.520992940371733937e+00
0.000000000000000000e+00 4.878552547431991115e+01 -5.252988855378468713e-01
0.000000000000000000e+00 5.607980385701904424e+01 4.535471984712123377e-04
0.000000000000000000e+00 2.924302518014798480e+01 -8.788551230657268287e-02
0.000000000000000000e+00 5.914370051493360592e+00 1.473522553446700245e+00
0.000000000000000000e+00 5.708954166948537789e+01 -2.921772240831331871e-03
0.000000000000000000e+00 1.953484858623229670e+01 -4.948173014567046835e+00
0.000000000000000000e+00 6.186745561769930646e+01 2.021468888462746305e-04
0.000000000000000000e+00 4.291908903322990199e+01 -3.291111960292005629e-04
0.000000000000000000e+00 1.345121653902261905e+00 -2.320149083781486432e+00
0.000000000000000000e+00 5.528195445734626290e+00 3.447962236385373913e+00
0.000000000000000000e+00 4.717814823021686088e+00 -4.210993947927216041e+00
0.000000000000000000e+00 1.112579895340009628e+01 -2.893843188446447279e+00
0.000000000000000000e+00 7.070089191247598492e+00 2.694682194738880376e+00
0.000000000000000000e+00 4.513801250524128506e+01 -1.476088346919624721e-03
0.000000000000000000e+00 4.945802077851699607e+01 1.607592432620056355e-01
0.000000000000000000e+00 4.646361178451001450e+01 -3.220274203517337064e-02
0.000000000000000000e+00 2.808905602542931845e+01 1.290943771567799381e+00
0.000000000000000000e+00 1.867911356320903238e+01 2.166540483618422552e+00
0.000000000000000000e+00 3.087032779058157672e+01 -8.564481559630644503e-01
0.000000000000000000e+00 5.727911130196915224e+01 4.057914586256468857e-03
0.000000000000000000e+00 2.429762569923581861e+00 1.001611276238737247e+00
0.000000000000000000e+00 4.872973697057464193e+01 4.661005551300898553e-01
0.000000000000000000e+00 2.638944673380856187e+01 -1.701994800172520916e+00
0.000000000000000000e+00 2.100829079142020461e+01 -4.531716817352471338e+00
0.000000000000000000e+00 2.023399945383525278e+01 3.664507351223504017e+00
0.000000000000000000e+00 1.057795651527223768e+01 2.287415990648183239e+00
0.000000000000000000e+00 2.955542460487843925e+01 1.530948948928494868e+00
0.000000000000000000e+00 1.999326830402840116e+01 1.134004747231211363e+00
0.000000000000000000e+00 1.853258749104572001e+00 2.439557044605259684e+00
0.000000000000000000e+00 1.244548924633105358e+01 4.020998459351270982e-01
0.000000000000000000e+00 3.370329508855486011e+01 3.440539175886315193e-01
0.000000000000000000e+00 1.557341016708026160e+01 5.380684428156493615e-01
0.000000000000000000e+00 2.398934322564880617e+01 1.158962369434344830e-01
0.000000000000000000e+00 9.475581094744830679e+00 3.868606098010394678e+00
0.000000000000000000e+00 7.995066886148174490e+01 7.363034896910268207e-06
0.000000000000000000e+00 3.755660877530840480e+01 -1.446404998812447218e-01
0.000000000000000000e+00 2.917916769429587021e+01 -1.697085445292278560e+00
0.000000000000000000e+00 1.006173629687230786e+01 -3.123140071488105018e+00
0.000000000000000000e+00 4.973921843263624964e+01 -1.135540694058505551e-01
0.000000000000000000e+00 1.774684360707625785e+01 -6.155375860239563401e+00
0.000000000000000000e+00 5.903415010077440073e+00 1.634723928471131904e+00
0.000000000000000000e+00 8.130771461929626298e+00 -2.695271890575695384e+00
0.000000000000000000e+00 1.270633499698424203e+02 3.233542931114582412e-03
0.000000000000000000e+00 3.523349701270561241e+01 6.281254202952767152e+00
0.000000000000000000e+00 2.372129722886159442e+01 2.904456760004292537e-01
0.000000000000000000e+00 2.401247089546626512e+01 -3.971272153168039498e-01
0.000000000000000000e+00 1.420303568448817089e+01 -2.893623812237960946e-01
0.000000000000000000e+00 2.132129639361766138e+01 2.719254088750076459e+00
0.000000000000000000e+00 7.313396071565368750e+00 4.487787067112751771e+00
0.000000000000000000e+00 4.523004097354165864e+00 4.054276346285823784e+00
0.000000000000000000e+00 1.556800245783919223e+01 7.334746595341828934e-01
0.000000000000000000e+00 1.015673997561360231e+01 -2.674194454959249345e+00
0.000000000000000000e+00 1.861344261994754135e+01 2.027076716235744147e+00
0.000000000000000000e+00 3.609415628910546303e+01 2.184102231908534808e+00
0.000000000000000000e+00 3.594692592067577408e+01 -3.003088146798528424e+00
0.000000000000000000e+00 8.603658748576041404e+00 2.181878239788208163e+00
0.000000000000000000e+00 1.193918108232101360e+02 1.665252572893789117e-05
0.000000000000000000e+00 2.674162753116316793e+01 1.106409558200708299e+00
0.000000000000000000e+00 3.119884973990162180e+01 6.589316120983254033e-01
0.000000000000000000e+00 7.700843416403726849e+01 5.961906695067471974e-05
0.000000000000000000e+00 2.727586241512715759e+01 -2.095384608221824152e+00
0.000000000000000000e+00 6.518844576076410213e+00 -4.453180766131900725e+00
0.000000000000000000e+00 6.582515345824525355e+01 -8.506733615321841052e-06
0.000000000000000000e+00 9.132612489821866575e+01 1.794371612591100318e-05

Amplitudes vs time: t // theta_tt_old // theta_mt_old // alpha_cdt_old//theta_ttdot_old // theta_tt_opt // theta_mt_opt// alpha_cdt_opt// theta_ttdot_opt //  
0.000000000000000000e+00 1.117715968308971575e-02 9.888228403169102565e-01 0.000000000000000000e+00 0.000000000000000000e+00 2.534491589782856061e-02 9.888228403169102565e-01 0.000000000000000000e+00 0.000000000000000000e+00
1.000000000000000000e+00 4.703581611807100549e-02 9.529641838819289390e-01 0.000000000000000000e+00 0.000000000000000000e+00 9.146390886661143194e-02 9.529641838819289390e-01 0.000000000000000000e+00 0.000000000000000000e+00
2.000000000000000000e+00 1.100810440487206138e-01 8.899189559512793446e-01 0.000000000000000000e+00 0.000000000000000000e+00 1.963598657617169896e-01 8.899189559512793446e-01 0.000000000000000000e+00 0.000000000000000000e+00
3.000000000000000000e+00 1.897663247338741144e-01 8.102336752661258856e-01 0.000000000000000000e+00 0.000000000000000000e+00 3.046445958591312841e-01 8.102336752661258856e-01 0.000000000000000000e+00 0.000000000000000000e+00
4.000000000000000000e+00 2.692232228736244903e-01 7.307767771263755652e-01 0.000000000000000000e+00 0.000000000000000000e+00 3.814597796016084286e-01 7.307767771263755652e-01 0.000000000000000000e+00 0.000000000000000000e+00
5.000000000000000000e+00 3.363133128973501695e-01 6.636866871026498860e-01 0.000000000000000000e+00 0.000000000000000000e+00 4.253156973957513132e-01 6.636866871026498860e-01 0.000000000000000000e+00 0.000000000000000000e+00
6.000000000000000000e+00 3.866314838315121349e-01 6.133685161684878651e-01 0.000000000000000000e+00 0.000000000000000000e+00 4.539724688037863332e-01 6.133685161684878651e-01 0.000000000000000000e+00 0.000000000000000000e+00
7.000000000000000000e+00 4.217610263109072277e-01 5.782389736890927168e-01 0.000000000000000000e+00 0.000000000000000000e+00 4.772232033343337676e-01 5.782389736890927168e-01 0.000000000000000000e+00 0.000000000000000000e+00
8.000000000000000000e+00 4.459345351249088818e-01 5.540654648750911182e-01 0.000000000000000000e+00 0.000000000000000000e+00 4.941387181716281884e-01 5.540654648750911182e-01 0.000000000000000000e+00 0.000000000000000000e+00
9.000000000000000000e+00 4.632544112788725688e-01 5.367455887211274312e-01 0.000000000000000000e+00 0.000000000000000000e+00 5.039592499165769235e-01 5.367455887211274312e-01 0.000000000000000000e+00 0.000000000000000000e+00
1.000000000000000000e+01 4.763673520751683377e-01 5.236326479248316623e-01 0.000000000000000000e+00 0.000000000000000000e+00 5.085514671285478183e-01 5.236326479248316623e-01 0.000000000000000000e+00 0.000000000000000000e+00
1.100000000000000000e+01 4.864655427234709228e-01 5.135344572765290216e-01 0.000000000000000000e+00 0.000000000000000000e+00 5.106691889393196737e-01 5.135344572765290216e-01 0.000000000000000000e+00 0.000000000000000000e+00
1.200000000000000000e+01 4.939659002194909942e-01 5.060340997805090613e-01 0.000000000000000000e+00 0.000000000000000000e+00 5.126502600692754985e-01 5.060340997805090613e-01 0.000000000000000000e+00 0.000000000000000000e+00
1.300000000000000000e+01 4.991987936307665796e-01 5.008012063692334204e-01 0.000000000000000000e+00 0.000000000000000000e+00 5.145214608788016841e-01 5.008012063692334204e-01 0.000000000000000000e+00 0.000000000000000000e+00
1.400000000000000000e+01 5.027312848136604728e-01 4.972687151863395272e-01 0.000000000000000000e+00 0.000000000000000000e+00 5.155477023121952662e-01 4.972687151863395272e-01 0.000000000000000000e+00 0.000000000000000000e+00
1.500000000000000000e+01 5.053065301594613645e-01 4.946934698405386355e-01 0.000000000000000000e+00 0.000000000000000000e+00 5.168397825733304085e-01 4.946934698405386355e-01 0.000000000000000000e+00 0.000000000000000000e+00
1.600000000000000000e+01 5.076075422875244714e-01 4.923924577124755286e-01 0.000000000000000000e+00 0.000000000000000000e+00 5.190727317494127080e-01 4.923924577124755286e-01 0.000000000000000000e+00 0.000000000000000000e+00
1.700000000000000000e+01 5.100809652256981241e-01 4.899190347743018759e-01 0.000000000000000000e+00 0.000000000000000000e+00 5.219758139862298307e-01 4.899190347743018759e-01 0.000000000000000000e+00 0.000000000000000000e+00
1.800000000000000000e+01 5.129355440962775070e-01 4.870644559037224930e-01 0.000000000000000000e+00 0.000000000000000000e+00 5.253103255976837582e-01 4.870644559037224930e-01 0.000000000000000000e+00 0.000000000000000000e+00
1.900000000000000000e+01 5.162733188734675016e-01 4.837266811265324984e-01 0.000000000000000000e+00 0.000000000000000000e+00 5.283214762965118272e-01 4.837266811265324984e-01 0.000000000000000000e+00 0.000000000000000000e+00
2.000000000000000000e+01 5.202210248622358701e-01 4.797789751377641299e-01 0.000000000000000000e+00 0.000000000000000000e+00 5.302056792982604572e-01 4.797789751377641299e-01 0.000000000000000000e+00 0.000000000000000000e+00
2.100000000000000000e+01 5.249451483530037654e-01 4.750548516469962346e-01 0.000000000000000000e+00 0.000000000000000000e+00 5.323352676553662066e-01 4.750548516469962346e-01 0.000000000000000000e+00 0.000000000000000000e+00
2.200000000000000000e+01 5.305276568637191659e-01 4.694723431362808341e-01 0.000000000000000000e+00 0.000000000000000000e+00 5.360362091196320122e-01 4.694723431362808341e-01 0.000000000000000000e+00 0.000000000000000000e+00
2.300000000000000000e+01 5.367821066912963346e-01 4.632178933087036654e-01 0.000000000000000000e+00 0.000000000000000000e+00 5.388099020107802728e-01 4.632178933087036654e-01 0.000000000000000000e+00 0.000000000000000000e+00
2.400000000000000000e+01 5.431382567674100104e-01 4.568617432325899896e-01 0.000000000000000000e+00 0.000000000000000000e+00 5.389993443935146011e-01 4.568617432325899896e-01 0.000000000000000000e+00 0.000000000000000000e+00
2.500000000000000000e+01 5.486929894028218513e-01 4.513070105971781487e-01 0.000000000000000000e+00 0.000000000000000000e+00 5.389554584720824826e-01 4.513070105971781487e-01 0.000000000000000000e+00 0.000000000000000000e+00
2.600000000000000000e+01 5.524380237877102306e-01 4.475619762122897694e-01 0.000000000000000000e+00 0.000000000000000000e+00 5.398057513560886589e-01 4.475619762122897694e-01 0.000000000000000000e+00 0.000000000000000000e+00
2.700000000000000000e+01 5.535807267143921795e-01 4.464192732856078205e-01 0.000000000000000000e+00 0.000000000000000000e+00 5.401559207803245943e-01 4.464192732856078205e-01 0.000000000000000000e+00 0.000000000000000000e+00
2.800000000000000000e+01 5.518222796720191337e-01 4.481777203279808663e-01 0.000000000000000000e+00 0.000000000000000000e+00 5.400506941979134057e-01 4.481777203279808663e-01 0.000000000000000000e+00 0.000000000000000000e+00
2.900000000000000000e+01 5.474712774621415257e-01 4.525287225378584743e-01 0.000000000000000000e+00 0.000000000000000000e+00 5.410576590113685969e-01 4.525287225378584743e-01 0.000000000000000000e+00 0.000000000000000000e+00
3.000000000000000000e+01 5.413408603403285779e-01 4.586591396596714221e-01 0.000000000000000000e+00 0.000000000000000000e+00 5.426464342395187490e-01 4.586591396596714221e-01 0.000000000000000000e+00 0.000000000000000000e+00
3.100000000000000000e+01 5.344693212742871458e-01 4.655306787257128542e-01 0.000000000000000000e+00 0.000000000000000000e+00 5.444444246064201742e-01 4.655306787257128542e-01 0.000000000000000000e+00 0.000000000000000000e+00
3.200000000000000000e+01 5.277767228951986134e-01 4.722232771048013866e-01 0.000000000000000000e+00 0.000000000000000000e+00 5.454883221368591606e-01 4.722232771048013866e-01 0.000000000000000000e+00 0.000000000000000000e+00
3.300000000000000000e+01 5.217935958488070236e-01 4.782064041511929764e-01 0.000000000000000000e+00 0.000000000000000000e+00 5.445225499748710396e-01 4.782064041511929764e-01 0.000000000000000000e+00 0.000000000000000000e+00
3.400000000000000000e+01 5.165644600672097964e-01 4.834355399327902036e-01 0.000000000000000000e+00 0.000000000000000000e+00 5.425220598345246170e-01 4.834355399327902036e-01 0.000000000000000000e+00 0.000000000000000000e+00
3.500000000000000000e+01 5.117540997025474825e-01 4.882459002974525175e-01 0.000000000000000000e+00 0.000000000000000000e+00 5.403521462390677987e-01 4.882459002974525175e-01 0.000000000000000000e+00 0.000000000000000000e+00
3.600000000000000000e+01 5.068997510169588327e-01 4.931002489830411673e-01 0.000000000000000000e+00 0.000000000000000000e+00 5.375114495257349301e-01 4.931002489830411673e-01 0.000000000000000000e+00 0.000000000000000000e+00
3.700000000000000000e+01 5.016930020297543091e-01 4.983069979702456909e-01 0.000000000000000000e+00 0.000000000000000000e+00 5.338683171987794740e-01 4.983069979702456909e-01 0.000000000000000000e+00 0.000000000000000000e+00
3.800000000000000000e+01 4.961666971779059021e-01 5.038333028220940424e-01 0.000000000000000000e+00 0.000000000000000000e+00 5.300837359036520979e-01 5.038333028220940424e-01 0.000000000000000000e+00 0.000000000000000000e+00
3.900000000000000000e+01 4.907090168949507780e-01 5.092909831050491665e-01 0.000000000000000000e+00 0.000000000000000000e+00 5.260830184712468327e-01 5.092909831050491665e-01 0.000000000000000000e+00 0.000000000000000000e+00
4.000000000000000000e+01 4.859091133747142632e-01 5.140908866252857923e-01 0.000000000000000000e+00 0.000000000000000000e+00 5.222028193223365866e-01 5.140908866252857923e-01 0.000000000000000000e+00 0.000000000000000000e+00
4.100000000000000000e+01 4.823184202994114655e-01 5.176815797005884789e-01 0.000000000000000000e+00 0.000000000000000000e+00 5.188991905040080121e-01 5.176815797005884789e-01 0.000000000000000000e+00 0.000000000000000000e+00
4.200000000000000000e+01 4.802498812731498257e-01 5.197501187268501743e-01 0.000000000000000000e+00 0.000000000000000000e+00 5.143405474909227282e-01 5.197501187268501743e-01 0.000000000000000000e+00 0.000000000000000000e+00
4.300000000000000000e+01 4.797131369109055576e-01 5.202868630890944424e-01 0.000000000000000000e+00 0.000000000000000000e+00 5.080821521040481681e-01 5.202868630890944424e-01 0.000000000000000000e+00 0.000000000000000000e+00
4.400000000000000000e+01 4.805078268865349278e-01 5.194921731134650722e-01 0.000000000000000000e+00 0.000000000000000000e+00 5.007522472633627597e-01 5.194921731134650722e-01 0.000000000000000000e+00 0.000000000000000000e+00
4.500000000000000000e+01 4.824091255595864824e-01 5.175908744404135176e-01 0.000000000000000000e+00 0.000000000000000000e+00 4.927788506821491055e-01 5.175908744404135176e-01 0.000000000000000000e+00 0.000000000000000000e+00
4.600000000000000000e+01 4.853285218903456433e-01 5.146714781096544122e-01 0.000000000000000000e+00 0.000000000000000000e+00 4.847788926785302488e-01 5.146714781096544122e-01 0.000000000000000000e+00 0.000000000000000000e+00
4.700000000000000000e+01 4.893498918443270895e-01 5.106501081556729105e-01 0.000000000000000000e+00 0.000000000000000000e+00 4.780628397506042071e-01 5.106501081556729105e-01 0.000000000000000000e+00 0.000000000000000000e+00
4.800000000000000000e+01 4.946192400154714175e-01 5.053807599845285825e-01 0.000000000000000000e+00 0.000000000000000000e+00 4.731233819776819449e-01 5.053807599845285825e-01 0.000000000000000000e+00 0.000000000000000000e+00
4.900000000000000000e+01 5.011616230171456188e-01 4.988383769828543812e-01 0.000000000000000000e+00 0.000000000000000000e+00 4.699369457962337959e-01 4.988383769828543812e-01 0.000000000000000000e+00 0.000000000000000000e+00
5.000000000000000000e+01 5.087522000434512304e-01 4.912477999565487696e-01 0.000000000000000000e+00 0.000000000000000000e+00 4.712876365891158770e-01 4.912477999565487696e-01 0.000000000000000000e+00 0.000000000000000000e+00
5.100000000000000000e+01 5.169425547043242641e-01 4.830574452956757359e-01 0.000000000000000000e+00 0.000000000000000000e+00 4.789599901175362051e-01 4.830574452956757359e-01 0.000000000000000000e+00 0.000000000000000000e+00
5.200000000000000000e+01 5.252476423634664382e-01 4.747523576365335618e-01 0.000000000000000000e+00 0.000000000000000000e+00 4.892445952423417066e-01 4.747523576365335618e-01 0.000000000000000000e+00 0.000000000000000000e+00
5.300000000000000000e+01 5.333881117884567979e-01 4.666118882115432021e-01 0.000000000000000000e+00 0.000000000000000000e+00 4.972746892155168741e-01 4.666118882115432021e-01 0.000000000000000000e+00 0.000000000000000000e+00
5.400000000000000000e+01 5.414283033743193529e-01 4.585716966256806471e-01 0.000000000000000000e+00 0.000000000000000000e+00 5.031059678325356943e-01 4.585716966256806471e-01 0.000000000000000000e+00 0.000000000000000000e+00
5.500000000000000000e+01 5.496950512048879300e-01 4.503049487951120700e-01 0.000000000000000000e+00 0.000000000000000000e+00 5.088645245100132941e-01 4.503049487951120700e-01 0.000000000000000000e+00 0.000000000000000000e+00
5.600000000000000000e+01 5.584907989561714858e-01 4.415092010438285142e-01 0.000000000000000000e+00 0.000000000000000000e+00 5.142907357794100909e-01 4.415092010438285142e-01 0.000000000000000000e+00 0.000000000000000000e+00
5.700000000000000000e+01 5.677548334978231859e-01 4.322451665021768141e-01 0.000000000000000000e+00 0.000000000000000000e+00 5.195590360107723571e-01 4.322451665021768141e-01 0.000000000000000000e+00 0.000000000000000000e+00
5.800000000000000000e+01 5.768898286255297325e-01 4.231101713744702675e-01 0.000000000000000000e+00 0.000000000000000000e+00 5.246327940809766277e-01 4.231101713744702675e-01 0.000000000000000000e+00 0.000000000000000000e+00
5.900000000000000000e+01 5.849055250960938368e-01 4.150944749039061632e-01 0.000000000000000000e+00 0.000000000000000000e+00 5.292973596805825576e-01 4.150944749039061632e-01 0.000000000000000000e+00 0.000000000000000000e+00
6.000000000000000000e+01 5.908595001402394686e-01 4.091404998597605314e-01 0.000000000000000000e+00 0.000000000000000000e+00 5.348364004817077744e-01 4.091404998597605314e-01 0.000000000000000000e+00 0.000000000000000000e+00
6.100000000000000000e+01 5.943880146870164083e-01 4.056119853129835917e-01 0.000000000000000000e+00 0.000000000000000000e+00 5.415531222109187803e-01 4.056119853129835917e-01 0.000000000000000000e+00 0.000000000000000000e+00
6.200000000000000000e+01 5.960301456880756632e-01 4.039698543119243368e-01 0.000000000000000000e+00 0.000000000000000000e+00 5.486520677021008430e-01 4.039698543119243368e-01 0.000000000000000000e+00 0.000000000000000000e+00
6.300000000000000000e+01 5.971227274604646862e-01 4.028772725395353138e-01 0.000000000000000000e+00 0.000000000000000000e+00 5.567548644029731708e-01 4.028772725395353138e-01 0.000000000000000000e+00 0.000000000000000000e+00
6.400000000000000000e+01 5.992582750019997961e-01 4.007417249980002039e-01 0.000000000000000000e+00 0.000000000000000000e+00 5.664097659750152447e-01 4.007417249980002039e-01 0.000000000000000000e+00 0.000000000000000000e+00
6.500000000000000000e+01 6.035436167197021362e-01 3.964563832802978638e-01 0.000000000000000000e+00 0.000000000000000000e+00 5.761172531484705095e-01 3.964563832802978638e-01 0.000000000000000000e+00 0.000000000000000000e+00
6.600000000000000000e+01 6.100349672828344616e-01 3.899650327171655384e-01 0.000000000000000000e+00 0.000000000000000000e+00 5.857559621724013343e-01 3.899650327171655384e-01 0.000000000000000000e+00 0.000000000000000000e+00
6.700000000000000000e+01 6.176666762068236949e-01 3.823333237931763051e-01 0.000000000000000000e+00 0.000000000000000000e+00 5.943121298387339380e-01 3.823333237931763051e-01 0.000000000000000000e+00 0.000000000000000000e+00
6.800000000000000000e+01 6.247519909352191592e-01 3.752480090647808408e-01 0.000000000000000000e+00 0.000000000000000000e+00 6.002300032971648047e-01 3.752480090647808408e-01 0.000000000000000000e+00 0.000000000000000000e+00
6.900000000000000000e+01 6.298343732933893158e-01 3.701656267066106842e-01 0.000000000000000000e+00 0.000000000000000000e+00 6.049174584259595644e-01 3.701656267066106842e-01 0.000000000000000000e+00 0.000000000000000000e+00
7.000000000000000000e+01 6.324687807547567653e-01 3.675312192452432347e-01 0.000000000000000000e+00 0.000000000000000000e+00 6.100260981819140005e-01 3.675312192452432347e-01 0.000000000000000000e+00 0.000000000000000000e+00
7.100000000000000000e+01 6.335287498170933951e-01 3.664712501829066049e-01 0.000000000000000000e+00 0.000000000000000000e+00 6.170827134656965418e-01 3.664712501829066049e-01 0.000000000000000000e+00 0.000000000000000000e+00
7.200000000000000000e+01 6.348686806556602669e-01 3.651313193443397331e-01 0.000000000000000000e+00 0.000000000000000000e+00 6.281418245318006743e-01 3.651313193443397331e-01 0.000000000000000000e+00 0.000000000000000000e+00
7.300000000000000000e+01 6.385040368011583034e-01 3.614959631988416966e-01 0.000000000000000000e+00 0.000000000000000000e+00 6.422227416361688812e-01 3.614959631988416966e-01 0.000000000000000000e+00 0.000000000000000000e+00
7.400000000000000000e+01 6.457293472800369472e-01 3.542706527199630528e-01 0.000000000000000000e+00 0.000000000000000000e+00 6.547003500038804935e-01 3.542706527199630528e-01 0.000000000000000000e+00 0.000000000000000000e+00
7.500000000000000000e+01 6.566349561709057259e-01 3.433650438290942741e-01 0.000000000000000000e+00 0.000000000000000000e+00 6.635336525727466572e-01 3.433650438290942741e-01 0.000000000000000000e+00 0.000000000000000000e+00
7.600000000000000000e+01 6.702809706129088108e-01 3.297190293870911892e-01 0.000000000000000000e+00 0.000000000000000000e+00 6.710374249193277185e-01 3.297190293870911892e-01 0.000000000000000000e+00 0.000000000000000000e+00
7.700000000000000000e+01 6.854424182244428509e-01 3.145575817755571491e-01 0.000000000000000000e+00 0.000000000000000000e+00 6.785749476708988759e-01 3.145575817755571491e-01 0.000000000000000000e+00 0.000000000000000000e+00
7.800000000000000000e+01 7.015311301438322822e-01 2.984688698561677178e-01 0.000000000000000000e+00 0.000000000000000000e+00 6.878273921100459543e-01 2.984688698561677178e-01 0.000000000000000000e+00 0.000000000000000000e+00
7.900000000000000000e+01 7.191883171910926631e-01 2.808116828089073369e-01 0.000000000000000000e+00 0.000000000000000000e+00 7.010476567135399684e-01 2.808116828089073369e-01 0.000000000000000000e+00 0.000000000000000000e+00
8.000000000000000000e+01 7.401879434362337307e-01 2.598120565637662693e-01 0.000000000000000000e+00 0.000000000000000000e+00 7.203081526426031722e-01 2.598120565637662693e-01 0.000000000000000000e+00 0.000000000000000000e+00
8.100000000000000000e+01 7.666253509276700351e-01 2.333746490723299649e-01 0.000000000000000000e+00 0.000000000000000000e+00 7.401847226194798735e-01 2.333746490723299649e-01 0.000000000000000000e+00 0.000000000000000000e+00
8.200000000000000000e+01 7.997256293513098635e-01 2.002743706486901365e-01 0.000000000000000000e+00 0.000000000000000000e+00 7.559514130858181469e-01 2.002743706486901365e-01 0.000000000000000000e+00 0.000000000000000000e+00
8.300000000000000000e+01 8.388186383073261698e-01 1.611813616926738302e-01 0.000000000000000000e+00 0.000000000000000000e+00 7.770677033763496722e-01 1.611813616926738302e-01 0.000000000000000000e+00 0.000000000000000000e+00
8.400000000000000000e+01 8.809917903764760139e-01 1.190082096235239861e-01 0.000000000000000000e+00 0.000000000000000000e+00 8.121507845250488522e-01 1.190082096235239861e-01 0.000000000000000000e+00 0.000000000000000000e+00
8.500000000000000000e+01 9.216635503875131308e-01 7.833644961248686922e-02 0.000000000000000000e+00 0.000000000000000000e+00 8.528764561439401426e-01 7.833644961248686922e-02 0.000000000000000000e+00 0.000000000000000000e+00
8.600000000000000000e+01 9.559388230185991153e-01 4.406117698140088468e-02 0.000000000000000000e+00 0.000000000000000000e+00 8.894852544825713192e-01 4.406117698140088468e-02 0.000000000000000000e+00 0.000000000000000000e+00
8.700000000000000000e+01 9.802749077355684681e-01 1.972509226443153185e-02 0.000000000000000000e+00 0.000000000000000000e+00 9.264967096092796561e-01 1.972509226443153185e-02 0.000000000000000000e+00 0.000000000000000000e+00
8.800000000000000000e+01 9.938387249766097442e-01 6.161275023390255789e-03 0.000000000000000000e+00 0.000000000000000000e+00 9.639039276280405577e-01 6.161275023390255789e-03 0.000000000000000000e+00 0.000000000000000000e+00
8.900000000000000000e+01 9.990278765348582501e-01 9.721234651417498540e-04 0.000000000000000000e+00 0.000000000000000000e+00 9.905093575534217321e-01 9.721234651417498540e-04 0.000000000000000000e+00 0.000000000000000000e+00

Residual energy after optimization is 0.0003750880373993717
Optimization procedure took 774.4625780582428 seconds