### PARAMETERS OF THE TIME EVOLUTION ### 
Total time tau = 90
Timestep dt = 1
P = tau/dt = 90
Number of Fourier coefficients Nc = 90

gamma(t) = t/T*(delta_t + \sum_i^Nc gamma_i*f_i(wi, t) 
beta(t) = (1-t/T)*(delta_t + \sum_i^Nc beta_i*f_i(wi, t)

CRAB coefficient   Cz_start// Cx_start// Cxz_start // pulses//  Cz_opt // Cx_opt // Cxz_opt  
0.000000000000000000e+00 0.000000000000000000e+00 0.000000000000000000e+00 9.659777367564964523e-01 -5.359670967810629960e-02 -1.721840265113061819e-01 0.000000000000000000e+00
0.000000000000000000e+00 0.000000000000000000e+00 0.000000000000000000e+00 1.782396485418546561e+00 4.855378193093660283e-02 -1.771888368522832671e-02 0.000000000000000000e+00
0.000000000000000000e+00 0.000000000000000000e+00 0.000000000000000000e+00 2.007288397666679991e+00 4.617923263411020246e-02 -6.412028026056521002e-02 0.000000000000000000e+00
0.000000000000000000e+00 0.000000000000000000e+00 0.000000000000000000e+00 4.611051140163898943e+00 6.171683815442571136e-02 8.710405601140677658e-04 0.000000000000000000e+00
0.000000000000000000e+00 0.000000000000000000e+00 0.000000000000000000e+00 8.965218285629275030e+00 3.474057146164388071e-02 3.228527182973019161e-02 0.000000000000000000e+00
0.000000000000000000e+00 0.000000000000000000e+00 0.000000000000000000e+00 1.510840474564054681e+00 3.056790751705362394e-02 -6.131262059377397267e-03 0.000000000000000000e+00
0.000000000000000000e+00 0.000000000000000000e+00 0.000000000000000000e+00 5.047289426912262122e+00 9.647352230218288541e-03 5.006284790016582442e-02 0.000000000000000000e+00
0.000000000000000000e+00 0.000000000000000000e+00 0.000000000000000000e+00 9.706379207530300590e+00 -1.426304077222718680e-01 -9.696947177251037664e-02 0.000000000000000000e+00
0.000000000000000000e+00 0.000000000000000000e+00 0.000000000000000000e+00 3.867811106664068355e+00 -7.124747343931407510e-03 -5.832139758083894343e-02 0.000000000000000000e+00
0.000000000000000000e+00 0.000000000000000000e+00 0.000000000000000000e+00 2.004658382413000428e+00 4.628152581422938922e-02 -6.351686706268984406e-02 0.000000000000000000e+00
0.000000000000000000e+00 0.000000000000000000e+00 0.000000000000000000e+00 1.952172432967216098e+00 4.799417519041760533e-02 -5.152078381697926951e-02 0.000000000000000000e+00
0.000000000000000000e+00 0.000000000000000000e+00 0.000000000000000000e+00 1.772646107342750810e+01 -2.363164297308734552e-03 4.064555895102675565e-02 0.000000000000000000e+00
0.000000000000000000e+00 0.000000000000000000e+00 0.000000000000000000e+00 7.282819563565441356e+00 -3.749681145170152829e-02 -3.425382546617808562e-03 0.000000000000000000e+00
0.000000000000000000e+00 0.000000000000000000e+00 0.000000000000000000e+00 3.901973070356424600e+00 -3.351885054985857208e-03 -6.194061538373312609e-02 0.000000000000000000e+00
0.000000000000000000e+00 0.000000000000000000e+00 0.000000000000000000e+00 6.537585801473346336e+00 1.001624928850043950e-01 9.936268913415997883e-02 0.000000000000000000e+00
0.000000000000000000e+00 0.000000000000000000e+00 0.000000000000000000e+00 6.072937937826322852e+00 -2.305632120055910866e-02 -4.466910246513802751e-02 0.000000000000000000e+00
0.000000000000000000e+00 0.000000000000000000e+00 0.000000000000000000e+00 1.727562160902019084e+00 4.687454623778762597e-02 -1.013312337016161052e-02 0.000000000000000000e+00
0.000000000000000000e+00 0.000000000000000000e+00 0.000000000000000000e+00 1.438389017600553599e+00 2.183147381707201476e-02 -1.548454133783735975e-02 0.000000000000000000e+00
0.000000000000000000e+00 0.000000000000000000e+00 0.000000000000000000e+00 3.432866382149875495e+00 -3.358386313330986861e-02 -8.853000958597815467e-03 0.000000000000000000e+00
0.000000000000000000e+00 0.000000000000000000e+00 0.000000000000000000e+00 1.583399475517720090e+00 3.773486141875099370e-02 -2.304568298771355640e-03 0.000000000000000000e+00
0.000000000000000000e+00 0.000000000000000000e+00 0.000000000000000000e+00 1.372975020384532918e+01 -1.308639860606669938e-02 7.854486910907870767e-02 0.000000000000000000e+00
0.000000000000000000e+00 0.000000000000000000e+00 0.000000000000000000e+00 1.079414642039790539e+00 -3.558301300646907195e-02 -1.275963432378570683e-01 0.000000000000000000e+00
0.000000000000000000e+00 0.000000000000000000e+00 0.000000000000000000e+00 7.091931744929350856e+00 3.543072356874623491e-02 7.819706185304739487e-02 0.000000000000000000e+00
0.000000000000000000e+00 0.000000000000000000e+00 0.000000000000000000e+00 3.409513017536919044e+00 -3.381419873570312012e-02 -7.881663311030330521e-03 0.000000000000000000e+00
0.000000000000000000e+00 0.000000000000000000e+00 0.000000000000000000e+00 6.207434166062102854e+00 1.658001667865406301e-02 -8.555553555911980107e-03 0.000000000000000000e+00
0.000000000000000000e+00 0.000000000000000000e+00 0.000000000000000000e+00 1.812021060429751174e+01 -6.699343998990098942e-03 -1.304911957728996097e-01 0.000000000000000000e+00
0.000000000000000000e+00 0.000000000000000000e+00 0.000000000000000000e+00 2.580822326628597896e+00 5.042531817213114290e-03 -1.190819923330420915e-01 0.000000000000000000e+00
0.000000000000000000e+00 0.000000000000000000e+00 0.000000000000000000e+00 1.168627643854062903e+01 1.794017573597712634e-01 3.320436038413455693e-01 0.000000000000000000e+00
0.000000000000000000e+00 0.000000000000000000e+00 0.000000000000000000e+00 4.319862636833950553e+00 4.738549772252496212e-02 -5.489393998412252229e-02 0.000000000000000000e+00
0.000000000000000000e+00 0.000000000000000000e+00 0.000000000000000000e+00 6.390798559799207190e+00 6.937653598099553787e-02 5.317855844380127428e-02 0.000000000000000000e+00
0.000000000000000000e+00 0.000000000000000000e+00 0.000000000000000000e+00 1.996500755319078779e+00 4.658904896098231552e-02 -6.164474491446945981e-02 0.000000000000000000e+00
0.000000000000000000e+00 0.000000000000000000e+00 0.000000000000000000e+00 1.429164396034052320e+00 2.061506187141873281e-02 -1.706812025878234884e-02 0.000000000000000000e+00
0.000000000000000000e+00 0.000000000000000000e+00 0.000000000000000000e+00 4.118907744521788317e+00 2.360314688228350166e-02 -7.158177585911927598e-02 0.000000000000000000e+00
0.000000000000000000e+00 0.000000000000000000e+00 0.000000000000000000e+00 3.408599616224281093e+00 -3.382062669719302500e-02 -7.850023045998763202e-03 0.000000000000000000e+00
0.000000000000000000e+00 0.000000000000000000e+00 0.000000000000000000e+00 5.069681597652953009e+00 5.013672055309318157e-03 4.911669220331229407e-02 0.000000000000000000e+00
0.000000000000000000e+00 0.000000000000000000e+00 0.000000000000000000e+00 6.352526558030625381e+00 5.920991392217921090e-02 3.999898909505290173e-02 0.000000000000000000e+00
0.000000000000000000e+00 0.000000000000000000e+00 0.000000000000000000e+00 1.678584499280635578e+00 4.454358574913928892e-02 -5.344638225773219210e-03 0.000000000000000000e+00
0.000000000000000000e+00 0.000000000000000000e+00 0.000000000000000000e+00 1.542886381110325278e+00 3.393732460962300274e-02 -3.761052231235830802e-03 0.000000000000000000e+00
0.000000000000000000e+00 0.000000000000000000e+00 0.000000000000000000e+00 4.757521129842833929e+00 5.418067570841218761e-02 2.887780047285608623e-02 0.000000000000000000e+00
0.000000000000000000e+00 0.000000000000000000e+00 0.000000000000000000e+00 1.660677899496283860e+00 4.349237221496474182e-02 -4.114468593442358220e-03 0.000000000000000000e+00
0.000000000000000000e+00 0.000000000000000000e+00 0.000000000000000000e+00 8.665995305862930209e+00 7.792032560902555083e-02 8.932696039900096807e-02 0.000000000000000000e+00
0.000000000000000000e+00 0.000000000000000000e+00 0.000000000000000000e+00 2.973712132135876818e+00 -2.188455485087609925e-02 -4.883454704401093277e-02 0.000000000000000000e+00
0.000000000000000000e+00 0.000000000000000000e+00 0.000000000000000000e+00 1.887052556936182413e+01 -8.406298814111565904e-03 -7.437941033822268767e-03 0.000000000000000000e+00
0.000000000000000000e+00 0.000000000000000000e+00 0.000000000000000000e+00 4.519696763859045952e+00 6.099142601289618548e-02 -1.839333298076861051e-02 0.000000000000000000e+00
0.000000000000000000e+00 0.000000000000000000e+00 0.000000000000000000e+00 5.423557380295509489e+00 -6.680795024960352324e-02 -7.208170123643613432e-03 0.000000000000000000e+00
0.000000000000000000e+00 0.000000000000000000e+00 0.000000000000000000e+00 5.990745764612358526e-01 -8.315520269405676790e-02 -2.520883773839375785e-01 0.000000000000000000e+00
0.000000000000000000e+00 0.000000000000000000e+00 0.000000000000000000e+00 1.025438340621979449e+01 4.244787648123268808e-02 1.189832794731575383e-01 0.000000000000000000e+00
0.000000000000000000e+00 0.000000000000000000e+00 0.000000000000000000e+00 5.869491820243154301e+00 -6.919116396337007813e-02 -6.987066384674178732e-02 0.000000000000000000e+00
0.000000000000000000e+00 0.000000000000000000e+00 0.000000000000000000e+00 1.412518882080763483e+01 -1.116839899679936132e-01 7.694611054307708142e-03 0.000000000000000000e+00
0.000000000000000000e+00 0.000000000000000000e+00 0.000000000000000000e+00 3.364707560208145321e+00 -3.395288335381844991e-02 -6.916888609503658858e-03 0.000000000000000000e+00
0.000000000000000000e+00 0.000000000000000000e+00 0.000000000000000000e+00 3.682937477299381701e+00 -2.358990229022440294e-02 -3.426774517707978363e-02 0.000000000000000000e+00
0.000000000000000000e+00 0.000000000000000000e+00 0.000000000000000000e+00 1.601473508375084176e-01 -3.379233586546061263e-02 -1.033411737527448054e-01 0.000000000000000000e+00
0.000000000000000000e+00 0.000000000000000000e+00 0.000000000000000000e+00 5.919730599095411883e+00 -6.010299641822403061e-02 -6.739485133209689727e-02 0.000000000000000000e+00
0.000000000000000000e+00 0.000000000000000000e+00 0.000000000000000000e+00 1.075157353717664321e+01 -5.882920007421533343e-02 -1.939294029461427760e-01 0.000000000000000000e+00
0.000000000000000000e+00 0.000000000000000000e+00 0.000000000000000000e+00 6.021969172034185469e+00 -3.670506278169309577e-02 -5.467585998107056533e-02 0.000000000000000000e+00
0.000000000000000000e+00 0.000000000000000000e+00 0.000000000000000000e+00 7.537312181342503692e-01 -7.777771055567671288e-02 -2.368399197251560007e-01 0.000000000000000000e+00
0.000000000000000000e+00 0.000000000000000000e+00 0.000000000000000000e+00 1.256277369489167350e+00 -5.595735378181608544e-03 -6.160729640145130859e-02 0.000000000000000000e+00
0.000000000000000000e+00 0.000000000000000000e+00 0.000000000000000000e+00 1.825807924770758817e+01 1.893753931071398555e-02 1.076380126757659622e-01 0.000000000000000000e+00
0.000000000000000000e+00 0.000000000000000000e+00 0.000000000000000000e+00 1.423329471115626177e+01 1.365566465198073676e-01 -2.757711375372177975e-02 0.000000000000000000e+00
0.000000000000000000e+00 0.000000000000000000e+00 0.000000000000000000e+00 4.207731831577637749e+00 3.478917408524889732e-02 -6.729461184443077948e-02 0.000000000000000000e+00
0.000000000000000000e+00 0.000000000000000000e+00 0.000000000000000000e+00 3.495516458808687776e+00 -3.240249710743528522e-02 -1.291585341456200423e-02 0.000000000000000000e+00
0.000000000000000000e+00 0.000000000000000000e+00 0.000000000000000000e+00 3.465672043727757723e-01 -6.529278155476439527e-02 -1.989326830465457385e-01 0.000000000000000000e+00
0.000000000000000000e+00 0.000000000000000000e+00 0.000000000000000000e+00 1.043167438438636729e+01 6.424970596782599019e-02 8.615492097358437573e-02 0.000000000000000000e+00
0.000000000000000000e+00 0.000000000000000000e+00 0.000000000000000000e+00 5.866758596211939292e+00 -6.963474361688846981e-02 -6.993372671180553279e-02 0.000000000000000000e+00
0.000000000000000000e+00 0.000000000000000000e+00 0.000000000000000000e+00 7.271230484093602620e+00 -3.298310615629335141e-02 1.934901061424170159e-03 0.000000000000000000e+00
0.000000000000000000e+00 0.000000000000000000e+00 0.000000000000000000e+00 7.347600015067445867e+00 -6.218071771061053910e-02 -3.338844204582116365e-02 0.000000000000000000e+00
0.000000000000000000e+00 0.000000000000000000e+00 0.000000000000000000e+00 2.929642983795533451e-01 -5.753666763749638174e-02 -1.755230085369610671e-01 0.000000000000000000e+00
0.000000000000000000e+00 0.000000000000000000e+00 0.000000000000000000e+00 4.104387091914512453e+00 2.173338872505952910e-02 -7.179941858104413321e-02 0.000000000000000000e+00
0.000000000000000000e+00 0.000000000000000000e+00 0.000000000000000000e+00 2.208993812106126775e+00 3.466256778641326614e-02 -1.058376050878549468e-01 0.000000000000000000e+00
0.000000000000000000e+00 0.000000000000000000e+00 0.000000000000000000e+00 2.185595472632836600e+00 3.629896487576481090e-02 -1.017987168453357572e-01 0.000000000000000000e+00
0.000000000000000000e+00 0.000000000000000000e+00 0.000000000000000000e+00 5.269815605845931117e+00 -3.814911328788389566e-02 2.485796677500986401e-02 0.000000000000000000e+00
0.000000000000000000e+00 0.000000000000000000e+00 0.000000000000000000e+00 2.754438613565830973e+00 -8.076929265399939925e-03 -9.313837054736141818e-02 0.000000000000000000e+00
0.000000000000000000e+00 0.000000000000000000e+00 0.000000000000000000e+00 2.983803275673251765e+00 -2.242577017462031239e-02 -4.686579183111674873e-02 0.000000000000000000e+00
0.000000000000000000e+00 0.000000000000000000e+00 0.000000000000000000e+00 1.028038711200078126e+01 4.895961924428098022e-02 1.197805944750563456e-01 0.000000000000000000e+00
0.000000000000000000e+00 0.000000000000000000e+00 0.000000000000000000e+00 2.343136424453419409e+00 2.439745887626617107e-02 -1.224116230210667844e-01 0.000000000000000000e+00
0.000000000000000000e+00 0.000000000000000000e+00 0.000000000000000000e+00 8.120019313292349494e+00 -7.408441247375725791e-02 -7.994664056762407212e-02 0.000000000000000000e+00
0.000000000000000000e+00 0.000000000000000000e+00 0.000000000000000000e+00 8.627747862812348956e+00 7.545006783652095927e-02 8.744966856063692007e-02 0.000000000000000000e+00
0.000000000000000000e+00 0.000000000000000000e+00 0.000000000000000000e+00 1.523956900237847911e+01 -1.879655532538092311e-02 1.980556288688674338e-02 0.000000000000000000e+00
0.000000000000000000e+00 0.000000000000000000e+00 0.000000000000000000e+00 5.680481649610967132e+00 -8.636492067989989807e-02 -5.814263198031001389e-02 0.000000000000000000e+00
0.000000000000000000e+00 0.000000000000000000e+00 0.000000000000000000e+00 1.034717683510007724e+01 6.086084879708270751e-02 1.132778040371444361e-01 0.000000000000000000e+00
0.000000000000000000e+00 0.000000000000000000e+00 0.000000000000000000e+00 4.946355615184404364e+00 2.889187238212385586e-02 4.948926967210331984e-02 0.000000000000000000e+00
0.000000000000000000e+00 0.000000000000000000e+00 0.000000000000000000e+00 1.152589287383329619e+01 -1.667208247555757306e-01 -1.671037194662734759e-01 0.000000000000000000e+00
0.000000000000000000e+00 0.000000000000000000e+00 0.000000000000000000e+00 9.596328170154144743e+00 -1.496488782826141395e-01 -1.244473229834863054e-01 0.000000000000000000e+00
0.000000000000000000e+00 0.000000000000000000e+00 0.000000000000000000e+00 2.761502081688463672e+00 -8.575347159669928845e-03 -9.180466530388950441e-02 0.000000000000000000e+00
0.000000000000000000e+00 0.000000000000000000e+00 0.000000000000000000e+00 8.785612951466651444e-01 -6.547068543898276749e-02 -2.032477714835614346e-01 0.000000000000000000e+00
0.000000000000000000e+00 0.000000000000000000e+00 0.000000000000000000e+00 1.773105893422614487e+00 4.833759460839168881e-02 -1.628404640783382568e-02 0.000000000000000000e+00
0.000000000000000000e+00 0.000000000000000000e+00 0.000000000000000000e+00 2.432955103738125402e+00 1.707241576197006394e-02 -1.262123794145024458e-01 0.000000000000000000e+00
0.000000000000000000e+00 0.000000000000000000e+00 0.000000000000000000e+00 4.126623820911127005e+00 2.459502785503287284e-02 -7.141118676159077805e-02 0.000000000000000000e+00
0.000000000000000000e+00 0.000000000000000000e+00 0.000000000000000000e+00 2.316052973479439281e+00 2.656017193120493308e-02 -1.200643857983637319e-01 0.000000000000000000e+00
0.000000000000000000e+00 0.000000000000000000e+00 0.000000000000000000e+00 8.672139690517475685e+00 7.814372614949402496e-02 8.942156959763504498e-02 0.000000000000000000e+00

Amplitudes vs time: t // theta_tt_old // theta_mt_old // alpha_cdt_old// theta_tt_opt // theta_mt_opt// alpha_cdt_opt  
0.000000000000000000e+00 5.555555555555555768e-03 9.944444444444444642e-01 0.000000000000000000e+00 2.221561084695608534e-04 7.367245006778639915e-01 0.000000000000000000e+00
1.000000000000000000e+00 1.666666666666666644e-02 9.833333333333332815e-01 0.000000000000000000e+00 2.670208467857523860e-03 6.987869655743498276e-01 0.000000000000000000e+00
2.000000000000000000e+00 2.777777777777777624e-02 9.722222222222222099e-01 0.000000000000000000e+00 1.051933474253589559e-02 6.786360083543402366e-01 0.000000000000000000e+00
3.000000000000000000e+00 3.888888888888888951e-02 9.611111111111111382e-01 0.000000000000000000e+00 2.599077298585998272e-02 6.668364714925287817e-01 0.000000000000000000e+00
4.000000000000000000e+00 5.000000000000000278e-02 9.499999999999999556e-01 0.000000000000000000e+00 4.994779273819618948e-02 6.572591613925263809e-01 0.000000000000000000e+00
5.000000000000000000e+00 6.111111111111110911e-02 9.388888888888888840e-01 0.000000000000000000e+00 8.201584820983461033e-02 6.469712585966898022e-01 0.000000000000000000e+00
6.000000000000000000e+00 7.222222222222221544e-02 9.277777777777778123e-01 0.000000000000000000e+00 1.209142223058174426e-01 6.356423409438687333e-01 0.000000000000000000e+00
7.000000000000000000e+00 8.333333333333332871e-02 9.166666666666666297e-01 0.000000000000000000e+00 1.648569120150312206e-01 6.246456461553705486e-01 0.000000000000000000e+00
8.000000000000000000e+00 9.444444444444444198e-02 9.055555555555555580e-01 0.000000000000000000e+00 2.119019635422095815e-01 6.160451603971489609e-01 0.000000000000000000e+00
9.000000000000000000e+00 1.055555555555555552e-01 8.944444444444444864e-01 0.000000000000000000e+00 2.601857712097114250e-01 6.116617236085314380e-01 0.000000000000000000e+00
1.000000000000000000e+01 1.166666666666666685e-01 8.833333333333333037e-01 0.000000000000000000e+00 3.080418059413244647e-01 6.123896534070513153e-01 0.000000000000000000e+00
1.100000000000000000e+01 1.277777777777777679e-01 8.722222222222222321e-01 0.000000000000000000e+00 3.540450219890406425e-01 6.178785596576815697e-01 0.000000000000000000e+00
1.200000000000000000e+01 1.388888888888888951e-01 8.611111111111111605e-01 0.000000000000000000e+00 3.970314547736059074e-01 6.266076518433499887e-01 0.000000000000000000e+00
1.300000000000000000e+01 1.499999999999999944e-01 8.499999999999999778e-01 0.000000000000000000e+00 4.361226832278551346e-01 6.362831245148377057e-01 0.000000000000000000e+00
1.400000000000000000e+01 1.611111111111111216e-01 8.388888888888889062e-01 0.000000000000000000e+00 4.707548160587616826e-01 6.444127150790845970e-01 0.000000000000000000e+00
1.500000000000000000e+01 1.722222222222222210e-01 8.277777777777777235e-01 0.000000000000000000e+00 5.006913164072464006e-01 6.488801688712377835e-01 0.000000000000000000e+00
1.600000000000000000e+01 1.833333333333333204e-01 8.166666666666666519e-01 0.000000000000000000e+00 5.259995932722951739e-01 6.483651005323360916e-01 0.000000000000000000e+00
1.700000000000000000e+01 1.944444444444444475e-01 8.055555555555555802e-01 0.000000000000000000e+00 5.469903588911452230e-01 6.425196077930508398e-01 0.000000000000000000e+00
1.800000000000000000e+01 2.055555555555555469e-01 7.944444444444445086e-01 0.000000000000000000e+00 5.641423047905876897e-01 6.318958614619256675e-01 0.000000000000000000e+00
1.900000000000000000e+01 2.166666666666666741e-01 7.833333333333333259e-01 0.000000000000000000e+00 5.780456527411742540e-01 6.176888074415501917e-01 0.000000000000000000e+00
2.000000000000000000e+01 2.277777777777777735e-01 7.722222222222222543e-01 0.000000000000000000e+00 5.893865475995876402e-01 6.013935818395564903e-01 0.000000000000000000e+00
2.100000000000000000e+01 2.388888888888889006e-01 7.611111111111110716e-01 0.000000000000000000e+00 5.989634539722477058e-01 5.844730374643226645e-01 0.000000000000000000e+00
2.200000000000000000e+01 2.500000000000000000e-01 7.500000000000000000e-01 0.000000000000000000e+00 6.076928284192615326e-01 5.680980822467268654e-01 0.000000000000000000e+00
2.300000000000000000e+01 2.611111111111111271e-01 7.388888888888889284e-01 0.000000000000000000e+00 6.165455101726273757e-01 5.529828581015159283e-01 0.000000000000000000e+00
2.400000000000000000e+01 2.722222222222221988e-01 7.277777777777778567e-01 0.000000000000000000e+00 6.263724506153622862e-01 5.393075371897395609e-01 0.000000000000000000e+00
2.500000000000000000e+01 2.833333333333333259e-01 7.166666666666666741e-01 0.000000000000000000e+00 6.376281462208460704e-01 5.267131223533789708e-01 0.000000000000000000e+00
2.600000000000000000e+01 2.944444444444444531e-01 7.055555555555554914e-01 0.000000000000000000e+00 6.500643229678884083e-01 5.143614039720915132e-01 0.000000000000000000e+00
2.700000000000000000e+01 3.055555555555555802e-01 6.944444444444444198e-01 0.000000000000000000e+00 6.625155861881427688e-01 5.010658549732456279e-01 0.000000000000000000e+00
2.800000000000000000e+01 3.166666666666666519e-01 6.833333333333333481e-01 0.000000000000000000e+00 6.729048712260276011e-01 4.855010434057527302e-01 0.000000000000000000e+00
2.900000000000000000e+01 3.277777777777777790e-01 6.722222222222222765e-01 0.000000000000000000e+00 6.785466686590088115e-01 4.664815684209468460e-01 0.000000000000000000e+00
3.000000000000000000e+01 3.388888888888889062e-01 6.611111111111110938e-01 0.000000000000000000e+00 6.767305297212915516e-01 4.432708558881268135e-01 0.000000000000000000e+00
3.100000000000000000e+01 3.499999999999999778e-01 6.500000000000000222e-01 0.000000000000000000e+00 6.654584665364100537e-01 4.158499304288187370e-01 0.000000000000000000e+00
3.200000000000000000e+01 3.611111111111111049e-01 6.388888888888888395e-01 0.000000000000000000e+00 6.441301109922664692e-01 3.850643074562517532e-01 0.000000000000000000e+00
3.300000000000000000e+01 3.722222222222222321e-01 6.277777777777777679e-01 0.000000000000000000e+00 6.139547352935956770e-01 3.525853344268231604e-01 0.000000000000000000e+00
3.400000000000000000e+01 3.833333333333333592e-01 6.166666666666666963e-01 0.000000000000000000e+00 5.779328841393408522e-01 3.206698465050047964e-01 0.000000000000000000e+00
3.500000000000000000e+01 3.944444444444444309e-01 6.055555555555556246e-01 0.000000000000000000e+00 5.403759350390556770e-01 2.917642083968028377e-01 0.000000000000000000e+00
3.600000000000000000e+01 4.055555555555555580e-01 5.944444444444444420e-01 0.000000000000000000e+00 5.060774615254807207e-01 2.680524748567792437e-01 0.000000000000000000e+00
3.700000000000000000e+01 4.166666666666666852e-01 5.833333333333332593e-01 0.000000000000000000e+00 4.793636454478959474e-01 2.510714019012048603e-01 0.000000000000000000e+00
3.800000000000000000e+01 4.277777777777777568e-01 5.722222222222221877e-01 0.000000000000000000e+00 4.632888509655310738e-01 2.414961043999131196e-01 0.000000000000000000e+00
3.900000000000000000e+01 4.388888888888888840e-01 5.611111111111111160e-01 0.000000000000000000e+00 4.591913232243782783e-01 2.391443423982688443e-01 0.000000000000000000e+00
4.000000000000000000e+01 4.500000000000000111e-01 5.500000000000000444e-01 0.000000000000000000e+00 4.667008580320868294e-01 2.431748048439424381e-01 0.000000000000000000e+00
4.100000000000000000e+01 4.611111111111111382e-01 5.388888888888888618e-01 0.000000000000000000e+00 4.841403709119653231e-01 2.523926885832254441e-01 0.000000000000000000e+00
4.200000000000000000e+01 4.722222222222222099e-01 5.277777777777777901e-01 0.000000000000000000e+00 5.091415758850141859e-01 2.655479364387108299e-01 0.000000000000000000e+00
4.300000000000000000e+01 4.833333333333333370e-01 5.166666666666666075e-01 0.000000000000000000e+00 5.392450107855372154e-01 2.815278765765316660e-01 0.000000000000000000e+00
4.400000000000000000e+01 4.944444444444444642e-01 5.055555555555555358e-01 0.000000000000000000e+00 5.722917299135112934e-01 2.993992115718857039e-01 0.000000000000000000e+00
4.500000000000000000e+01 5.055555555555555358e-01 4.944444444444444642e-01 0.000000000000000000e+00 6.065196799488323798e-01 3.183221889322070397e-01 0.000000000000000000e+00
4.600000000000000000e+01 5.166666666666667185e-01 4.833333333333332815e-01 0.000000000000000000e+00 6.404077595797832423e-01 3.374145389236226089e-01 0.000000000000000000e+00
4.700000000000000000e+01 5.277777777777777901e-01 4.722222222222222099e-01 0.000000000000000000e+00 6.724126564902279668e-01 3.556622314233429116e-01 0.000000000000000000e+00
4.800000000000000000e+01 5.388888888888888618e-01 4.611111111111111382e-01 0.000000000000000000e+00 7.007785115249753893e-01 3.719507149889539344e-01 0.000000000000000000e+00
4.900000000000000000e+01 5.500000000000000444e-01 4.499999999999999556e-01 0.000000000000000000e+00 7.235561530029226418e-01 3.852340346719481112e-01 0.000000000000000000e+00
5.000000000000000000e+01 5.611111111111111160e-01 4.388888888888888840e-01 0.000000000000000000e+00 7.388676596543913844e-01 3.947934177674853329e-01 0.000000000000000000e+00
5.100000000000000000e+01 5.722222222222221877e-01 4.277777777777778123e-01 0.000000000000000000e+00 7.453364675158113961e-01 4.004887467520755195e-01 0.000000000000000000e+00
5.200000000000000000e+01 5.833333333333333703e-01 4.166666666666666297e-01 0.000000000000000000e+00 7.425208579149642496e-01 4.028958933471487036e-01 0.000000000000000000e+00
5.300000000000000000e+01 5.944444444444444420e-01 4.055555555555555580e-01 0.000000000000000000e+00 7.311725570997288370e-01 4.032552373400631329e-01 0.000000000000000000e+00
5.400000000000000000e+01 6.055555555555555136e-01 3.944444444444444864e-01 0.000000000000000000e+00 7.131980889510062260e-01 4.032200710490253526e-01 0.000000000000000000e+00
5.500000000000000000e+01 6.166666666666666963e-01 3.833333333333333037e-01 0.000000000000000000e+00 6.913054724785914207e-01 4.044642415513012845e-01 0.000000000000000000e+00
5.600000000000000000e+01 6.277777777777777679e-01 3.722222222222222321e-01 0.000000000000000000e+00 6.684312868023941645e-01 4.082599799547544372e-01 0.000000000000000000e+00
5.700000000000000000e+01 6.388888888888888395e-01 3.611111111111111605e-01 0.000000000000000000e+00 6.471200107757908437e-01 4.151506278582460241e-01 0.000000000000000000e+00
5.800000000000000000e+01 6.500000000000000222e-01 3.499999999999999778e-01 0.000000000000000000e+00 6.290412940564642508e-01 4.248145057186613061e-01 0.000000000000000000e+00
5.900000000000000000e+01 6.611111111111110938e-01 3.388888888888889062e-01 0.000000000000000000e+00 6.147792184963960516e-01 4.361565313681100564e-01 0.000000000000000000e+00
6.000000000000000000e+01 6.722222222222222765e-01 3.277777777777777235e-01 0.000000000000000000e+00 6.039331809220613856e-01 4.475950287832888841e-01 0.000000000000000000e+00
6.100000000000000000e+01 6.833333333333333481e-01 3.166666666666666519e-01 0.000000000000000000e+00 5.954696680574012024e-01 4.574561221937160083e-01 0.000000000000000000e+00
6.200000000000000000e+01 6.944444444444444198e-01 3.055555555555555802e-01 0.000000000000000000e+00 5.881938928249610399e-01 4.643641150225329972e-01 0.000000000000000000e+00
6.300000000000000000e+01 7.055555555555556024e-01 2.944444444444443976e-01 0.000000000000000000e+00 5.811913704711674233e-01 4.675279640897985756e-01 0.000000000000000000e+00
6.400000000000000000e+01 7.166666666666666741e-01 2.833333333333333259e-01 0.000000000000000000e+00 5.741219854848813586e-01 4.668633169417566453e-01 0.000000000000000000e+00
6.500000000000000000e+01 7.277777777777777457e-01 2.722222222222222543e-01 0.000000000000000000e+00 5.673138732220377456e-01 4.629401948543409584e-01 0.000000000000000000e+00
6.600000000000000000e+01 7.388888888888889284e-01 2.611111111111110716e-01 0.000000000000000000e+00 5.616731886460502032e-01 4.567906266905090718e-01 0.000000000000000000e+00
6.700000000000000000e+01 7.500000000000000000e-01 2.500000000000000000e-01 0.000000000000000000e+00 5.584733905896039907e-01 4.496361599020342603e-01 0.000000000000000000e+00
6.800000000000000000e+01 7.611111111111110716e-01 2.388888888888889284e-01 0.000000000000000000e+00 5.591016702231235147e-01 4.425991124687382317e-01 0.000000000000000000e+00
6.900000000000000000e+01 7.722222222222222543e-01 2.277777777777777457e-01 0.000000000000000000e+00 5.648241221209955309e-01 4.364492220305473125e-01 0.000000000000000000e+00
7.000000000000000000e+01 7.833333333333333259e-01 2.166666666666666741e-01 0.000000000000000000e+00 5.766004905357838828e-01 4.314191188685400635e-01 0.000000000000000000e+00
7.100000000000000000e+01 7.944444444444443976e-01 2.055555555555556024e-01 0.000000000000000000e+00 5.949521290703472243e-01 4.271070457145073607e-01 0.000000000000000000e+00
7.200000000000000000e+01 8.055555555555555802e-01 1.944444444444444198e-01 0.000000000000000000e+00 6.198755065473471326e-01 4.224775224377518290e-01 0.000000000000000000e+00
7.300000000000000000e+01 8.166666666666666519e-01 1.833333333333333481e-01 0.000000000000000000e+00 6.507993992862926014e-01 4.159677758963578609e-01 0.000000000000000000e+00
7.400000000000000000e+01 8.277777777777777235e-01 1.722222222222222765e-01 0.000000000000000000e+00 6.865977817128721128e-01 4.057029812884443420e-01 0.000000000000000000e+00
7.500000000000000000e+01 8.388888888888889062e-01 1.611111111111110938e-01 0.000000000000000000e+00 7.256789206055103136e-01 3.898101053408658534e-01 0.000000000000000000e+00
7.600000000000000000e+01 8.499999999999999778e-01 1.500000000000000222e-01 0.000000000000000000e+00 7.661641952653099885e-01 3.667965335837265473e-01 0.000000000000000000e+00
7.700000000000000000e+01 8.611111111111111605e-01 1.388888888888888395e-01 0.000000000000000000e+00 8.061466450452308141e-01 3.359309368798409356e-01 0.000000000000000000e+00
7.800000000000000000e+01 8.722222222222222321e-01 1.277777777777777679e-01 0.000000000000000000e+00 8.439880599857859655e-01 2.975412273185994438e-01 0.000000000000000000e+00
7.900000000000000000e+01 8.833333333333333037e-01 1.166666666666666963e-01 0.000000000000000000e+00 8.785891572452078080e-01 2.531408701127330074e-01 0.000000000000000000e+00
8.000000000000000000e+01 8.944444444444444864e-01 1.055555555555555136e-01 0.000000000000000000e+00 9.095631086816537980e-01 2.053189188971974999e-01 0.000000000000000000e+00
8.100000000000000000e+01 9.055555555555555580e-01 9.444444444444444198e-02 0.000000000000000000e+00 9.372633780851282737e-01 1.573804130504656840e-01 0.000000000000000000e+00
8.200000000000000000e+01 9.166666666666666297e-01 8.333333333333337034e-02 0.000000000000000000e+00 9.626565487156604206e-01 1.127908106167291036e-01 0.000000000000000000e+00
8.300000000000000000e+01 9.277777777777778123e-01 7.222222222222218768e-02 0.000000000000000000e+00 9.870750709612341467e-01 7.454121148515072126e-02 0.000000000000000000e+00
8.400000000000000000e+01 9.388888888888888840e-01 6.111111111111111605e-02 0.000000000000000000e+00 1.011916966547941055e+00 4.458849211299144993e-02 0.000000000000000000e+00
8.500000000000000000e+01 9.499999999999999556e-01 5.000000000000004441e-02 0.000000000000000000e+00 1.038368042690109405e+00 2.352013982701287725e-02 0.000000000000000000e+00
8.600000000000000000e+01 9.611111111111111382e-01 3.888888888888886175e-02 0.000000000000000000e+00 1.067205774241618776e+00 1.054381203156656843e-02 0.000000000000000000e+00
8.700000000000000000e+01 9.722222222222222099e-01 2.777777777777779011e-02 0.000000000000000000e+00 1.098711656164466755e+00 3.817569975551377351e-03 0.000000000000000000e+00
8.800000000000000000e+01 9.833333333333332815e-01 1.666666666666671848e-02 0.000000000000000000e+00 1.132685159724544643e+00 1.041779244368220159e-03 0.000000000000000000e+00
8.900000000000000000e+01 9.944444444444444642e-01 5.555555555555535818e-03 0.000000000000000000e+00 1.168530755274411304e+00 1.565271516823528225e-04 0.000000000000000000e+00

Residual energy after optimization is 7.681220888103138e-10 C0x=0.01824925152167359 C0z=1.1868924872459756 C0xz=1.0
Optimization procedure took 1008.2121827602386 seconds