### PARAMETERS OF THE TIME EVOLUTION ### 
Total time tau = 45
Timestep dt = 1
P = tau/dt = 45
Number of Fourier coefficients Nc = 45

gamma(t) = t/T*(delta_t + \sum_i^Nc gamma_i*f_i(wi, t) 
beta(t) = (1-t/T)*(delta_t + \sum_i^Nc beta_i*f_i(wi, t)

CRAB coefficient   Cz_start// Cx_start// Cxz_start // pulses//  Cz_opt // Cx_opt // Cxz_opt  
0.000000000000000000e+00 0.000000000000000000e+00 0.000000000000000000e+00 1.874351908014963897e+01 -2.405772768794159442e-03 -8.443487977650210091e-04 0.000000000000000000e+00
0.000000000000000000e+00 0.000000000000000000e+00 0.000000000000000000e+00 1.214063735037490099e+00 -3.695262244766872328e+01 -2.936681108520939443e+00 0.000000000000000000e+00
0.000000000000000000e+00 0.000000000000000000e+00 0.000000000000000000e+00 9.638207752927382188e+00 -2.448421119081775288e+01 1.491526970146925812e+01 0.000000000000000000e+00
0.000000000000000000e+00 0.000000000000000000e+00 0.000000000000000000e+00 2.474540202940088029e+00 5.959388571726732309e+00 -1.509675505387325645e+00 0.000000000000000000e+00
0.000000000000000000e+00 0.000000000000000000e+00 0.000000000000000000e+00 1.972265999864057040e+00 2.569820573964721788e+01 3.264484139210284575e+00 0.000000000000000000e+00
0.000000000000000000e+00 0.000000000000000000e+00 0.000000000000000000e+00 6.139505881030329348e+00 -1.880815619305221631e+01 -4.425827135376875887e+00 0.000000000000000000e+00
0.000000000000000000e+00 0.000000000000000000e+00 0.000000000000000000e+00 2.489493178804512930e+00 3.515986878441222707e+00 -1.697008701464987279e+00 0.000000000000000000e+00
0.000000000000000000e+00 0.000000000000000000e+00 0.000000000000000000e+00 1.686582043431399169e+00 -1.180957062151899528e+01 1.137394079790223111e+00 0.000000000000000000e+00
0.000000000000000000e+00 0.000000000000000000e+00 0.000000000000000000e+00 1.296771612339055402e+01 1.732446543279985818e+00 -5.189567094129112768e-01 0.000000000000000000e+00
0.000000000000000000e+00 0.000000000000000000e+00 0.000000000000000000e+00 4.085069512652598434e+00 1.244839081218744425e+01 -2.248629186339444974e+00 0.000000000000000000e+00
0.000000000000000000e+00 0.000000000000000000e+00 0.000000000000000000e+00 1.621295907846306150e+01 -8.930142151463694999e-02 9.676173705254004220e-03 0.000000000000000000e+00
0.000000000000000000e+00 0.000000000000000000e+00 0.000000000000000000e+00 4.432166914473501862e+00 -2.757638769489884467e+01 -5.624636126965159910e+00 0.000000000000000000e+00
0.000000000000000000e+00 0.000000000000000000e+00 0.000000000000000000e+00 6.261392173659586113e+00 -3.770586132977076943e+01 -1.990718706258485793e-01 0.000000000000000000e+00
0.000000000000000000e+00 0.000000000000000000e+00 0.000000000000000000e+00 1.048840613262475685e+01 8.880648922695714020e+01 -2.282273499530400684e+01 0.000000000000000000e+00
0.000000000000000000e+00 0.000000000000000000e+00 0.000000000000000000e+00 1.828494602268969160e+01 2.085825780055715253e-03 1.738764916426528695e-03 0.000000000000000000e+00
0.000000000000000000e+00 0.000000000000000000e+00 0.000000000000000000e+00 1.086537397016315154e+01 -1.193823495882935504e+02 2.910432114231860723e+01 0.000000000000000000e+00
0.000000000000000000e+00 0.000000000000000000e+00 0.000000000000000000e+00 3.722963262617395852e+00 4.172770231916137718e+00 4.946003804192376840e+00 0.000000000000000000e+00
0.000000000000000000e+00 0.000000000000000000e+00 0.000000000000000000e+00 7.350520589368999325e+00 4.138108519681265562e+01 -1.267683311802308666e+01 0.000000000000000000e+00
0.000000000000000000e+00 0.000000000000000000e+00 0.000000000000000000e+00 4.721686590519232674e+00 -4.654374023706791519e+01 -1.491869340792143062e+00 0.000000000000000000e+00
0.000000000000000000e+00 0.000000000000000000e+00 0.000000000000000000e+00 1.347464555104945028e+01 -4.920731491762450061e-01 1.795834398239301855e-01 0.000000000000000000e+00
0.000000000000000000e+00 0.000000000000000000e+00 0.000000000000000000e+00 5.367645960742611244e+00 3.963953142538242247e+01 2.108182680060795011e+00 0.000000000000000000e+00
0.000000000000000000e+00 0.000000000000000000e+00 0.000000000000000000e+00 1.614100590776305211e+01 8.874049673204276178e-02 -7.945891907944718606e-04 0.000000000000000000e+00
0.000000000000000000e+00 0.000000000000000000e+00 0.000000000000000000e+00 2.471909278914826480e+00 6.382769932339463992e+00 -1.476189625666600280e+00 0.000000000000000000e+00
0.000000000000000000e+00 0.000000000000000000e+00 0.000000000000000000e+00 1.116994904049108328e+01 5.668965440588785754e+01 -1.362100126953111534e+01 0.000000000000000000e+00
0.000000000000000000e+00 0.000000000000000000e+00 0.000000000000000000e+00 1.222124844147526268e+01 -4.541317808622473251e+00 1.170378739072827079e+00 0.000000000000000000e+00
0.000000000000000000e+00 0.000000000000000000e+00 0.000000000000000000e+00 1.148526809822395300e+00 -3.135612555046835226e+01 -2.739624169371603912e+00 0.000000000000000000e+00
0.000000000000000000e+00 0.000000000000000000e+00 0.000000000000000000e+00 5.755979413051603544e+00 4.700047293260583103e+01 -7.067961989123413780e+00 0.000000000000000000e+00
0.000000000000000000e+00 0.000000000000000000e+00 0.000000000000000000e+00 4.120927371308187759e+00 9.621568222074005305e+00 -2.959264356295288056e+00 0.000000000000000000e+00
0.000000000000000000e+00 0.000000000000000000e+00 0.000000000000000000e+00 2.201519770185647928e+00 3.386002578159578036e+01 2.054974238990105562e+00 0.000000000000000000e+00
0.000000000000000000e+00 0.000000000000000000e+00 0.000000000000000000e+00 3.979628838399535073e+00 1.724193252669156351e+01 4.173576003655229960e-02 0.000000000000000000e+00
0.000000000000000000e+00 0.000000000000000000e+00 0.000000000000000000e+00 3.847567055613806186e+00 1.485168693774087423e+01 2.878279710894918519e+00 0.000000000000000000e+00
0.000000000000000000e+00 0.000000000000000000e+00 0.000000000000000000e+00 8.586433296249444069e+00 1.079745184514881196e+01 7.750461465036484476e+00 0.000000000000000000e+00
0.000000000000000000e+00 0.000000000000000000e+00 0.000000000000000000e+00 9.095411432418401887e+00 2.369312934684434069e+01 -1.736274009088803538e+01 0.000000000000000000e+00
0.000000000000000000e+00 0.000000000000000000e+00 0.000000000000000000e+00 8.721428136631281802e+00 3.419848128354048100e+01 -1.509273920664685242e+00 0.000000000000000000e+00
0.000000000000000000e+00 0.000000000000000000e+00 0.000000000000000000e+00 4.862764697086585652e-01 5.198188635319305462e+01 4.683702661692444202e+00 0.000000000000000000e+00
0.000000000000000000e+00 0.000000000000000000e+00 0.000000000000000000e+00 9.451257745248122788e+00 -3.348458141326898385e+01 2.230206590712298542e+00 0.000000000000000000e+00
0.000000000000000000e+00 0.000000000000000000e+00 0.000000000000000000e+00 8.018740412026083675e+00 -6.899513991196897678e+01 5.424471742892968962e+00 0.000000000000000000e+00
0.000000000000000000e+00 0.000000000000000000e+00 0.000000000000000000e+00 5.072981435531932703e+00 -1.077738654856007194e+01 4.428166367384651636e+00 0.000000000000000000e+00
0.000000000000000000e+00 0.000000000000000000e+00 0.000000000000000000e+00 6.713798518807116977e+00 -2.778012871010608009e+01 1.215434135286632689e+01 0.000000000000000000e+00
0.000000000000000000e+00 0.000000000000000000e+00 0.000000000000000000e+00 9.477940670834974490e-01 -3.624763358707800975e+00 -8.192648838650726795e-01 0.000000000000000000e+00
0.000000000000000000e+00 0.000000000000000000e+00 0.000000000000000000e+00 3.949312236733784509e+00 1.754505333846714876e+01 7.183720514916452915e-01 0.000000000000000000e+00
0.000000000000000000e+00 0.000000000000000000e+00 0.000000000000000000e+00 2.955378185131358304e+00 -6.793296294904047272e+01 -1.980637790772018736e+00 0.000000000000000000e+00
0.000000000000000000e+00 0.000000000000000000e+00 0.000000000000000000e+00 8.037306860079634907e-01 2.010551927163077579e+01 1.285473307399926934e+00 0.000000000000000000e+00
0.000000000000000000e+00 0.000000000000000000e+00 0.000000000000000000e+00 5.111391775889875255e+00 -3.985284622719645231e+00 4.591374727270854272e+00 0.000000000000000000e+00
0.000000000000000000e+00 0.000000000000000000e+00 0.000000000000000000e+00 7.072390015190144652e+00 3.335929239408942237e+01 1.144719534322398369e+00 0.000000000000000000e+00

Amplitudes vs time: t // theta_tt_old // theta_mt_old // alpha_cdt_old// theta_tt_opt // theta_mt_opt// alpha_cdt_opt  
0.000000000000000000e+00 1.111111111111111154e-02 9.888888888888889284e-01 0.000000000000000000e+00 1.506746483463416997e-01 7.678942892053697289e-01 0.000000000000000000e+00
1.000000000000000000e+00 3.333333333333333287e-02 9.666666666666666741e-01 0.000000000000000000e+00 3.843126836869417140e-01 7.567406053937046906e-01 0.000000000000000000e+00
2.000000000000000000e+00 5.555555555555555247e-02 9.444444444444444198e-01 0.000000000000000000e+00 5.208556630914199514e-01 7.504663331889018796e-01 0.000000000000000000e+00
3.000000000000000000e+00 7.777777777777777901e-02 9.222222222222222765e-01 0.000000000000000000e+00 5.995288725304439570e-01 7.474814416253534599e-01 0.000000000000000000e+00
4.000000000000000000e+00 1.000000000000000056e-01 9.000000000000000222e-01 0.000000000000000000e+00 6.476226983985537977e-01 7.478481352980201891e-01 0.000000000000000000e+00
5.000000000000000000e+00 1.222222222222222182e-01 8.777777777777777679e-01 0.000000000000000000e+00 6.780375685376457406e-01 7.490185056951541576e-01 0.000000000000000000e+00
6.000000000000000000e+00 1.444444444444444309e-01 8.555555555555556246e-01 0.000000000000000000e+00 6.988556648711647945e-01 7.496178083648605828e-01 0.000000000000000000e+00
7.000000000000000000e+00 1.666666666666666574e-01 8.333333333333333703e-01 0.000000000000000000e+00 7.149854127947470328e-01 7.495381000152192552e-01 0.000000000000000000e+00
8.000000000000000000e+00 1.888888888888888840e-01 8.111111111111111160e-01 0.000000000000000000e+00 7.280724418512345419e-01 7.488537609417780239e-01 0.000000000000000000e+00
9.000000000000000000e+00 2.111111111111111105e-01 7.888888888888888618e-01 0.000000000000000000e+00 7.384988636166864850e-01 7.478093084285839520e-01 0.000000000000000000e+00
1.000000000000000000e+01 2.333333333333333370e-01 7.666666666666666075e-01 0.000000000000000000e+00 7.468915837602265739e-01 7.468833886029960789e-01 0.000000000000000000e+00
1.100000000000000000e+01 2.555555555555555358e-01 7.444444444444444642e-01 0.000000000000000000e+00 7.538157556641758017e-01 7.462758710376006244e-01 0.000000000000000000e+00
1.200000000000000000e+01 2.777777777777777901e-01 7.222222222222222099e-01 0.000000000000000000e+00 7.594303918071700910e-01 7.456439517889562607e-01 0.000000000000000000e+00
1.300000000000000000e+01 2.999999999999999889e-01 6.999999999999999556e-01 0.000000000000000000e+00 7.640191430939697881e-01 7.445655989286834586e-01 0.000000000000000000e+00
1.400000000000000000e+01 3.222222222222222432e-01 6.777777777777778123e-01 0.000000000000000000e+00 7.682205159020144558e-01 7.430580523146596006e-01 0.000000000000000000e+00
1.500000000000000000e+01 3.444444444444444420e-01 6.555555555555555580e-01 0.000000000000000000e+00 7.723978443007708528e-01 7.414700329437856618e-01 0.000000000000000000e+00
1.600000000000000000e+01 3.666666666666666408e-01 6.333333333333333037e-01 0.000000000000000000e+00 7.763015818707434956e-01 7.399670075310317285e-01 0.000000000000000000e+00
1.700000000000000000e+01 3.888888888888888951e-01 6.111111111111111605e-01 0.000000000000000000e+00 7.797119370524936421e-01 7.382734968601988301e-01 0.000000000000000000e+00
1.800000000000000000e+01 4.111111111111110938e-01 5.888888888888889062e-01 0.000000000000000000e+00 7.830065434615259834e-01 7.359385130917136530e-01 0.000000000000000000e+00
1.900000000000000000e+01 4.333333333333333481e-01 5.666666666666666519e-01 0.000000000000000000e+00 7.866874984239580204e-01 7.327888570354949005e-01 0.000000000000000000e+00
2.000000000000000000e+01 4.555555555555555469e-01 5.444444444444445086e-01 0.000000000000000000e+00 7.906818533429927909e-01 7.290298170413695988e-01 0.000000000000000000e+00
2.100000000000000000e+01 4.777777777777778012e-01 5.222222222222221433e-01 0.000000000000000000e+00 7.946606010852835800e-01 7.248096317122600940e-01 0.000000000000000000e+00
2.200000000000000000e+01 5.000000000000000000e-01 5.000000000000000000e-01 0.000000000000000000e+00 7.989234859766389807e-01 7.197422296300375333e-01 0.000000000000000000e+00
2.300000000000000000e+01 5.222222222222222543e-01 4.777777777777777457e-01 0.000000000000000000e+00 8.043214149150037517e-01 7.131665118369766576e-01 0.000000000000000000e+00
2.400000000000000000e+01 5.444444444444443976e-01 4.555555555555556024e-01 0.000000000000000000e+00 8.110370566273565895e-01 7.051705509226258162e-01 0.000000000000000000e+00
2.500000000000000000e+01 5.666666666666666519e-01 4.333333333333333481e-01 0.000000000000000000e+00 8.178236463455852423e-01 6.972064811505243043e-01 0.000000000000000000e+00
2.600000000000000000e+01 5.888888888888889062e-01 4.111111111111110938e-01 0.000000000000000000e+00 8.228686502345941012e-01 6.911234954426301869e-01 0.000000000000000000e+00
2.700000000000000000e+01 6.111111111111111605e-01 3.888888888888888395e-01 0.000000000000000000e+00 8.254390288033832679e-01 6.872226054680524721e-01 0.000000000000000000e+00
2.800000000000000000e+01 6.333333333333333037e-01 3.666666666666666963e-01 0.000000000000000000e+00 8.265815429792064961e-01 6.835349268010117996e-01 0.000000000000000000e+00
2.900000000000000000e+01 6.555555555555555580e-01 3.444444444444444420e-01 0.000000000000000000e+00 8.282493157680641538e-01 6.775403002501338978e-01 0.000000000000000000e+00
3.000000000000000000e+01 6.777777777777778123e-01 3.222222222222221877e-01 0.000000000000000000e+00 8.317056960716637803e-01 6.686268695173362975e-01 0.000000000000000000e+00
3.100000000000000000e+01 6.999999999999999556e-01 3.000000000000000444e-01 0.000000000000000000e+00 8.365517166648845926e-01 6.583382335394168949e-01 0.000000000000000000e+00
3.200000000000000000e+01 7.222222222222222099e-01 2.777777777777777901e-01 0.000000000000000000e+00 8.412901166968416167e-01 6.478959589726380752e-01 0.000000000000000000e+00
3.300000000000000000e+01 7.444444444444444642e-01 2.555555555555555358e-01 0.000000000000000000e+00 8.452147774081384402e-01 6.359162355160679070e-01 0.000000000000000000e+00
3.400000000000000000e+01 7.666666666666667185e-01 2.333333333333332815e-01 0.000000000000000000e+00 8.498836457926710608e-01 6.192075080416221677e-01 0.000000000000000000e+00
3.500000000000000000e+01 7.888888888888888618e-01 2.111111111111111382e-01 0.000000000000000000e+00 8.581112160650151699e-01 5.957111703596442709e-01 0.000000000000000000e+00
3.600000000000000000e+01 8.111111111111111160e-01 1.888888888888888840e-01 0.000000000000000000e+00 8.709294725939491499e-01 5.657526454186591058e-01 0.000000000000000000e+00
3.700000000000000000e+01 8.333333333333333703e-01 1.666666666666666297e-01 0.000000000000000000e+00 8.862458256174788884e-01 5.297428211737493786e-01 0.000000000000000000e+00
3.800000000000000000e+01 8.555555555555555136e-01 1.444444444444444864e-01 0.000000000000000000e+00 9.019355062771535758e-01 4.851486172763347371e-01 0.000000000000000000e+00
3.900000000000000000e+01 8.777777777777777679e-01 1.222222222222222321e-01 0.000000000000000000e+00 9.200736979473864707e-01 4.270484215319668708e-01 0.000000000000000000e+00
4.000000000000000000e+01 9.000000000000000222e-01 9.999999999999997780e-02 0.000000000000000000e+00 9.453277613907972166e-01 3.526956441686908139e-01 0.000000000000000000e+00
4.100000000000000000e+01 9.222222222222222765e-01 7.777777777777772350e-02 0.000000000000000000e+00 9.763890233474572522e-01 2.657191107860824020e-01 0.000000000000000000e+00
4.200000000000000000e+01 9.444444444444444198e-01 5.555555555555558023e-02 0.000000000000000000e+00 9.998685951477974676e-01 1.756518336612288289e-01 0.000000000000000000e+00
4.300000000000000000e+01 9.666666666666666741e-01 3.333333333333332593e-02 0.000000000000000000e+00 9.972191801639289643e-01 9.331430040196120324e-02 0.000000000000000000e+00
4.400000000000000000e+01 9.888888888888889284e-01 1.111111111111107164e-02 0.000000000000000000e+00 9.618103585410067158e-01 2.642656912329641866e-02 0.000000000000000000e+00

Residual energy after optimization is 0.002649860806471472 C0x=2.159158892040636 C0z=0.9359685240535893 C0xz=1.0
Optimization procedure took 472.3108596801758 seconds