### PARAMETERS OF THE TIME EVOLUTION ### 
Total time tau = 81
Timestep dt = 1
P = tau/dt = 81
Number of Fourier coefficients Nc = 81

gamma(t) = t/T*(delta_t + \sum_i^Nc gamma_i*f_i(wi, t) 
beta(t) = (1-t/T)*(delta_t + \sum_i^Nc beta_i*f_i(wi, t)

CRAB coefficient   Cz_start// pulses//  Cz_opt  
0.000000000000000000e+00 4.916439949812080989e+00 4.817055980263977411e+00
0.000000000000000000e+00 5.736650925452873651e+01 -1.230321002482708415e-03
0.000000000000000000e+00 2.746834021250226954e+01 4.777929061568161884e-01
0.000000000000000000e+00 4.027721802093199699e+01 -1.162076355967904887e-02
0.000000000000000000e+00 1.331954697337487836e+01 1.104624457731909482e-01
0.000000000000000000e+00 3.573969971626854658e+01 -3.271480723255916750e-03
0.000000000000000000e+00 7.465743846043518772e+01 -7.751245768103873777e-05
0.000000000000000000e+00 4.786817286540676264e+01 1.280584065942466321e+00
0.000000000000000000e+00 2.608378171422040026e+01 -7.763645146021579402e-01
0.000000000000000000e+00 1.904247563460874204e+01 -1.780114823306935490e+00
0.000000000000000000e+00 5.830403495014920168e+01 5.636911511600692240e-04
0.000000000000000000e+00 5.710226596551681411e+01 1.057406920896167366e-03
0.000000000000000000e+00 3.431790948409522457e+01 4.031756827841505297e-02
0.000000000000000000e+00 2.086973848072298576e+00 -4.862932753883729697e-01
0.000000000000000000e+00 1.279377143065856259e+01 4.564607981743672160e-02
0.000000000000000000e+00 2.765674144801878143e+01 3.735630741237384811e+00
0.000000000000000000e+00 2.699325145588882702e+00 -4.471436127597794297e+00
0.000000000000000000e+00 1.239435243948706145e+01 -1.277530425139786763e-01
0.000000000000000000e+00 1.627845967077916711e+01 -2.407783775746948074e-01
0.000000000000000000e+00 2.716936290768857276e+01 -2.526851394894109593e+00
0.000000000000000000e+00 3.236510091981021731e+01 1.464093764837689049e+00
0.000000000000000000e+00 8.456992593465596508e-01 7.319686769997861830e+00
0.000000000000000000e+00 3.229630541021347057e+01 -1.596218860507377713e+00
0.000000000000000000e+00 4.265530310369769040e+01 -2.091385313152055361e-03
0.000000000000000000e+00 2.033993494955977255e+01 -4.935521932188636218e-01
0.000000000000000000e+00 8.914501987765120816e+00 2.494613691605516645e-02
0.000000000000000000e+00 1.983443278498158691e+01 2.785942146783549678e+00
0.000000000000000000e+00 3.076354484115803700e+00 3.729143739552696513e+00
0.000000000000000000e+00 3.995708957198735423e+00 -1.181384362389791942e+00
0.000000000000000000e+00 2.997890940680178140e+00 2.829702737288665393e+00
0.000000000000000000e+00 7.510897988330548003e+01 7.301175653936980221e-05
0.000000000000000000e+00 1.541342477827852520e+01 2.487181552429459930e-01
0.000000000000000000e+00 5.433399604278976724e+00 -5.094888678897012468e+00
0.000000000000000000e+00 1.438640992308455679e+01 -2.033208773963613436e-01
0.000000000000000000e+00 2.490944374697594199e+01 -3.315652410100268010e+00
0.000000000000000000e+00 5.573028712208980551e+01 1.016202220622365387e-04
0.000000000000000000e+00 4.379270874789384749e+01 8.459947317544706455e-03
0.000000000000000000e+00 1.552972746971102502e+01 3.916711835694750010e-01
0.000000000000000000e+00 3.106517655083340301e+01 8.547279764194172236e-01
0.000000000000000000e+00 5.046897651409776309e+00 -2.728814267315021524e+00
0.000000000000000000e+00 2.620769381838979228e+01 2.356530490492432683e+00
0.000000000000000000e+00 3.069726860145703640e+01 -9.869462432486678649e-01
0.000000000000000000e+00 6.100151693185408419e+01 1.415781850601901593e-04
0.000000000000000000e+00 1.763845090076252831e+01 -7.956733667994443371e-01
0.000000000000000000e+00 1.962697925751393413e+01 -2.646618512915847266e+00
0.000000000000000000e+00 7.708897004040508705e+01 -3.270867655389744484e-05
0.000000000000000000e+00 1.892195065552630595e+01 2.400903349151323862e+00
0.000000000000000000e+00 7.567215581236584399e+01 3.683122534737000981e-06
0.000000000000000000e+00 4.725186166511288377e+01 -8.526119347264007886e-03
0.000000000000000000e+00 4.006667753584835623e+01 1.116758967481026182e-02
0.000000000000000000e+00 1.772117418016600254e+01 5.578249285480926245e-01
0.000000000000000000e+00 2.413836750790139973e+01 2.694148122739984941e-01
0.000000000000000000e+00 6.064405081581894308e+01 6.478493907363334361e-05
0.000000000000000000e+00 3.560809347284670690e+00 -2.118186135800984804e+00
0.000000000000000000e+00 8.892246794740408689e+01 5.131750335968640793e-05
0.000000000000000000e+00 2.683689558299669642e+01 2.362689554529373126e+00
0.000000000000000000e+00 2.733237921894685840e+01 -1.713569641954076017e+00
0.000000000000000000e+00 1.765454083487423986e+01 -5.660111073259140868e-01
0.000000000000000000e+00 2.708216215935557258e+01 -1.947879716468227995e+00
0.000000000000000000e+00 1.180873946488591599e+02 -8.930303297270025115e-03
0.000000000000000000e+00 2.523060053712800155e+01 5.947760441158080447e+00
0.000000000000000000e+00 1.599316721936050811e+01 -7.411799932192776330e-01
0.000000000000000000e+00 2.729119080375182804e+01 -2.143351589879460839e+00
0.000000000000000000e+00 5.547335156011961921e+00 4.021701021385298169e+00
0.000000000000000000e+00 1.030732230069171464e+02 -1.688556672858800435e-04
0.000000000000000000e+00 2.928538630046887192e+01 7.861542509759892994e+00
0.000000000000000000e+00 2.920854397478385067e+01 -8.050200446337743898e+00
0.000000000000000000e+00 2.578411142217036911e+01 -5.129137346584324852e+00
0.000000000000000000e+00 4.857579903806642108e+01 -4.542015419563475917e-03
0.000000000000000000e+00 1.689738482525081054e+01 1.007049723402547281e+00
0.000000000000000000e+00 5.305754836333111957e-01 -9.043910257923140961e+00
0.000000000000000000e+00 3.403108929756498213e+01 -5.458048012769386309e-02
0.000000000000000000e+00 2.681226789603870486e+01 2.875521086947620653e+00
0.000000000000000000e+00 4.792825767914206381e+01 8.640310241654729495e+00
0.000000000000000000e+00 4.792072202565922368e+01 -9.909008197181288224e+00
0.000000000000000000e+00 3.767723347690546376e+01 1.546686953991475034e-04
0.000000000000000000e+00 3.652827198193934777e+01 1.018162492120746037e-03
0.000000000000000000e+00 1.167804273784305025e+01 6.057397856682313758e-02
0.000000000000000000e+00 4.136523263604100720e+01 9.159555206827503689e-04
0.000000000000000000e+00 3.911364720870561484e+01 -2.517077044983979592e-03
0.000000000000000000e+00 5.405423048887811177e+01 1.386321341704682436e-05

Amplitudes vs time: t // theta_tt_old // theta_mt_old // alpha_cdt_old//theta_ttdot_old // theta_tt_opt // theta_mt_opt// alpha_cdt_opt// theta_ttdot_opt //  
0.000000000000000000e+00 6.305337203294266238e-03 9.936946627967057077e-01 0.000000000000000000e+00 0.000000000000000000e+00 2.030447900105186720e-02 9.936946627967057077e-01 0.000000000000000000e+00 0.000000000000000000e+00
1.000000000000000000e+00 2.911087134592245385e-02 9.708891286540775045e-01 0.000000000000000000e+00 0.000000000000000000e+00 7.594429545628368639e-02 9.708891286540775045e-01 0.000000000000000000e+00 0.000000000000000000e+00
2.000000000000000000e+00 7.361743665573368400e-02 9.263825633442662744e-01 0.000000000000000000e+00 0.000000000000000000e+00 1.674953273031068446e-01 9.263825633442662744e-01 0.000000000000000000e+00 0.000000000000000000e+00
3.000000000000000000e+00 1.354366507712088108e-01 8.645633492287911892e-01 0.000000000000000000e+00 0.000000000000000000e+00 2.697713540640903629e-01 8.645633492287911892e-01 0.000000000000000000e+00 0.000000000000000000e+00
4.000000000000000000e+00 2.041357977413983116e-01 7.958642022586016607e-01 0.000000000000000000e+00 0.000000000000000000e+00 3.532673270862504711e-01 7.958642022586016607e-01 0.000000000000000000e+00 0.000000000000000000e+00
5.000000000000000000e+00 2.702438599849233958e-01 7.297561400150766042e-01 0.000000000000000000e+00 0.000000000000000000e+00 4.080772876458323983e-01 7.297561400150766042e-01 0.000000000000000000e+00 0.000000000000000000e+00
6.000000000000000000e+00 3.279675816842401170e-01 6.720324183157598830e-01 0.000000000000000000e+00 0.000000000000000000e+00 4.407813099471272200e-01 6.720324183157598830e-01 0.000000000000000000e+00 0.000000000000000000e+00
7.000000000000000000e+00 3.750726859439807992e-01 6.249273140560192008e-01 0.000000000000000000e+00 0.000000000000000000e+00 4.607972947993129731e-01 6.249273140560192008e-01 0.000000000000000000e+00 0.000000000000000000e+00
8.000000000000000000e+00 4.116290768819172996e-01 5.883709231180827004e-01 0.000000000000000000e+00 0.000000000000000000e+00 4.749376990314838620e-01 5.883709231180827004e-01 0.000000000000000000e+00 0.000000000000000000e+00
9.000000000000000000e+00 4.388164293661971360e-01 5.611835706338028640e-01 0.000000000000000000e+00 0.000000000000000000e+00 4.860551988697229819e-01 5.611835706338028640e-01 0.000000000000000000e+00 0.000000000000000000e+00
1.000000000000000000e+01 4.582373737397383850e-01 5.417626262602616150e-01 0.000000000000000000e+00 0.000000000000000000e+00 4.931210981759645562e-01 5.417626262602616150e-01 0.000000000000000000e+00 0.000000000000000000e+00
1.100000000000000000e+01 4.716325038918498525e-01 5.283674961081501475e-01 0.000000000000000000e+00 0.000000000000000000e+00 4.962958304678920518e-01 5.283674961081501475e-01 0.000000000000000000e+00 0.000000000000000000e+00
1.200000000000000000e+01 4.807219473924918551e-01 5.192780526075081449e-01 0.000000000000000000e+00 0.000000000000000000e+00 4.983366599094738447e-01 5.192780526075081449e-01 0.000000000000000000e+00 0.000000000000000000e+00
1.300000000000000000e+01 4.870224469344048845e-01 5.129775530655951155e-01 0.000000000000000000e+00 0.000000000000000000e+00 5.010722112734827816e-01 5.129775530655951155e-01 0.000000000000000000e+00 0.000000000000000000e+00
1.400000000000000000e+01 4.916780357208999641e-01 5.083219642791000359e-01 0.000000000000000000e+00 0.000000000000000000e+00 5.058703927818956059e-01 5.083219642791000359e-01 0.000000000000000000e+00 0.000000000000000000e+00
1.500000000000000000e+01 4.954141615104795671e-01 5.045858384895204329e-01 0.000000000000000000e+00 0.000000000000000000e+00 5.109705728203087771e-01 5.045858384895204329e-01 0.000000000000000000e+00 0.000000000000000000e+00
1.600000000000000000e+01 4.986511407385972872e-01 5.013488592614027128e-01 0.000000000000000000e+00 0.000000000000000000e+00 5.138637989574172948e-01 5.013488592614027128e-01 0.000000000000000000e+00 0.000000000000000000e+00
1.700000000000000000e+01 5.016935631045542632e-01 4.983064368954457368e-01 0.000000000000000000e+00 0.000000000000000000e+00 5.162311407678177311e-01 4.983064368954457368e-01 0.000000000000000000e+00 0.000000000000000000e+00
1.800000000000000000e+01 5.048647694139040132e-01 4.951352305860959868e-01 0.000000000000000000e+00 0.000000000000000000e+00 5.199794703739111235e-01 4.951352305860959868e-01 0.000000000000000000e+00 0.000000000000000000e+00
1.900000000000000000e+01 5.085138429729550991e-01 4.914861570270449009e-01 0.000000000000000000e+00 0.000000000000000000e+00 5.267028131801614332e-01 4.914861570270449009e-01 0.000000000000000000e+00 0.000000000000000000e+00
2.000000000000000000e+01 5.129246999894960801e-01 4.870753000105039199e-01 0.000000000000000000e+00 0.000000000000000000e+00 5.350247287500888849e-01 4.870753000105039199e-01 0.000000000000000000e+00 0.000000000000000000e+00
2.100000000000000000e+01 5.182136847274196878e-01 4.817863152725803122e-01 0.000000000000000000e+00 0.000000000000000000e+00 5.412820486447025292e-01 4.817863152725803122e-01 0.000000000000000000e+00 0.000000000000000000e+00
2.200000000000000000e+01 5.242784337324104538e-01 4.757215662675895462e-01 0.000000000000000000e+00 0.000000000000000000e+00 5.456631785348470265e-01 4.757215662675895462e-01 0.000000000000000000e+00 0.000000000000000000e+00
2.300000000000000000e+01 5.307982343785342394e-01 4.692017656214657606e-01 0.000000000000000000e+00 0.000000000000000000e+00 5.505223227118979379e-01 4.692017656214657606e-01 0.000000000000000000e+00 0.000000000000000000e+00
2.400000000000000000e+01 5.372540290574174815e-01 4.627459709425825185e-01 0.000000000000000000e+00 0.000000000000000000e+00 5.530636023693417114e-01 4.627459709425825185e-01 0.000000000000000000e+00 0.000000000000000000e+00
2.500000000000000000e+01 5.429619801473082319e-01 4.570380198526917681e-01 0.000000000000000000e+00 0.000000000000000000e+00 5.516092528083418323e-01 4.570380198526917681e-01 0.000000000000000000e+00 0.000000000000000000e+00
2.600000000000000000e+01 5.471587067990401065e-01 4.528412932009598935e-01 0.000000000000000000e+00 0.000000000000000000e+00 5.466963506778467208e-01 4.528412932009598935e-01 0.000000000000000000e+00 0.000000000000000000e+00
2.700000000000000000e+01 5.491747771451193083e-01 4.508252228548806917e-01 0.000000000000000000e+00 0.000000000000000000e+00 5.404189596738679935e-01 4.508252228548806917e-01 0.000000000000000000e+00 0.000000000000000000e+00
2.800000000000000000e+01 5.486650906279435524e-01 4.513349093720564476e-01 0.000000000000000000e+00 0.000000000000000000e+00 5.347882244057811096e-01 4.513349093720564476e-01 0.000000000000000000e+00 0.000000000000000000e+00
2.900000000000000000e+01 5.457820557627333091e-01 4.542179442372666909e-01 0.000000000000000000e+00 0.000000000000000000e+00 5.288676746234872716e-01 4.542179442372666909e-01 0.000000000000000000e+00 0.000000000000000000e+00
3.000000000000000000e+01 5.411629902141917858e-01 4.588370097858082142e-01 0.000000000000000000e+00 0.000000000000000000e+00 5.225243615583141654e-01 4.588370097858082142e-01 0.000000000000000000e+00 0.000000000000000000e+00
3.100000000000000000e+01 5.356941640714582009e-01 4.643058359285417991e-01 0.000000000000000000e+00 0.000000000000000000e+00 5.170160796160258032e-01 4.643058359285417991e-01 0.000000000000000000e+00 0.000000000000000000e+00
3.200000000000000000e+01 5.301579443369055511e-01 4.698420556630944489e-01 0.000000000000000000e+00 0.000000000000000000e+00 5.126027142499796074e-01 4.698420556630944489e-01 0.000000000000000000e+00 0.000000000000000000e+00
3.300000000000000000e+01 5.249580439982155511e-01 4.750419560017844489e-01 0.000000000000000000e+00 0.000000000000000000e+00 5.077310211508303528e-01 4.750419560017844489e-01 0.000000000000000000e+00 0.000000000000000000e+00
3.400000000000000000e+01 5.200742505704054608e-01 4.799257494295945392e-01 0.000000000000000000e+00 0.000000000000000000e+00 5.017450286356937017e-01 4.799257494295945392e-01 0.000000000000000000e+00 0.000000000000000000e+00
3.500000000000000000e+01 5.152461672364264667e-01 4.847538327635735333e-01 0.000000000000000000e+00 0.000000000000000000e+00 4.948762408739744711e-01 4.847538327635735333e-01 0.000000000000000000e+00 0.000000000000000000e+00
3.600000000000000000e+01 5.102377277678760148e-01 4.897622722321239852e-01 0.000000000000000000e+00 0.000000000000000000e+00 4.894257461753494520e-01 4.897622722321239852e-01 0.000000000000000000e+00 0.000000000000000000e+00
3.700000000000000000e+01 5.050027920848767504e-01 4.949972079151232496e-01 0.000000000000000000e+00 0.000000000000000000e+00 4.859124050042900045e-01 4.949972079151232496e-01 0.000000000000000000e+00 0.000000000000000000e+00
3.800000000000000000e+01 4.996764021751464724e-01 5.003235978248534721e-01 0.000000000000000000e+00 0.000000000000000000e+00 4.834376224610900663e-01 5.003235978248534721e-01 0.000000000000000000e+00 0.000000000000000000e+00
3.900000000000000000e+01 4.944649978835740090e-01 5.055350021164259910e-01 0.000000000000000000e+00 0.000000000000000000e+00 4.804183498383251538e-01 5.055350021164259910e-01 0.000000000000000000e+00 0.000000000000000000e+00
4.000000000000000000e+01 4.895757778727700682e-01 5.104242221272299318e-01 0.000000000000000000e+00 0.000000000000000000e+00 4.774922704528399287e-01 5.104242221272299318e-01 0.000000000000000000e+00 0.000000000000000000e+00
4.100000000000000000e+01 4.852569320114953344e-01 5.147430679885046656e-01 0.000000000000000000e+00 0.000000000000000000e+00 4.773204539849059125e-01 5.147430679885046656e-01 0.000000000000000000e+00 0.000000000000000000e+00
4.200000000000000000e+01 4.818836482756703732e-01 5.181163517243296823e-01 0.000000000000000000e+00 0.000000000000000000e+00 4.813182286944868715e-01 5.181163517243296823e-01 0.000000000000000000e+00 0.000000000000000000e+00
4.300000000000000000e+01 4.799505583750376392e-01 5.200494416249623608e-01 0.000000000000000000e+00 0.000000000000000000e+00 4.879264697117083327e-01 5.200494416249623608e-01 0.000000000000000000e+00 0.000000000000000000e+00
4.400000000000000000e+01 4.798985675801834550e-01 5.201014324198165450e-01 0.000000000000000000e+00 0.000000000000000000e+00 4.931304340337435699e-01 5.201014324198165450e-01 0.000000000000000000e+00 0.000000000000000000e+00
4.500000000000000000e+01 4.818638267656029650e-01 5.181361732343969795e-01 0.000000000000000000e+00 0.000000000000000000e+00 4.965614090147223991e-01 5.181361732343969795e-01 0.000000000000000000e+00 0.000000000000000000e+00
4.600000000000000000e+01 4.855464343586346487e-01 5.144535656413653513e-01 0.000000000000000000e+00 0.000000000000000000e+00 5.017083519210708831e-01 5.144535656413653513e-01 0.000000000000000000e+00 0.000000000000000000e+00
4.700000000000000000e+01 4.903423351283457410e-01 5.096576648716542035e-01 0.000000000000000000e+00 0.000000000000000000e+00 5.092805144409304763e-01 5.096576648716542035e-01 0.000000000000000000e+00 0.000000000000000000e+00
4.800000000000000000e+01 4.956861001088648244e-01 5.043138998911351756e-01 0.000000000000000000e+00 0.000000000000000000e+00 5.181527868418434046e-01 5.043138998911351756e-01 0.000000000000000000e+00 0.000000000000000000e+00
4.900000000000000000e+01 5.013691899626724346e-01 4.986308100373275654e-01 0.000000000000000000e+00 0.000000000000000000e+00 5.275561080922461787e-01 4.986308100373275654e-01 0.000000000000000000e+00 0.000000000000000000e+00
5.000000000000000000e+01 5.075913946528821663e-01 4.924086053471178337e-01 0.000000000000000000e+00 0.000000000000000000e+00 5.357186979292914986e-01 4.924086053471178337e-01 0.000000000000000000e+00 0.000000000000000000e+00
5.100000000000000000e+01 5.147005786649145875e-01 4.852994213350854125e-01 0.000000000000000000e+00 0.000000000000000000e+00 5.437248420909359670e-01 4.852994213350854125e-01 0.000000000000000000e+00 0.000000000000000000e+00
5.200000000000000000e+01 5.228299955910147290e-01 4.771700044089852710e-01 0.000000000000000000e+00 0.000000000000000000e+00 5.536206311410442060e-01 4.771700044089852710e-01 0.000000000000000000e+00 0.000000000000000000e+00
5.300000000000000000e+01 5.317394936325519073e-01 4.682605063674480927e-01 0.000000000000000000e+00 0.000000000000000000e+00 5.641651537489151824e-01 4.682605063674480927e-01 0.000000000000000000e+00 0.000000000000000000e+00
5.400000000000000000e+01 5.410066109356150843e-01 4.589933890643849157e-01 0.000000000000000000e+00 0.000000000000000000e+00 5.744186026625630603e-01 4.589933890643849157e-01 0.000000000000000000e+00 0.000000000000000000e+00
5.500000000000000000e+01 5.504093426388800836e-01 4.495906573611199164e-01 0.000000000000000000e+00 0.000000000000000000e+00 5.837272590818212148e-01 4.495906573611199164e-01 0.000000000000000000e+00 0.000000000000000000e+00
5.600000000000000000e+01 5.601469206856467542e-01 4.398530793143532458e-01 0.000000000000000000e+00 0.000000000000000000e+00 5.916032901091282659e-01 4.398530793143532458e-01 0.000000000000000000e+00 0.000000000000000000e+00
5.700000000000000000e+01 5.706461672834162169e-01 4.293538327165837831e-01 0.000000000000000000e+00 0.000000000000000000e+00 5.985002082227964815e-01 4.293538327165837831e-01 0.000000000000000000e+00 0.000000000000000000e+00
5.800000000000000000e+01 5.820502712014350433e-01 4.179497287985649567e-01 0.000000000000000000e+00 0.000000000000000000e+00 6.037123888478302947e-01 4.179497287985649567e-01 0.000000000000000000e+00 0.000000000000000000e+00
5.900000000000000000e+01 5.938109140805412078e-01 4.061890859194587922e-01 0.000000000000000000e+00 0.000000000000000000e+00 6.071796057956808657e-01 4.061890859194587922e-01 0.000000000000000000e+00 0.000000000000000000e+00
6.000000000000000000e+01 6.048118729788173331e-01 3.951881270211826669e-01 0.000000000000000000e+00 0.000000000000000000e+00 6.092053432336254071e-01 3.951881270211826669e-01 0.000000000000000000e+00 0.000000000000000000e+00
6.100000000000000000e+01 6.140805087769329873e-01 3.859194912230670127e-01 0.000000000000000000e+00 0.000000000000000000e+00 6.129083310416448827e-01 3.859194912230670127e-01 0.000000000000000000e+00 0.000000000000000000e+00
6.200000000000000000e+01 6.216455855632274652e-01 3.783544144367725348e-01 0.000000000000000000e+00 0.000000000000000000e+00 6.217331566175915425e-01 3.783544144367725348e-01 0.000000000000000000e+00 0.000000000000000000e+00
6.300000000000000000e+01 6.288746213108884486e-01 3.711253786891115514e-01 0.000000000000000000e+00 0.000000000000000000e+00 6.348831145642891416e-01 3.711253786891115514e-01 0.000000000000000000e+00 0.000000000000000000e+00
6.400000000000000000e+01 6.379052618763277893e-01 3.620947381236722107e-01 0.000000000000000000e+00 0.000000000000000000e+00 6.470134303560791666e-01 3.620947381236722107e-01 0.000000000000000000e+00 0.000000000000000000e+00
6.500000000000000000e+01 6.504273285284072337e-01 3.495726714715927663e-01 0.000000000000000000e+00 0.000000000000000000e+00 6.540357255814274184e-01 3.495726714715927663e-01 0.000000000000000000e+00 0.000000000000000000e+00
6.600000000000000000e+01 6.666184399017289763e-01 3.333815600982710237e-01 0.000000000000000000e+00 0.000000000000000000e+00 6.566155510513986826e-01 3.333815600982710237e-01 0.000000000000000000e+00 0.000000000000000000e+00
6.700000000000000000e+01 6.850446327240937716e-01 3.149553672759062284e-01 0.000000000000000000e+00 0.000000000000000000e+00 6.601031299581895384e-01 3.149553672759062284e-01 0.000000000000000000e+00 0.000000000000000000e+00
6.800000000000000000e+01 7.037306686827122792e-01 2.962693313172877208e-01 0.000000000000000000e+00 0.000000000000000000e+00 6.662581112619857526e-01 2.962693313172877208e-01 0.000000000000000000e+00 0.000000000000000000e+00
6.900000000000000000e+01 7.217681836992221323e-01 2.782318163007778677e-01 0.000000000000000000e+00 0.000000000000000000e+00 6.744053857423335518e-01 2.782318163007778677e-01 0.000000000000000000e+00 0.000000000000000000e+00
7.000000000000000000e+01 7.403611431715035884e-01 2.596388568284964116e-01 0.000000000000000000e+00 0.000000000000000000e+00 6.866944491849251708e-01 2.596388568284964116e-01 0.000000000000000000e+00 0.000000000000000000e+00
7.100000000000000000e+01 7.624835723343232896e-01 2.375164276656767104e-01 0.000000000000000000e+00 0.000000000000000000e+00 7.036543587906525232e-01 2.375164276656767104e-01 0.000000000000000000e+00 0.000000000000000000e+00
7.200000000000000000e+01 7.912032248530860290e-01 2.087967751469139710e-01 0.000000000000000000e+00 0.000000000000000000e+00 7.212827426573661382e-01 2.087967751469139710e-01 0.000000000000000000e+00 0.000000000000000000e+00
7.300000000000000000e+01 8.276228726189336360e-01 1.723771273810663640e-01 0.000000000000000000e+00 0.000000000000000000e+00 7.339452279938682988e-01 1.723771273810663640e-01 0.000000000000000000e+00 0.000000000000000000e+00
7.400000000000000000e+01 8.696882916739104852e-01 1.303117083260895148e-01 0.000000000000000000e+00 0.000000000000000000e+00 7.518584391744624895e-01 1.303117083260895148e-01 0.000000000000000000e+00 0.000000000000000000e+00
7.500000000000000000e+01 9.125990124396478054e-01 8.740098756035219463e-02 0.000000000000000000e+00 0.000000000000000000e+00 7.891750477446015655e-01 8.740098756035219463e-02 0.000000000000000000e+00 0.000000000000000000e+00
7.600000000000000000e+01 9.505885230330427538e-01 4.941147696695724623e-02 0.000000000000000000e+00 0.000000000000000000e+00 8.333876436556000300e-01 4.941147696695724623e-02 0.000000000000000000e+00 0.000000000000000000e+00
7.700000000000000000e+01 9.790748827753424921e-01 2.092511722465750790e-02 0.000000000000000000e+00 0.000000000000000000e+00 8.702060313027365490e-01 2.092511722465750790e-02 0.000000000000000000e+00 0.000000000000000000e+00
7.800000000000000000e+01 9.961076465665935631e-01 3.892353433406436913e-03 0.000000000000000000e+00 0.000000000000000000e+00 9.105236317066743856e-01 3.892353433406436913e-03 0.000000000000000000e+00 0.000000000000000000e+00
7.900000000000000000e+01 1.002625288045106089e+00 -2.625288045106088930e-03 0.000000000000000000e+00 0.000000000000000000e+00 9.548969493360561778e-01 -2.625288045106088930e-03 0.000000000000000000e+00 0.000000000000000000e+00
8.000000000000000000e+01 1.001797810790650889e+00 -1.797810790650888890e-03 0.000000000000000000e+00 0.000000000000000000e+00 9.878856206798930506e-01 -1.797810790650888890e-03 0.000000000000000000e+00 0.000000000000000000e+00

Residual energy after optimization is 0.0007797939955529711
Optimization procedure took 682.7543032169342 seconds